-364.092
-364.092
-364.092
-364.092
-364.092
-364.092
-364.092
-364.092
-364.092
-364.092
-364.092
-364.092
-364.092
-364.092
-364.092
-364.092
-364.092
-364.092
-364.092
-364.092
-364.092
-364.092
-364.092
-364.092
-364.092
-364.092
-364.092
-364.092
-364.092
-364.092
-364.092
-364.092
-364.092
-364.092
-364.092
-364.092
-364.092
-364.092
-364.092
-364.092
-364.092
-364.092
-364.092
-364.092
-364.092
-364.092
-364.092
-364.092
-364.092
-460.755
-539.163
-598.927
-648.043
-686.528
-717.757
-740.851
-756.381
-770.852
-783.945
-792.169
-800.778
-815.005
-817.939
-819.373
-820.416
-812.155
-800.463
-786.345
-769.231
-749.889
-726.284
-700.596
-667.951
-633.162
-602.24
-575.883
-549.529
-525.849
-503.005
-482.268
-463.964
-442.931
-424.922
-407.036
-389.101
-373.113
-358.326
-344.014
-330.393
-318.012
-307.046
-295.299
-285.688
-276.464
-270.779
-261.733
-255.297
-252.39
-249.737
-247.668
-245.947
-246.451
-250.791
-257.237
-266.411
-277.877
-293.932
-312.941
-338.534
-338.321
-338.155
-338.097
-338.104
-338.527
-339.676
-341.241
-343.344
-345.914
-349.397
-353.496
-358.924
-358.886
-358.857
-358.849
-358.856
-358.944
-359.176
-359.492
-359.915
-360.433
-361.135
-361.962
-363.057
-363.049
-363.043
-363.042
-363.043
-363.061
-363.108
-363.171
-363.255
-363.359
-363.5
-363.665
-363.885
-363.883
-363.882
-363.882
-363.882
-363.886
-363.895
-363.907
-363.924
-363.945
-363.973
-364.006
-364.05
-348.05
-332.197
-318.244
-304.862
-292.883
-281.817
-272.427
-265.1
-257.384
-249.473
-243.076
-235.932
-226.075
-221.125
-216.469
-211.774
-212.252
-214.955
-219.425
-226.236
-235.161
-247.614
-262.369
-283.228
-307.421
-329.811
-349.631
-370.547
-390.177
-409.987
-428.804
-446.173
-467.044
-485.773
-505.228
-525.651
-544.89
-563.492
-582.376
-601.208
-619.373
-636.317
-655.099
-671.713
-688.463
-700.695
-718.535
-733.118
-742.029
-750.783
-758.483
-765.576
-768.075
-761.645
-748.913
-727.096
-695.242
-644.569
-574.545
-466.57
-467.475
-468.179
-468.446
-468.421
-466.857
-462.587
-456.629
-448.467
-438.27
-424.277
-407.445
-384.902
-385.048
-385.155
-385.173
-385.138
-384.777
-383.849
-382.585
-380.888
-378.806
-375.986
-372.65
-368.23
-368.261
-368.284
-368.289
-368.284
-368.213
-368.028
-367.776
-367.438
-367.023
-366.462
-365.799
-364.922
-364.93
-364.936
-364.938
-364.938
-364.925
-364.888
-364.838
-364.771
-364.688
-364.576
-364.443
-364.267
-364.268
-364.269
-364.269
-364.268
-364.265
-364.257
-364.247
-364.233
-364.216
-364.193
-364.166
-364.13
-364.13
-364.13
-364.129
-364.128
-364.127
-364.125
-364.122
-364.118
-364.114
-364.108
-364.101
-364.092
-364.092
-364.092
-364.092
-364.092
-364.092
-364.092
-364.092
-364.092
-364.092
-364.092
-364.092
-364.092
-364.092
-364.092
-364.092
-364.092
-364.092
-364.092
-364.092
-364.092
-364.092
-364.092
-364.092
-364.092
-364.092
-364.092
-364.092
-364.092
-364.092
-364.092
-364.092
-364.092
-364.092
-364.092
-364.092
-364.092
-364.092
-364.092
-364.092
-364.092
-364.092
-364.092
-364.092
-364.092
-364.092
-364.092
-364.092
-364.092
-364.092
-364.092
-364.092
-364.092
-364.092
-364.092
-364.092
-364.092
-364.092
-364.092
-364.092
-364.092
-460.755
-539.163
-598.927
-648.043
-686.528
-717.757
-740.851
-756.381
-770.852
-783.945
-792.169
-800.778
-815.005
-817.939
-819.373
-820.416
-812.155
-800.463
-786.345
-769.231
-749.889
-726.284
-700.596
-667.951
-633.162
-602.24
-575.883
-549.529
-525.849
-503.005
-482.268
-463.964
-442.931
-424.922
-407.036
-389.101
-373.113
-358.326
-344.014
-330.393
-318.012
-307.046
-295.299
-285.688
-276.464
-270.779
-261.733
-255.297
-252.39
-249.737
-247.668
-245.947
-246.451
-250.791
-257.237
-266.411
-277.877
-293.932
-312.941
-338.534
-338.321
-338.155
-338.097
-338.104
-338.527
-339.676
-341.241
-343.344
-345.914
-349.397
-353.496
-358.924
-358.886
-358.857
-358.849
-358.856
-358.944
-359.176
-359.492
-359.915
-360.433
-361.135
-361.962
-363.057
-363.049
-363.043
-363.042
-363.043
-363.061
-363.108
-363.171
-363.255
-363.359
-363.5
-363.665
-363.885
-363.883
-363.882
-363.882
-363.882
-363.886
-363.895
-363.907
-363.924
-363.945
-363.973
-364.006
-364.05
-348.05
-332.197
-318.244
-304.862
-292.883
-281.817
-272.427
-265.1
-257.384
-249.473
-243.076
-235.932
-226.075
-221.125
-216.469
-211.774
-212.252
-214.955
-219.425
-226.236
-235.161
-247.614
-262.369
-283.228
-307.421
-329.811
-349.631
-370.547
-390.177
-409.987
-428.804
-446.173
-467.044
-485.773
-505.228
-525.651
-544.89
-563.492
-582.376
-601.208
-619.373
-636.317
-655.099
-671.713
-688.463
-700.695
-718.535
-733.118
-742.029
-750.783
-758.483
-765.576
-768.075
-761.645
-748.913
-727.096
-695.242
-644.569
-574.545
-466.57
-467.475
-468.179
-468.446
-468.421
-466.857
-462.587
-456.629
-448.467
-438.27
-424.277
-407.445
-384.902
-385.048
-385.155
-385.173
-385.138
-384.777
-383.849
-382.585
-380.888
-378.806
-375.986
-372.65
-368.23
-368.261
-368.284
-368.289
-368.284
-368.213
-368.028
-367.776
-367.438
-367.023
-366.462
-365.799
-364.922
-364.93
-364.936
-364.938
-364.938
-364.925
-364.888
-364.838
-364.771
-364.688
-364.576
-364.443
-364.267
-364.268
-364.269
-364.269
-364.268
-364.265
-364.257
-364.247
-364.233
-364.216
-364.193
-364.166
-364.13
-364.13
-364.13
-364.129
-364.128
-364.127
-364.125
-364.122
-364.118
-364.114
-364.108
-364.101
-364.092
-364.092
-364.092
-364.092
-364.092
-364.092
-364.092
-364.092
-364.092
-364.092
-364.092
-364.092
-364.092
-364.092
-364.092
-364.092
-364.092
-364.092
-364.092
-364.092
-364.092
-364.092
-364.092
-364.092
-364.092
-364.092
-364.092
-364.092
-364.092
-364.092
-364.092
-364.092
-364.092
-364.092
-364.092
-364.092
-364.092
-364.092
-364.092
-364.092
-364.092
-364.092
-364.092
-364.092
-364.092
-364.092
-364.092
-364.092
-364.092
-364.092
-364.092
-364.092
-364.092
-364.092
-364.092
-364.092
-364.092
-364.092
-364.092
-364.092
-364.092
-460.755
-539.163
-598.927
-648.043
-686.528
-717.757
-740.851
-756.381
-770.852
-783.945
-792.169
-800.778
-815.005
-817.939
-819.373
-820.416
-812.155
-800.463
-786.345
-769.231
-749.889
-726.284
-700.596
-667.951
-633.162
-602.24
-575.883
-549.529
-525.849
-503.005
-482.268
-463.964
-442.931
-424.922
-407.036
-389.101
-373.113
-358.326
-344.014
-330.393
-318.012
-307.046
-295.299
-285.688
-276.464
-270.779
-261.733
-255.297
-252.39
-249.737
-247.668
-245.947
-246.451
-250.791
-257.237
-266.411
-277.877
-293.932
-312.941
-338.534
-338.321
-338.155
-338.097
-338.104
-338.527
-339.676
-341.241
-343.344
-345.914
-349.397
-353.496
-358.924
-358.886
-358.857
-358.849
-358.856
-358.944
-359.176
-359.492
-359.915
-360.433
-361.135
-361.962
-363.057
-363.049
-363.043
-363.042
-363.043
-363.061
-363.108
-363.171
-363.255
-363.359
-363.5
-363.665
-363.885
-363.883
-363.882
-363.882
-363.882
-363.886
-363.895
-363.907
-363.924
-363.945
-363.973
-364.006
-364.05
-348.05
-332.197
-318.244
-304.862
-292.883
-281.817
-272.427
-265.1
-257.384
-249.473
-243.076
-235.932
-226.075
-221.125
-216.469
-211.774
-212.252
-214.955
-219.425
-226.236
-235.161
-247.614
-262.369
-283.228
-307.421
-329.811
-349.631
-370.547
-390.177
-409.987
-428.804
-446.173
-467.044
-485.773
-505.228
-525.651
-544.89
-563.492
-582.376
-601.208
-619.373
-636.317
-655.099
-671.713
-688.463
-700.695
-718.535
-733.118
-742.029
-750.783
-758.483
-765.576
-768.075
-761.645
-748.913
-727.096
-695.242
-644.569
-574.545
-466.57
-467.475
-468.179
-468.446
-468.421
-466.857
-462.587
-456.629
-448.467
-438.27
-424.277
-407.445
-384.902
-385.048
-385.155
-385.173
-385.138
-384.777
-383.849
-382.585
-380.888
-378.806
-375.986
-372.65
-368.23
-368.261
-368.284
-368.289
-368.284
-368.213
-368.028
-367.776
-367.438
-367.023
-366.462
-365.799
-364.922
-364.93
-364.936
-364.938
-364.938
-364.925
-364.888
-364.838
-364.771
-364.688
-364.576
-364.443
-364.267
-364.268
-364.269
-364.269
-364.268
-364.265
-364.257
-364.247
-364.233
-364.216
-364.193
-364.166
-364.13
-364.13
-364.13
-364.129
-364.128
-364.127
-364.125
-364.122
-364.118
-364.114
-364.108
-364.101
-364.092
-364.092
-364.092
-364.092
-364.092
-364.092
-364.092
-364.092
-364.092
-364.092
-364.092
-364.092
-364.092
-364.092
-364.092
-364.092
-364.092
-364.092
-364.092
-364.092
-364.092
-364.092
-364.092
-364.092
-364.092
-364.092
-364.092
-364.092
-364.092
-364.092
-364.092
-364.092
-364.092
-364.092
-364.092
-364.092
-364.092
-364.092
-364.092
-364.092
-364.092
-364.092
-364.092
-364.092
-364.092
-364.092
-364.092
-364.092
-364.092
-364.092
-364.092
-364.092
-364.092
-364.092
-364.092
-364.092
-364.092
-364.092
-364.092
-364.092
-364.092
-460.755
-539.163
-598.927
-648.043
-686.528
-717.757
-740.851
-756.381
-770.852
-783.945
-792.169
-800.778
-815.005
-817.939
-819.373
-820.416
-812.155
-800.463
-786.345
-769.231
-749.889
-726.284
-700.596
-667.951
-633.162
-602.24
-575.883
-549.529
-525.849
-503.005
-482.268
-463.964
-442.931
-424.922
-407.036
-389.101
-373.113
-358.326
-344.014
-330.393
-318.012
-307.046
-295.299
-285.688
-276.464
-270.779
-261.733
-255.297
-252.39
-249.737
-247.668
-245.947
-246.451
-250.791
-257.237
-266.411
-277.877
-293.932
-312.941
-338.534
-338.321
-338.155
-338.097
-338.104
-338.527
-339.676
-341.241
-343.344
-345.914
-349.397
-353.496
-358.924
-358.886
-358.857
-358.849
-358.856
-358.944
-359.176
-359.492
-359.915
-360.433
-361.135
-361.962
-363.057
-363.049
-363.043
-363.042
-363.043
-363.061
-363.108
-363.171
-363.255
-363.359
-363.5
-363.665
-363.885
-363.883
-363.882
-363.882
-363.882
-363.886
-363.895
-363.907
-363.924
-363.945
-363.973
-364.006
-364.05
-348.05
-332.197
-318.244
-304.862
-292.883
-281.817
-272.427
-265.1
-257.384
-249.473
-243.076
-235.932
-226.075
-221.125
-216.469
-211.774
-212.252
-214.955
-219.425
-226.236
-235.161
-247.614
-262.369
-283.228
-307.421
-329.811
-349.631
-370.547
-390.177
-409.987
-428.804
-446.173
-467.044
-485.773
-505.228
-525.651
-544.89
-563.492
-582.376
-601.208
-619.373
-636.317
-655.099
-671.713
-688.463
-700.695
-718.535
-733.118
-742.029
-750.783
-758.483
-765.576
-768.075
-761.645
-748.913
-727.096
-695.242
-644.569
-574.545
-466.57
-467.475
-468.179
-468.446
-468.421
-466.857
-462.587
-456.629
-448.467
-438.27
-424.277
-407.445
-384.902
-385.048
-385.155
-385.173
-385.138
-384.777
-383.849
-382.585
-380.888
-378.806
-375.986
-372.65
-368.23
-368.261
-368.284
-368.289
-368.284
-368.213
-368.028
-367.776
-367.438
-367.023
-366.462
-365.799
-364.922
-364.93
-364.936
-364.938
-364.938
-364.925
-364.888
-364.838
-364.771
-364.688
-364.576
-364.443
-364.267
-364.268
-364.269
-364.269
-364.268
-364.265
-364.257
-364.247
-364.233
-364.216
-364.193
-364.166
-364.13
-364.13
-364.13
-364.129
-364.128
-364.127
-364.125
-364.122
-364.118
-364.114
-364.108
-364.101
-364.092
-364.092
-364.092
-364.092
-364.092
-364.092
-364.092
-364.092
-364.092
-364.092
-364.092
-364.092
-364.092
-364.092
-364.092
-364.092
-364.092
-364.092
-364.092
-364.092
-364.092
-364.092
-364.092
-364.092
-364.092
-364.092
-364.092
-364.092
-364.092
-364.092
-364.092
-364.092
-364.092
-364.092
-364.092
-364.092
-364.092
-364.092
-364.092
-364.092
-364.092
-364.092
-364.092
-364.092
-364.092
-364.092
-364.092
-364.092
-364.092
-364.092
-364.092
-364.092
-364.092
-364.092
-364.092
-364.092
-364.092
-364.092
-364.092
-364.092
-364.092
-460.755
-539.163
-598.927
-648.043
-686.528
-717.757
-740.851
-756.381
-770.852
-783.945
-792.169
-800.778
-815.005
-817.939
-819.373
-820.416
-812.155
-800.463
-786.345
-769.231
-749.889
-726.284
-700.596
-667.951
-633.162
-602.24
-575.883
-549.529
-525.849
-503.005
-482.268
-463.964
-442.931
-424.922
-407.036
-389.101
-373.113
-358.326
-344.014
-330.393
-318.012
-307.046
-295.299
-285.688
-276.464
-270.779
-261.733
-255.297
-252.39
-249.737
-247.668
-245.947
-246.451
-250.791
-257.237
-266.411
-277.877
-293.932
-312.941
-338.534
-338.321
-338.155
-338.097
-338.104
-338.527
-339.676
-341.241
-343.344
-345.914
-349.397
-353.496
-358.924
-358.886
-358.857
-358.849
-358.856
-358.944
-359.176
-359.492
-359.915
-360.433
-361.135
-361.962
-363.057
-363.049
-363.043
-363.042
-363.043
-363.061
-363.108
-363.171
-363.255
-363.359
-363.5
-363.665
-363.885
-363.883
-363.882
-363.882
-363.882
-363.886
-363.895
-363.907
-363.924
-363.945
-363.973
-364.006
-364.05
-348.05
-332.197
-318.244
-304.862
-292.883
-281.817
-272.427
-265.1
-257.384
-249.473
-243.076
-235.932
-226.075
-221.125
-216.469
-211.774
-212.252
-214.955
-219.425
-226.236
-235.161
-247.614
-262.369
-283.228
-307.421
-329.811
-349.631
-370.547
-390.177
-409.987
-428.804
-446.173
-467.044
-485.773
-505.228
-525.651
-544.89
-563.492
-582.376
-601.208
-619.373
-636.317
-655.099
-671.713
-688.463
-700.695
-718.535
-733.118
-742.029
-750.783
-758.483
-765.576
-768.075
-761.645
-748.913
-727.096
-695.242
-644.569
-574.545
-466.57
-467.475
-468.179
-468.446
-468.421
-466.857
-462.587
-456.629
-448.467
-438.27
-424.277
-407.445
-384.902
-385.048
-385.155
-385.173
-385.138
-384.777
-383.849
-382.585
-380.888
-378.806
-375.986
-372.65
-368.23
-368.261
-368.284
-368.289
-368.284
-368.213
-368.028
-367.776
-367.438
-367.023
-366.462
-365.799
-364.922
-364.93
-364.936
-364.938
-364.938
-364.925
-364.888
-364.838
-364.771
-364.688
-364.576
-364.443
-364.267
-364.268
-364.269
-364.269
-364.268
-364.265
-364.257
-364.247
-364.233
-364.216
-364.193
-364.166
-364.13
-364.13
-364.13
-364.129
-364.128
-364.127
-364.125
-364.122
-364.118
-364.114
-364.108
-364.101
-364.092
-364.092
-364.092
-364.092
-364.092
-364.092
-364.092
-364.092
-364.092
-364.092
-364.092
-364.092
-364.092
-364.092
-364.092
-364.092
-364.092
-364.092
-364.092
-364.092
-364.092
-364.092
-364.092
-364.092
-364.092
-364.092
-364.092
-364.092
-364.092
-364.092
-364.092
-364.092
-364.092
-364.092
-364.092
-364.092
-364.092
-364.092
-364.092
-364.092
-364.092
-364.092
-364.092
-364.092
-364.092
-364.092
-364.092
-364.092
-364.092
-364.092
-364.092
-364.092
-364.092
-364.092
-364.092
-364.092
-364.092
-364.092
-364.092
-364.092
-364.092
-460.755
-539.163
-598.927
-648.043
-686.528
-717.757
-740.851
-756.381
-770.852
-783.945
-792.169
-800.778
-815.005
-817.939
-819.373
-820.416
-812.155
-800.463
-786.345
-769.231
-749.889
-726.284
-700.596
-667.951
-633.162
-602.24
-575.883
-549.529
-525.849
-503.005
-482.268
-463.964
-442.931
-424.922
-407.036
-389.101
-373.113
-358.326
-344.014
-330.393
-318.012
-307.046
-295.299
-285.688
-276.464
-270.779
-261.733
-255.297
-252.39
-249.737
-247.668
-245.947
-246.451
-250.791
-257.237
-266.411
-277.877
-293.932
-312.941
-338.534
-338.321
-338.155
-338.097
-338.104
-338.527
-339.676
-341.241
-343.344
-345.914
-349.397
-353.496
-358.924
-358.886
-358.857
-358.849
-358.856
-358.944
-359.176
-359.492
-359.915
-360.433
-361.135
-361.962
-363.057
-363.049
-363.043
-363.042
-363.043
-363.061
-363.108
-363.171
-363.255
-363.359
-363.5
-363.665
-363.885
-363.883
-363.882
-363.882
-363.882
-363.886
-363.895
-363.907
-363.924
-363.945
-363.973
-364.006
-364.05
-348.05
-332.197
-318.244
-304.862
-292.883
-281.817
-272.427
-265.1
-257.384
-249.473
-243.076
-235.932
-226.075
-221.125
-216.469
-211.774
-212.252
-214.955
-219.425
-226.236
-235.161
-247.614
-262.369
-283.228
-307.421
-329.811
-349.631
-370.547
-390.177
-409.987
-428.804
-446.173
-467.044
-485.773
-505.228
-525.651
-544.89
-563.492
-582.376
-601.208
-619.373
-636.317
-655.099
-671.713
-688.463
-700.695
-718.535
-733.118
-742.029
-750.783
-758.483
-765.576
-768.075
-761.645
-748.913
-727.096
-695.242
-644.569
-574.545
-466.57
-467.475
-468.179
-468.446
-468.421
-466.857
-462.587
-456.629
-448.467
-438.27
-424.277
-407.445
-384.902
-385.048
-385.155
-385.173
-385.138
-384.777
-383.849
-382.585
-380.888
-378.806
-375.986
-372.65
-368.23
-368.261
-368.284
-368.289
-368.284
-368.213
-368.028
-367.776
-367.438
-367.023
-366.462
-365.799
-364.922
-364.93
-364.936
-364.938
-364.938
-364.925
-364.888
-364.838
-364.771
-364.688
-364.576
-364.443
-364.267
-364.268
-364.269
-364.269
-364.268
-364.265
-364.257
-364.247
-364.233
-364.216
-364.193
-364.166
-364.13
-364.13
-364.13
-364.129
-364.128
-364.127
-364.125
-364.122
-364.118
-364.114
-364.108
-364.101
-364.092
-364.092
-364.092
-364.092
-364.092
-364.092
-364.092
-364.092
-364.092
-364.092
-364.092
-364.092
-364.092
-364.092
-364.092
-364.092
-364.092
-364.092
-364.092
-364.092
-364.092
-364.092
-364.092
-364.092
-364.092
-364.092
-364.092
-364.092
-364.092
-364.092
-364.092
-364.092
-364.092
-364.092
-364.092
-364.092
-364.092
-364.092
-364.092
-364.092
-364.092
-364.092
-364.092
-364.092
-364.092
-364.092
-364.092
-364.092
-364.092
-364.092
-364.092
-364.092
-364.092
-364.092
-364.092
-364.092
-364.092
-364.092
-364.092
-364.092
-364.092
-460.755
-539.163
-598.927
-648.043
-686.528
-717.757
-740.851
-756.381
-770.852
-783.945
-792.169
-800.778
-815.005
-817.939
-819.373
-820.416
-812.155
-800.463
-786.345
-769.231
-749.889
-726.284
-700.596
-667.951
-633.162
-602.24
-575.883
-549.529
-525.849
-503.005
-482.268
-463.964
-442.931
-424.922
-407.036
-389.101
-373.113
-358.326
-344.014
-330.393
-318.012
-307.046
-295.299
-285.688
-276.464
-270.779
-261.733
-255.297
-252.39
-249.737
-247.668
-245.947
-246.451
-250.791
-257.237
-266.411
-277.877
-293.932
-312.941
-338.534
-338.321
-338.155
-338.097
-338.104
-338.527
-339.676
-341.241
-343.344
-345.914
-349.397
-353.496
-358.924
-358.886
-358.857
-358.849
-358.856
-358.944
-359.176
-359.492
-359.915
-360.433
-361.135
-361.962
-363.057
-363.049
-363.043
-363.042
-363.043
-363.061
-363.108
-363.171
-363.255
-363.359
-363.5
-363.665
-363.885
-363.883
-363.882
-363.882
-363.882
-363.886
-363.895
-363.907
-363.924
-363.945
-363.973
-364.006
-364.05
-348.05
-332.197
-318.244
-304.862
-292.883
-281.817
-272.427
-265.1
-257.384
-249.473
-243.076
-235.932
-226.075
-221.125
-216.469
-211.774
-212.252
-214.955
-219.425
-226.236
-235.161
-247.614
-262.369
-283.228
-307.421
-329.811
-349.631
-370.547
-390.177
-409.987
-428.804
-446.173
-467.044
-485.773
-505.228
-525.651
-544.89
-563.492
-582.376
-601.208
-619.373
-636.317
-655.099
-671.713
-688.463
-700.695
-718.535
-733.118
-742.029
-750.783
-758.483
-765.576
-768.075
-761.645
-748.913
-727.096
-695.242
-644.569
-574.545
-466.57
-467.475
-468.179
-468.446
-468.421
-466.857
-462.587
-456.629
-448.467
-438.27
-424.277
-407.445
-384.902
-385.048
-385.155
-385.173
-385.138
-384.777
-383.849
-382.585
-380.888
-378.806
-375.986
-372.65
-368.23
-368.261
-368.284
-368.289
-368.284
-368.213
-368.028
-367.776
-367.438
-367.023
-366.462
-365.799
-364.922
-364.93
-364.936
-364.938
-364.938
-364.925
-364.888
-364.838
-364.771
-364.688
-364.576
-364.443
-364.267
-364.268
-364.269
-364.269
-364.268
-364.265
-364.257
-364.247
-364.233
-364.216
-364.193
-364.166
-364.13
-364.13
-364.13
-364.129
-364.128
-364.127
-364.125
-364.122
-364.118
-364.114
-364.108
-364.101
-364.092
-364.092
-364.092
-364.092
-364.092
-364.092
-364.092
-364.092
-364.092
-364.092
-364.092
-364.092
-364.092
-364.092
-364.092
-364.092
-364.092
-364.092
-364.092
-364.092
-364.092
-364.092
-364.092
-364.092
-364.092
-364.092
-364.092
-364.092
-364.092
-364.092
-364.092
-364.092
-364.092
-364.092
-364.092
-364.092
-364.092
-364.092
-364.092
-364.092
-364.092
-364.092
-364.092
-364.092
-364.092
-364.092
-364.092
-364.092
-364.092
-364.092
-364.092
-364.092
-364.092
-364.092
-364.092
-364.092
-364.092
-364.092
-364.092
-364.092
-364.092
-460.755
-539.163
-598.927
-648.043
-686.528
-717.757
-740.851
-756.381
-770.852
-783.945
-792.169
-800.778
-815.005
-817.939
-819.373
-820.416
-812.155
-800.463
-786.345
-769.231
-749.889
-726.284
-700.596
-667.951
-633.162
-602.24
-575.883
-549.529
-525.849
-503.005
-482.268
-463.964
-442.931
-424.922
-407.036
-389.101
-373.113
-358.326
-344.014
-330.393
-318.012
-307.046
-295.299
-285.688
-276.464
-270.779
-261.733
-255.297
-252.39
-249.737
-247.668
-245.947
-246.451
-250.791
-257.237
-266.411
-277.877
-293.932
-312.941
-338.534
-338.321
-338.155
-338.097
-338.104
-338.527
-339.676
-341.241
-343.344
-345.914
-349.397
-353.496
-358.924
-358.886
-358.857
-358.849
-358.856
-358.944
-359.176
-359.492
-359.915
-360.433
-361.135
-361.962
-363.057
-363.049
-363.043
-363.042
-363.043
-363.061
-363.108
-363.171
-363.255
-363.359
-363.5
-363.665
-363.885
-363.883
-363.882
-363.882
-363.882
-363.886
-363.895
-363.907
-363.924
-363.945
-363.973
-364.006
-364.05
-348.05
-332.197
-318.244
-304.862
-292.883
-281.817
-272.427
-265.1
-257.384
-249.473
-243.076
-235.932
-226.075
-221.125
-216.469
-211.774
-212.252
-214.955
-219.425
-226.236
-235.161
-247.614
-262.369
-283.228
-307.421
-329.811
-349.631
-370.547
-390.177
-409.987
-428.804
-446.173
-467.044
-485.773
-505.228
-525.651
-544.89
-563.492
-582.376
-601.208
-619.373
-636.317
-655.099
-671.713
-688.463
-700.695
-718.535
-733.118
-742.029
-750.783
-758.483
-765.576
-768.075
-761.645
-748.913
-727.096
-695.242
-644.569
-574.545
-466.57
-467.475
-468.179
-468.446
-468.421
-466.857
-462.587
-456.629
-448.467
-438.27
-424.277
-407.445
-384.902
-385.048
-385.155
-385.173
-385.138
-384.777
-383.849
-382.585
-380.888
-378.806
-375.986
-372.65
-368.23
-368.261
-368.284
-368.289
-368.284
-368.213
-368.028
-367.776
-367.438
-367.023
-366.462
-365.799
-364.922
-364.93
-364.936
-364.938
-364.938
-364.925
-364.888
-364.838
-364.771
-364.688
-364.576
-364.443
-364.267
-364.268
-364.269
-364.269
-364.268
-364.265
-364.257
-364.247
-364.233
-364.216
-364.193
-364.166
-364.13
-364.13
-364.13
-364.129
-364.128
-364.127
-364.125
-364.122
-364.118
-364.114
-364.108
-364.101
-364.092
-364.092
-364.092
-364.092
-364.092
-364.092
-364.092
-364.092
-364.092
-364.092
-364.092
-364.092
-364.092
-364.092
-364.092
-364.092
-364.092
-364.092
-364.092
-364.092
-364.092
-364.092
-364.092
-364.092
-364.092
-364.092
-364.092
-364.092
-364.092
-364.092
-364.092
-364.092
-364.092
-364.092
-364.092
-364.092
-364.092
-364.092
-364.092
-364.092
-364.092
-364.092
-364.092
-364.092
-364.092
-364.092
-364.092
-364.092
-364.092
-364.092
-364.092
-364.092
-364.092
-364.092
-364.092
-364.092
-364.092
-364.092
-364.092
-364.092
-364.092
-460.755
-539.163
-598.927
-648.043
-686.528
-717.757
-740.851
-756.381
-770.852
-783.945
-792.169
-800.778
-815.005
-817.939
-819.373
-820.416
-812.155
-800.463
-786.345
-769.231
-749.889
-726.284
-700.596
-667.951
-633.162
-602.24
-575.883
-549.529
-525.849
-503.005
-482.268
-463.964
-442.931
-424.922
-407.036
-389.101
-373.113
-358.326
-344.014
-330.393
-318.012
-307.046
-295.299
-285.688
-276.464
-270.779
-261.733
-255.297
-252.39
-249.737
-247.668
-245.947
-246.451
-250.791
-257.237
-266.411
-277.877
-293.932
-312.941
-338.534
-338.321
-338.155
-338.097
-338.104
-338.527
-339.676
-341.241
-343.344
-345.914
-349.397
-353.496
-358.924
-358.886
-358.857
-358.849
-358.856
-358.944
-359.176
-359.492
-359.915
-360.433
-361.135
-361.962
-363.057
-363.049
-363.043
-363.042
-363.043
-363.061
-363.108
-363.171
-363.255
-363.359
-363.5
-363.665
-363.885
-363.883
-363.882
-363.882
-363.882
-363.886
-363.895
-363.907
-363.924
-363.945
-363.973
-364.006
-364.05
-348.05
-332.197
-318.244
-304.862
-292.883
-281.817
-272.427
-265.1
-257.384
-249.473
-243.076
-235.932
-226.075
-221.125
-216.469
-211.774
-212.252
-214.955
-219.425
-226.236
-235.161
-247.614
-262.369
-283.228
-307.421
-329.811
-349.631
-370.547
-390.177
-409.987
-428.804
-446.173
-467.044
-485.773
-505.228
-525.651
-544.89
-563.492
-582.376
-601.208
-619.373
-636.317
-655.099
-671.713
-688.463
-700.695
-718.535
-733.118
-742.029
-750.783
-758.483
-765.576
-768.075
-761.645
-748.913
-727.096
-695.242
-644.569
-574.545
-466.57
-467.475
-468.179
-468.446
-468.421
-466.857
-462.587
-456.629
-448.467
-438.27
-424.277
-407.445
-384.902
-385.048
-385.155
-385.173
-385.138
-384.777
-383.849
-382.585
-380.888
-378.806
-375.986
-372.65
-368.23
-368.261
-368.284
-368.289
-368.284
-368.213
-368.028
-367.776
-367.438
-367.023
-366.462
-365.799
-364.922
-364.93
-364.936
-364.938
-364.938
-364.925
-364.888
-364.838
-364.771
-364.688
-364.576
-364.443
-364.267
-364.268
-364.269
-364.269
-364.268
-364.265
-364.257
-364.247
-364.233
-364.216
-364.193
-364.166
-364.13
-364.13
-364.13
-364.129
-364.128
-364.127
-364.125
-364.122
-364.118
-364.114
-364.108
-364.101
-364.092
-364.092
-364.092
-364.092
-364.092
-364.092
-364.092
-364.092
-364.092
-364.092
-364.092
-364.092
-364.092
-364.092
-364.092
-364.092
-364.092
-364.092
-364.092
-364.092
-364.092
-364.092
-364.092
-364.092
-364.092
-364.092
-364.092
-364.092
-364.092
-364.092
-364.092
-364.092
-364.092
-364.092
-364.092
-364.092
-364.092
-364.092
-364.092
-364.092
-364.092
-364.092
-364.092
-364.092
-364.092
-364.092
-364.092
-364.092
-364.092
-364.092
-364.092
-364.092
-364.092
-364.092
-364.092
-364.092
-364.092
-364.092
-364.092
-364.092
-364.092
-460.755
-539.163
-598.927
-648.043
-686.528
-717.757
-740.851
-756.381
-770.852
-783.945
-792.169
-800.778
-815.005
-817.939
-819.373
-820.416
-812.155
-800.463
-786.345
-769.231
-749.889
-726.284
-700.596
-667.951
-633.162
-602.24
-575.883
-549.529
-525.849
-503.005
-482.268
-463.964
-442.931
-424.922
-407.036
-389.101
-373.113
-358.326
-344.014
-330.393
-318.012
-307.046
-295.299
-285.688
-276.464
-270.779
-261.733
-255.297
-252.39
-249.737
-247.668
-245.947
-246.451
-250.791
-257.237
-266.411
-277.877
-293.932
-312.941
-338.534
-338.321
-338.155
-338.097
-338.104
-338.527
-339.676
-341.241
-343.344
-345.914
-349.397
-353.496
-358.924
-358.886
-358.857
-358.849
-358.856
-358.944
-359.176
-359.492
-359.915
-360.433
-361.135
-361.962
-363.057
-363.049
-363.043
-363.042
-363.043
-363.061
-363.108
-363.171
-363.255
-363.359
-363.5
-363.665
-363.885
-363.883
-363.882
-363.882
-363.882
-363.886
-363.895
-363.907
-363.924
-363.945
-363.973
-364.006
-364.05
-348.05
-332.197
-318.244
-304.862
-292.883
-281.817
-272.427
-265.1
-257.384
-249.473
-243.076
-235.932
-226.075
-221.125
-216.469
-211.774
-212.252
-214.955
-219.425
-226.236
-235.161
-247.614
-262.369
-283.228
-307.421
-329.811
-349.631
-370.547
-390.177
-409.987
-428.804
-446.173
-467.044
-485.773
-505.228
-525.651
-544.89
-563.492
-582.376
-601.208
-619.373
-636.317
-655.099
-671.713
-688.463
-700.695
-718.535
-733.118
-742.029
-750.783
-758.483
-765.576
-768.075
-761.645
-748.913
-727.096
-695.242
-644.569
-574.545
-466.57
-467.475
-468.179
-468.446
-468.421
-466.857
-462.587
-456.629
-448.467
-438.27
-424.277
-407.445
-384.902
-385.048
-385.155
-385.173
-385.138
-384.777
-383.849
-382.585
-380.888
-378.806
-375.986
-372.65
-368.23
-368.261
-368.284
-368.289
-368.284
-368.213
-368.028
-367.776
-367.438
-367.023
-366.462
-365.799
-364.922
-364.93
-364.936
-364.938
-364.938
-364.925
-364.888
-364.838
-364.771
-364.688
-364.576
-364.443
-364.267
-364.268
-364.269
-364.269
-364.268
-364.265
-364.257
-364.247
-364.233
-364.216
-364.193
-364.166
-364.13
-364.13
-364.13
-364.129
-364.128
-364.127
-364.125
-364.122
-364.118
-364.114
-364.108
-364.101
-364.092
-364.092
-364.092
-364.092
-364.092
-364.092
-364.092
-364.092
-364.092
-364.092
-364.092
-364.092
-364.092
-364.092
-364.092
-364.092
-364.092
-364.092
-364.092
-364.092
-364.092
-364.092
-364.092
-364.092
-364.092
-364.092
-364.092
-364.092
-364.092
-364.092
-364.092
-364.092
-364.092
-364.092
-364.092
-364.092
-364.092
-364.092
-364.092
-364.092
-364.092
-364.092
-364.092
-364.092
-364.092
-364.092
-364.092
-364.092
-364.092
-364.092
-364.092
-364.092
-364.092
-364.092
-364.092
-364.092
-364.092
-364.092
-364.092
-364.092
-364.092
-460.755
-539.163
-598.927
-648.043
-686.528
-717.757
-740.851
-756.381
-770.852
-783.945
-792.169
-800.778
-815.005
-817.939
-819.373
-820.416
-812.155
-800.463
-786.345
-769.231
-749.889
-726.284
-700.596
-667.951
-633.162
-602.24
-575.883
-549.529
-525.849
-503.005
-482.268
-463.964
-442.931
-424.922
-407.036
-389.101
-373.113
-358.326
-344.014
-330.393
-318.012
-307.046
-295.299
-285.688
-276.464
-270.779
-261.733
-255.297
-252.39
-249.737
-247.668
-245.947
-246.451
-250.791
-257.237
-266.411
-277.877
-293.932
-312.941
-338.534
-338.321
-338.155
-338.097
-338.104
-338.527
-339.676
-341.241
-343.344
-345.914
-349.397
-353.496
-358.924
-358.886
-358.857
-358.849
-358.856
-358.944
-359.176
-359.492
-359.915
-360.433
-361.135
-361.962
-363.057
-363.049
-363.043
-363.042
-363.043
-363.061
-363.108
-363.171
-363.255
-363.359
-363.5
-363.665
-363.885
-363.883
-363.882
-363.882
-363.882
-363.886
-363.895
-363.907
-363.924
-363.945
-363.973
-364.006
-364.05
-348.05
-332.197
-318.244
-304.862
-292.883
-281.817
-272.427
-265.1
-257.384
-249.473
-243.076
-235.932
-226.075
-221.125
-216.469
-211.774
-212.252
-214.955
-219.425
-226.236
-235.161
-247.614
-262.369
-283.228
-307.421
-329.811
-349.631
-370.547
-390.177
-409.987
-428.804
-446.173
-467.044
-485.773
-505.228
-525.651
-544.89
-563.492
-582.376
-601.208
-619.373
-636.317
-655.099
-671.713
-688.463
-700.695
-718.535
-733.118
-742.029
-750.783
-758.483
-765.576
-768.075
-761.645
-748.913
-727.096
-695.242
-644.569
-574.545
-466.57
-467.475
-468.179
-468.446
-468.421
-466.857
-462.587
-456.629
-448.467
-438.27
-424.277
-407.445
-384.902
-385.048
-385.155
-385.173
-385.138
-384.777
-383.849
-382.585
-380.888
-378.806
-375.986
-372.65
-368.23
-368.261
-368.284
-368.289
-368.284
-368.213
-368.028
-367.776
-367.438
-367.023
-366.462
-365.799
-364.922
-364.93
-364.936
-364.938
-364.938
-364.925
-364.888
-364.838
-364.771
-364.688
-364.576
-364.443
-364.267
-364.268
-364.269
-364.269
-364.268
-364.265
-364.257
-364.247
-364.233
-364.216
-364.193
-364.166
-364.13
-364.13
-364.13
-364.129
-364.128
-364.127
-364.125
-364.122
-364.118
-364.114
-364.108
-364.101
-364.092
-364.092
-364.092
-364.092
-364.092
-364.092
-364.092
-364.092
-364.092
-364.092
-364.092
-364.092
-364.092
-364.092
-364.092
-364.092
-364.092
-364.092
-364.092
-364.092
-364.092
-364.092
-364.092
-364.092
-364.092
-364.092
-364.092
-364.092
-364.092
-364.092
-364.092
-364.092
-364.092
-364.092
-364.092
-364.092
-364.092
-364.092
-364.092
-364.092
-364.092
-364.092
-364.092
-364.092
-364.092
-364.092
-364.092
-364.092
-364.092
-364.092
-364.092
-364.092
-364.092
-364.092
-364.092
-364.092
-364.092
-364.092
-364.092
-364.092
-364.092
-460.755
-539.163
-598.927
-648.043
-686.528
-717.757
-740.851
-756.381
-770.852
-783.945
-792.169
-800.778
-815.005
-817.939
-819.373
-820.416
-812.155
-800.463
-786.345
-769.231
-749.889
-726.284
-700.596
-667.951
-633.162
-602.24
-575.883
-549.529
-525.849
-503.005
-482.268
-463.964
-442.931
-424.922
-407.036
-389.101
-373.113
-358.326
-344.014
-330.393
-318.012
-307.046
-295.299
-285.688
-276.464
-270.779
-261.733
-255.297
-252.39
-249.737
-247.668
-245.947
-246.451
-250.791
-257.237
-266.411
-277.877
-293.932
-312.941
-338.534
-338.321
-338.155
-338.097
-338.104
-338.527
-339.676
-341.241
-343.344
-345.914
-349.397
-353.496
-358.924
-358.886
-358.857
-358.849
-358.856
-358.944
-359.176
-359.492
-359.915
-360.433
-361.135
-361.962
-363.057
-363.049
-363.043
-363.042
-363.043
-363.061
-363.108
-363.171
-363.255
-363.359
-363.5
-363.665
-363.885
-363.883
-363.882
-363.882
-363.882
-363.886
-363.895
-363.907
-363.924
-363.945
-363.973
-364.006
-364.05
-348.05
-332.197
-318.244
-304.862
-292.883
-281.817
-272.427
-265.1
-257.384
-249.473
-243.076
-235.932
-226.075
-221.125
-216.469
-211.774
-212.252
-214.955
-219.425
-226.236
-235.161
-247.614
-262.369
-283.228
-307.421
-329.811
-349.631
-370.547
-390.177
-409.987
-428.804
-446.173
-467.044
-485.773
-505.228
-525.651
-544.89
-563.492
-582.376
-601.208
-619.373
-636.317
-655.099
-671.713
-688.463
-700.695
-718.535
-733.118
-742.029
-750.783
-758.483
-765.576
-768.075
-761.645
-748.913
-727.096
-695.242
-644.569
-574.545
-466.57
-467.475
-468.179
-468.446
-468.421
-466.857
-462.587
-456.629
-448.467
-438.27
-424.277
-407.445
-384.902
-385.048
-385.155
-385.173
-385.138
-384.777
-383.849
-382.585
-380.888
-378.806
-375.986
-372.65
-368.23
-368.261
-368.284
-368.289
-368.284
-368.213
-368.028
-367.776
-367.438
-367.023
-366.462
-365.799
-364.922
-364.93
-364.936
-364.938
-364.938
-364.925
-364.888
-364.838
-364.771
-364.688
-364.576
-364.443
-364.267
-364.268
-364.269
-364.269
-364.268
-364.265
-364.257
-364.247
-364.233
-364.216
-364.193
-364.166
-364.13
-364.13
-364.13
-364.129
-364.128
-364.127
-364.125
-364.122
-364.118
-364.114
-364.108
-364.101
-364.092
-364.092
-364.092
-364.092
-364.092
-364.092
-364.092
-364.092
-364.092
-364.092
-364.092
-364.092
-364.092
-364.092
-364.092
-364.092
-364.092
-364.092
-364.092
-364.092
-364.092
-364.092
-364.092
-364.092
-364.092
-364.092
-364.092
-364.092
-364.092
-364.092
-364.092
-364.092
-364.092
-364.092
-364.092
-364.092
-364.092
-364.092
-364.092
-364.092
-364.092
-364.092
-364.092
-364.092
-364.092
-364.092
-364.092
-364.092
-364.092
-364.092
-364.092
-364.092
-364.092
-364.092
-364.092
-364.092
-364.092
-364.092
-364.092
-364.092
-364.092
-460.755
-539.163
-598.927
-648.043
-686.528
-717.757
-740.851
-756.381
-770.852
-783.945
-792.169
-800.778
-815.005
-817.939
-819.373
-820.416
-812.155
-800.463
-786.345
-769.231
-749.889
-726.284
-700.596
