0.490969
0.487499
0.476769
0.437225
0.41396
0.450827
0.493234
0.587712
0.695023
0.715911
0.737863
0.752343
0.762167
0.7555
0.687028
0.626447
0.571781
0.489739
0.392208
0.312358
0.285178
0.299702
0.337068
0.385762
0.419551
0.411485
0.412133
0.404487
0.386598
0.466805
0.532078
0.603357
0.73567
0.802314
0.839969
0.923747
0.923586
0.910829
0.857009
0.797139
0.739104
0.614584
0.531751
0.478835
0.444673
0.437677
0.468019
0.511624
0.534888
0.551009
0.569302
0.566969
0.600638
0.582652
0.596337
0.629602
0.692073
0.738961
0.749802
0.793196
0.784913
0.735369
0.699706
0.647129
0.591662
0.514193
0.466599
0.447555
0.402461
0.388411
0.391167
0.40224
0.445555
0.499585
0.516945
0.557831
0.6138
0.607727
0.618293
0.676382
0.686471
0.75287
0.830556
0.887889
0.911528
0.89693
0.865579
0.811888
0.761998
0.731763
0.709202
0.665532
0.67698
0.633851
0.622427
0.627552
0.648815
0.657627
0.662668
0.699392
0.717017
0.688696
0.644714
0.634197
0.66617
0.712476
0.777224
0.780871
0.806185
0.765715
0.66714
0.607416
0.546356
0.499002
0.493667
0.475963
0.486332
0.485635
0.46604
0.480691
0.504869
0.525149
0.603996
0.629335
0.614018
0.615997
0.622731
0.656222
0.690597
0.753988
0.847277
0.892973
0.924318
0.879506
0.817882
0.725084
0.638802
0.560052
0.538122
0.562795
0.558218
0.534204
0.533767
0.573057
0.572462
0.592148
0.665592
0.664162
0.671449
0.678831
0.62311
0.617217
0.640022
0.670993
0.744953
0.741356
0.740812
0.659762
0.565047
0.490371
0.411833
0.35596
0.351957
0.33576
0.363719
0.366053
0.366445
0.358839
0.402341
0.437197
0.477682
0.516797
0.560735
0.589892
0.600504
0.653153
0.713979
0.748055
0.827624
0.843426
0.806797
0.779361
0.691064
0.627082
0.543057
0.484286
0.471879
0.454377
0.464914
0.499322
0.504462
0.519756
0.5553
0.608019
0.606816
0.633096
0.673906
0.656922
0.690812
0.718448
0.789159
0.853753
0.89823
0.917684
0.88854
0.833469
0.747023
0.64899
0.57994
0.514909
0.490628
0.471013
0.472407
0.482784
0.497651
0.542731
0.598738
0.60951
0.632235
0.647503
0.616957
0.547169
0.559605
0.599556
0.649409
0.706976
0.789555
0.815565
0.830902
0.823587
0.791655
0.715854
0.661711
0.662698
0.584146
0.567593
0.549258
0.561049
0.575761
0.614105
0.699868
0.715178
0.730475
0.719956
0.648914
0.5778
0.560292
0.621228
0.667389
0.759636
0.843119
0.849709
0.864265
0.858976
0.802368
0.707459
0.720838
0.685638
0.648236
0.624865
0.629116
0.604593
0.653227
0.724853
0.763008
0.802934
0.814994
0.821849
0.76612
0.726307
0.737975
0.766299
0.834671
0.902819
0.926367
0.935214
0.875254
0.852865
0.735406
0.661313
0.622722
0.560404
0.537564
0.511836
0.512941
0.494744
0.549441
0.588783
0.619792
0.634084
0.660184
0.672109
0.664387
0.660941
0.721737
0.758516
0.856888
0.899316
0.925229
0.865975
0.813857
0.727569
0.638042
0.560396
0.521346
0.488667
0.45225
0.414528
0.376534
0.365364
0.349337
0.376873
0.426473
0.453005
0.479388
0.503958
0.529533
0.583443
0.638846
0.73503
0.839748
0.908734
0.937059
0.927294
0.839193
0.775517
0.684631
0.638859
0.613188
0.559592
0.511414
0.475181
0.431471
0.419446
0.392068
0.408986
0.441432
0.44612
0.463939
0.475122
0.507062
0.549302
0.63172
0.712587
0.811462
0.875979
0.903742
0.895733
0.843336
0.795719
0.722016
0.65009
0.610077
0.559321
0.51423
0.482643
0.45989
0.453549
0.435104
0.421347
0.462264
0.463795
0.476562
0.49852
0.523796
0.564668
0.632986
0.730664
0.795774
0.858879
0.914872
0.956377
0.945798
0.925426
0.87008
0.809649
0.756197
0.688317
0.646468
0.62246
0.588761
0.596737
0.608524
0.617205
0.622095
0.601686
0.593796
0.627199
0.651258
0.698008
0.783994
0.866936
0.938401
0.993203
1.02994
1.03488
1.0089
0.965578
0.895276
0.812878
0.740526
0.682301
0.612371
0.571716
0.546379
0.537159
0.527069
0.516202
0.528674
0.526734
0.528693
0.567314
0.573561
0.61425
0.685901
0.792762
0.864353
0.940751
0.975521
0.957257
0.879211
0.810233
0.726165
0.631987
0.560302
0.491999
0.449496
0.399859
0.378373
0.365282
0.349931
0.343381
0.344835
0.333098
0.321683
0.336907
0.370997
0.426949
0.518156
0.630304
0.738131
0.827767
0.870575
0.845769
0.803496
0.711101
0.611938
0.525082
0.496282
0.460917
0.420782
0.400249
0.375318
0.373914
0.359171
0.35512
0.351312
0.358625
0.404299
0.435551
0.468224
0.550671
0.644617
0.75489
0.881177
0.964917
1.00498
1.0054
0.941298
0.858655
0.779674
0.721039
0.648343
0.589553
0.576782
0.541182
0.52155
0.520648
0.50599
0.476866
0.486977
0.485376
0.471821
0.495597
0.544091
0.608615
0.695245
0.817503
0.920378
0.962555
0.96811
0.968755
0.881232
0.804807
0.714004
0.636485
0.582128
0.531108
0.484385
0.447469
0.41288
0.410209
0.386104
0.378367
0.400797
0.384015
0.380767
0.403442
0.451612
0.49921
0.596556
0.706267
0.741038
0.756064
0.783186
0.746279
0.686335
0.605255
0.577699
0.486905
0.427351
0.345625
0.30843
0.289607
0.275552
0.284305
0.268926
0.251108
0.264311
0.244926
0.215265
0.249991
0.304254
0.37745
0.473393
0.569432
0.613775
0.62847
0.658328
0.624849
0.616444
0.563958
0.544144
0.538763
0.486352
0.445934
0.383945
0.370071
0.384511
0.40612
0.426771
0.448666
0.478149
0.525845
0.528782
0.544936
0.560116
0.561983
0.573371
0.592631
0.631621
0.636722
0.672421
0.668818
0.629268
0.607071
0.58363
0.558588
0.472168
0.455053
0.48109
0.430128
0.45333
0.477676
0.480115
0.508432
0.603431
0.612408
0.623521
0.623097
0.570147
0.44861
0.421999
0.436793
0.423178
0.459818
0.509357
0.533915
0.490332
0.5026
0.493724
0.476247
0.510719
0.516466
0.505974
0.502808
0.475635
0.477936
0.494871
0.63098
0.735337
0.784453
0.83234
0.835976
0.773926
0.667144
0.582402
0.568602
0.644685
0.686141
0.743865
0.74514
0.718223
0.669481
0.638286
0.595745
0.564148
0.538077
0.507693
0.442607
0.410601
0.414322
0.49635
0.602725
0.67698
0.736647
0.797944
0.814361
0.730371
0.6729
0.599005
0.637849
0.690362
0.684234
0.684691
0.638036
0.552094
0.515881
0.501372
0.443049
0.411801
0.423031
0.408627
0.39931
0.395895
0.424487
0.465306
0.569541
0.675069
0.759625
0.823801
0.840377
0.811793
0.747287
0.752508
0.701091
0.747277
0.736901
0.71232
0.674595
0.600926
0.602039
0.565422
0.49184
0.466041
0.490205
0.519672
0.520048
0.524077
0.514008
0.602582
0.657815
0.685124
0.768018
0.760272
0.77775
0.797422
0.807046
0.796267
0.802527
0.818577
0.843311
0.784652
0.730049
0.628983
0.5272
0.466248
0.379551
0.33356
0.359638
0.37883
0.393643
0.405854
0.422867
0.449801
0.489393
0.573287
0.615543
0.682099
0.71448
0.822602
0.838369
0.829835
0.851927
0.86789
0.884954
0.851355
0.799502
0.742359
0.647253
0.540053
0.459427
0.404992
0.368214
0.348234
0.376799
0.404869
0.449913
0.484387
0.539258
0.60151
0.644438
0.687102
0.736843
0.790433
0.805719
0.838319
0.866036
0.919334
0.937908
0.899343
0.862121
0.780487
0.717634
0.619998
0.541472
0.490929
0.445444
0.423969
0.429345
0.458519
0.449437
0.464143
0.487742
0.454676
0.498843
0.523432
0.592342
0.648461
0.702283
0.747954
0.76315
0.761969
0.741419
0.716499
0.670537
0.668863
0.598278
0.534262
0.497455
0.464583
0.459091
0.476707
0.511664
0.543943
0.577389
0.622439
0.653302
0.656938
0.666536
0.737316
0.750125
0.808038
0.859471
0.87743
0.945028
0.919358
0.891544
0.838521
0.787267
0.761836
0.697645
0.635425
0.637637
0.642321
0.621109
0.649143
0.688224
0.671114
0.723624
0.757764
0.760206
0.729524
0.702257
0.705337
0.702088
0.740768
0.774052
0.797642
0.784798
0.751917
0.674655
0.624525
0.57529
0.528589
0.516276
0.475556
0.443518
0.418534
0.397628
0.387679
0.387738
0.412084
0.465861
0.534996
0.596724
0.621982
0.666461
0.672854
0.708858
0.691051
0.706621
0.741663
0.771789
0.727273
0.665197
0.582396
0.525105
0.475279
0.440457
0.398826
0.389895
0.410375
0.416159
0.409129
0.431824
0.472679
0.52268
0.609751
0.692087
0.754049
0.778219
0.820792
0.796257
0.809484
0.791234
0.832329
0.851385
0.816603
0.748643
0.680918
0.596608
0.531159
0.458525
0.416031
0.414859
0.449297
0.459108
0.460416
0.496784
0.519173
0.5887
0.661253
0.740284
0.785316
0.859802
0.915085
0.94721
0.954648
0.979601
0.993619
1.04689
1.02362
0.964216
0.90731
0.836726
0.729695
0.660437
0.612166
0.584474
0.585021
0.621929
0.630024
0.636336
0.655212
0.655064
0.682674
0.705056
0.744659
0.783127
0.83497
0.886659
0.914312
0.925468
0.992013
0.97489
0.912698
0.860448
0.794816
0.708482
0.639872
0.555675
0.497917
0.470313
0.471765
0.489486
0.477561
0.467536
0.486748
0.466228
0.470143
0.503756
0.517018
0.554925
0.654324
0.743098
0.819655
0.862007
0.875078
0.844513
0.740687
0.655196
0.569061
0.488312
0.445633
0.398044
0.343481
0.340793
0.350422
0.391311
0.403283
0.412791
0.482774
0.499569
0.524854
0.557584
0.594001
0.630037
0.748369
0.862412
0.907582
0.970497
0.974231
0.968543
0.855498
0.767487
0.689495
0.636569
0.626226
0.593447
0.563498
0.55217
0.543282
0.544862
0.558358
0.535264
0.546711
0.568091
0.565871
0.590107
0.618548
0.659444
0.780958
0.846132
0.952024
0.970827
1.00366
0.974401
0.922622
0.823391
0.737627
0.658124
0.626709
0.587984
0.519102
0.460125
0.410379
0.382697
0.367055
0.343309
0.344481
0.367009
0.355952
0.426295
0.475088
0.551129
0.644958
0.772159
0.831611
0.883527
0.914477
0.913189
0.813069
0.743098
0.666063
0.576437
0.538828
0.513087
0.467959
0.407897
0.369605
0.358017
0.343496
0.319314
0.365367
0.359046
0.392977
0.434307
0.485848
0.523267
0.603846
0.698881
0.79063
0.863569
0.883276
0.874435
0.847551
0.767256
0.673319
0.57616
0.55589
0.490155
0.437015
0.445439
0.402117
0.380472
0.383115
0.372395
0.392134
0.409483
0.430178
0.48028
0.521054
0.579125
0.675204
0.775959
0.867133
0.979132
1.0263
1.0607
1.04442
0.987347
0.90499
0.820111
0.752843
0.717525
0.657429
0.629111
0.611835
0.594244
0.589269
0.582082
0.577838
0.592576
0.599549
0.623289
0.662748
0.69364
0.749751
0.831279
0.939774
1.00508
1.08195
1.10271
1.08272
1.00958
0.910007
0.803373
0.739581
0.687596
0.635965
0.58831
0.552071
0.514632
0.500608
0.477502
0.466795
0.462616
0.481883
0.516199
0.518798
0.552705
0.599631
0.681259
0.772487
0.853114
0.88493
0.866606
0.853692
0.769649
0.663508
0.595296
0.597013
0.568703
0.510703
0.50743
0.456585
0.411577
0.407951
0.393787
0.378346
0.386157
0.411205
0.417709
0.433081
0.477897
0.55626
0.631835
0.752761
0.834785
0.82478
0.813868
0.775565
0.718817
0.614674
0.588991
0.559087
0.552165
0.545393
0.530297
0.490961
0.443571
0.436132
0.377736
0.337376
0.322019
0.310015
0.31036
0.360573
0.442063
0.525724
0.620547
0.742965
0.771044
0.742037
0.722284
0.672672
0.583691
0.531659
0.468345
0.463052
0.438804
0.44079
0.440659
0.405861
0.394722
0.381317
0.388083
0.362433
0.348067
0.314569
0.330861
0.37955
0.433838
0.507483
0.606705
0.710253
0.750749
0.790425
0.804046
0.782667
0.769045
0.747426
0.724566
0.698916
0.656176
0.59485
0.559425
0.532507
0.511867
0.499664
0.454816
0.457671
0.416195
0.410085
0.438038
0.454787
0.511203
0.586242
0.666273
0.742095
0.795076
0.834752
0.84675
0.86247
0.87524
0.865333
0.863473
0.82739
0.752961
0.652455
0.571691
0.47844
0.420695
0.381454
0.333986
0.349477
0.365387
0.381616
0.412618
0.451738
0.492131
0.575359
0.660595
0.681304
0.716962
0.726544
0.750207
0.757323
0.820867
0.884361
0.903684
0.924989
0.859497
0.770303
0.661863
0.611062
0.565088
0.502317
0.510673
0.511628
0.50473
0.519664
0.534198
0.56502
0.584626
0.670058
0.691076
0.681654
0.644178
0.622576
0.631257
0.685841
0.741892
0.792564
0.847936
0.836923
0.816599
0.758348
0.682818
0.637838
0.625672
0.604621
0.576457
0.570597
0.528809
0.541285
0.530572
0.537134
0.580438
0.596345
0.635777
0.614251
0.608698
0.603988
0.60494
0.656543
0.721891
0.783959
0.839624
0.846644
0.817609
0.742835
0.669766
