0.10270893
0.06803873
0.07799409
0.07768215
0.07796558
0.07823870
0.07643763
0.08136040
0.07406716
0.08816832
0.10027119
0.14584615
0.14875576
0.12925287
0.13389273
0.08897214
0.10137405
0.08477033
0.07716264
0.09380160
0.17896279
0.05841336
0.31666063
0.58552422
0.54060629
0.15733702
0.11285896
0.13581994
0.14123547
0.13392946
0.14053871
0.16397734
0.13413254
0.15597510
0.15551111
0.21724638
0.36408163
0.30391753
0.16937215
0.21014706
0.14277007
0.13234023
0.21762811
0.12583402
0.12112517
0.14659190
0.13626495
0.28727034
0.26249135
0.17748162
0.16425580
0.09439864
0.14735597
0.14779036
0.15918170
0.17901442
0.15806139
0.16449580
0.21017857
0.36150838
0.39624242
0.31080000
0.16340789
0.23282738
0.15003173
0.15323465
0.12957584
0.15970606
0.12459256
0.15741031
0.18838634
0.17020896
0.26977500
0.17757982
0.10412621
0.13888743
0.15611556
0.14933024
0.13942739
0.16533333
0.16689803
0.14873702
0.20642105
0.42845070
0.43265625
0.36787671
0.27326531
0.21668232
0.11201697
0.10167945
0.09258628
0.08954955
0.11598921
0.08360481
0.12985269
0.20350806
0.21758772
0.11420301
0.10121482
0.08407458
0.09908303
0.09418841
0.10397361
0.10467512
0.09745063
0.09190311
0.15766234
0.16705882
0.23548023
0.21218430
0.11274286
0.14773034
0.11976306
0.08677312
0.12756055
0.09779965
0.11417013
0.10599557
0.08589527
0.16083333
0.19215722
0.10787170
0.08326495
0.09184150
0.09957957
0.09326998
0.10159130
0.09211094
0.12707158
0.13709797
0.11842105
0.14433884
0.07828877
0.22030120
0.16469945
0.10846305
0.10273698
0.10296065
0.12321125
0.11301949
0.08425378
0.11048392
0.11345494
0.11683429
0.09726593
0.10517915
0.10259503
0.10758750
0.09036543
0.12748810
0.09858704
0.13644444
0.14058621
0.18840764
0.28305195
0.25126437
0.19325532
0.14030649
0.13211786
0.11750653
0.12209801
0.17282877
0.20862425
0.13913480
0.17805699
0.10961249
0.08695804
0.13487179
0.12163916
0.13255140
0.14374168
0.11734402
0.18971599
0.60382813
0.17552404
0.12983703
0.18593449
0.23745708
0.20671318
0.12801235
0.21191693
0.34578125
0.13391807
0.15035775
0.20311186
0.13007854
0.16764045
0.11332610
0.20698473
0.24522013
0.21899628
0.17543413
0.15997639
0.10284774
0.13352793
0.13079830
0.14235849
0.11858685
0.23673152
0.25596154
0.20074627
0.25938776
0.31161290
0.31784314
0.23936842
0.26462617
0.24077778
0.22855422
0.15796000
0.14378336
0.14801095
0.16090555
0.14534778
0.15594512
0.13629747
0.16415677
0.12414873
0.14194234
0.13649412
0.14688128
0.14229592
0.15771898
0.13847512
0.13617021
0.27509804
0.43250000
0.33338983
0.31694444
0.30151163
0.19519164
0.15935115
0.14519647
0.09437853
0.09361818
0.09550993
0.08751485
0.10188732
0.09327158
0.08018698
0.10742321
0.12212955
0.11861835
0.12147365
0.12223931
0.13008224
0.11937042
0.19237265
0.15417910
0.15613971
0.15351064
0.21665072
0.12912252
0.22879350
0.16101139
0.15261954
0.15297872
0.13275624
0.12996448
0.15354601
0.16751237
0.15450832
0.11251220
0.14801418
0.16975191
0.15028150
0.13386946
0.13216972
0.12947954
0.13912791
0.15101425
0.17551201
0.17595865
0.16925424
0.22861702
0.25817259
0.21343243
0.10585714
0.15803401
0.14093844
0.15018580
0.13285167
0.13836594
0.15151028
0.15933727
0.12183527
0.14545980
0.13116256
0.12014925
0.10427249
0.09821194
0.09692720
0.09779940
0.09427419
0.13711435
0.11045534
0.13258320
0.90538462
0.92902439
0.08062874
0.23435398
0.21949848
0.10920245
0.14149826
0.14099196
0.10982345
0.10536585
0.11594131
0.10077441
0.11730255
0.09142712
0.09997639
0.12420044
0.10602090
0.10282315
0.09914511
0.09389203
0.11195138
0.09755164
0.11391029
0.13458897
0.14660886
0.15651163
0.21465409
0.22407801
0.15435165
0.10995887
0.13731068
0.10910474
0.09828088
0.11754552
0.08899117
0.11289905
0.10140339
0.06680309
0.12177165
0.13172586
0.13395678
0.11752258
0.11267033
0.09728609
0.09802456
0.09190034
0.11657780
0.12879910
0.16840708
0.18257576
0.18929134
0.23812039
0.11559118
0.10712617
0.14128430
0.09465945
0.09423664
0.12729816
0.10279204
0.11300480
0.07711133
0.12081647
0.12255490
0.11448464
0.11430758
0.09937542
0.09921326
0.09869052
0.13538909
0.12184239
0.16732252
0.17000000
0.18390756
0.13260223
0.16103858
0.17799580
0.09525198
0.12794469
0.08547233
0.11407227
0.11316866
0.08552384
0.10865649
0.10009434
0.07505725
0.11304956
0.10868286
0.10753066
0.09800181
0.09244083
0.09760247
0.10074047
0.14190925
0.13353438
0.14354911
0.16922794
0.24367041
0.18902050
0.10533699
0.16552563
0.11501200
0.14653089
0.10155582
0.10136918
0.12146366
0.11103052
0.08518630
0.10355143
0.09292019
0.12292386
0.11481889
0.10328615
0.10365589
0.08576437
0.08956522
0.09607232
0.12723106
0.13407303
0.17283854
0.18889362
0.21496094
0.08611927
0.19661765
0.16626227
0.11114706
0.07254535
0.12149861
0.08481310
0.11143396
0.05669386
0.10249591
0.09801363
0.07167464
0.11152000
0.10730337
0.10550775
0.09791975
0.08865164
0.09955878
0.10250180
0.09751150
0.12893204
0.98907407
1.03400000
0.07201958
0.22437653
0.16837150
0.15096375
0.09725066
0.09281239
0.12040599
0.08337051
0.10447485
0.08798975
0.09074713
0.10039707
0.05183665
0.10561156
0.10656503
0.09680931
0.09092116
0.09228481
0.09455664
0.09112292
0.09577554
0.12494521
0.13521858
0.13763780
0.14051630
0.18016627
0.19986631
0.10100000
0.12729379
0.09593623
0.14217687
0.09334804
0.07802545
0.09757238
0.09517932
0.09368766
0.08655225
0.08980807
0.09960964
0.11135135
0.09809492
0.11395050
0.10756757
0.13404494
0.19238636
0.19895238
0.11711173
0.12428139
0.11021726
0.09431783
0.09083051
0.12354244
0.10465018
0.09146495
0.07267492
0.08004717
0.09891304
0.09073754
0.09134121
0.09713214
0.08195749
0.15104982
0.10144411
0.22393220
0.18785937
0.10900360
0.14395498
0.12595706
0.09879197
0.11015301
0.08966106
0.09419158
0.08114078
0.09169323
0.06395053
0.16063311
0.12546644
0.09748529
0.08418485
0.08340149
0.09347488
0.09348225
0.10068579
0.12106416
0.11830380
0.14734848
0.20081967
0.18040881
0.17804545
0.11107955
0.10002113
0.09877880
0.08489362
0.09475924
0.08633900
0.09072827
0.09225064
0.08250871
0.08509397
0.14636566
0.10772521
0.11480923
0.09162498
0.08367040
0.09401474
0.10539826
0.10113267
0.13718218
0.15611247
0.18136546
0.22447154
0.24075067
0.11273829
0.16039889
0.10354980
0.09490475
0.10260901
0.08373077
0.06800100
0.07768657
0.08721102
0.07028555
0.07342105
0.09113643
0.10191869
0.08886762
0.10530322
0.07839327
0.09665976
0.09206135
0.10303466
0.12434010
0.16217593
0.18583643
0.19446494
0.19815981
0.19971064
0.05806716
0.14314958
0.09169634
0.08859456
0.10678346
0.08725897
0.07624632
0.07059921
0.07631359
0.10203466
0.09428177
0.08976240
0.09127723
0.09489540
0.10814352
0.11765686
0.12284091
0.11453488
0.21746094
0.21092637
0.12250861
0.13678141
0.10667075
0.10484395
0.08703981
0.10617740
0.05993443
0.10537642
0.07993911
0.07731741
0.07583873
0.10138318
0.09767646
0.09882952
0.09097316
0.08181655
0.08304777
0.16709040
0.09874136
0.14171888
0.03889885
0.21362963
0.23908642
0.15682353
0.19064777
0.09663123
0.09632291
0.10548791
0.08243965
0.09796284
0.08110240
0.08450432
0.07183900
0.08211758
0.06378496
0.09029596
0.08897923
0.08068925
0.08481568
0.08203055
0.09039580
0.08493030
0.10850000
0.15495238
0.16671756
0.22057522
0.22591111
0.07641840
0.18120321
0.06444225
0.11568053
0.10424028
0.08959622
0.12649049
0.08624367
0.09219198
0.08622150
0.07312675
0.07856821
0.09937119
0.09193230
0.10168794
0.07590296
0.08873105
0.09067183
0.09512098
0.09963326
0.13197322
0.08570388
0.14891960
0.16825893
0.15910448
0.14581623
0.10077772
0.10555556
0.08184419
0.08795278
0.08498559
0.06811346
0.07765224
0.06278927
0.09951967
0.09261743
0.08938987
0.08495199
0.08768153
0.09537969
0.09086796
0.11730392
0.10824121
0.14677273
0.14162963
0.21160440
0.15183833
0.11249100
0.08654703
0.10575151
0.06434362
0.09165871
0.07111111
0.07500245
0.08230374
0.07563000
0.09203617
0.08795822
0.08451851
0.08299713
0.12687032
0.13333756
0.12833866
0.15014388
0.20634532
0.05245919
0.16252915
0.10539628
0.12736012
0.09431584
0.09577317
0.08470868
0.08888055
0.07633812
0.06993746
0.09893519
0.09129416
0.07854234
0.07711859
0.08293687
0.08506826
0.12412000
0.11266614
0.14349486
0.22078680
0.12604372
0.16306011
0.16683224
0.13015629
0.09841804
0.08875538
0.09702552
0.09165250
0.08440955
0.11612282
0.07688025
0.04184439
0.10994821
0.11590000
0.09450745
0.07755271
0.08654309
0.09325781
0.10190795
0.11094354
0.13759594
0.13669355
0.19725159
0.20899848
0.20738128
0.11340223
0.09983982
0.12625895
0.08475583
0.10722792
0.09944398
0.10410932
0.12483232
0.14631926
0.11533428
0.11236186
0.10211155
0.13260353
0.09878159
0.08044781
0.10126444
0.11146547
0.10200573
0.12155311
0.14638298
0.16100223
0.19396104
0.10961404
0.16697255
0.10149778
0.13928618
0.09117280
0.09625456
0.21286823
0.07968362
0.09494981
0.07749751
0.09016338
0.08567481
0.10251462
0.11725629
0.09190016
0.10194672
0.09669613
0.10300885
0.13762300
0.12479148
0.13697531
0.17704698
0.17965368
0.10342466
0.16512306
0.13417266
0.08544270
0.11633700
0.13558544
0.08614867
0.08665570
0.06619304
0.08433544
0.08993326
0.10729099
0.10464891
0.10800570
0.09261167
0.09522552
0.09494423
0.10942728
0.11621827
0.11865429
0.15455587
0.16333333
0.15815311
0.09272676
0.11191845
0.08695661
0.07624348
0.09408769
0.05497405
0.08941667
0.07056432
0.07688978
0.09433245
0.09936473
0.09057308
0.09028777
0.09457850
0.09772070
0.09298851
0.09793275
0.10706574
0.10486179
0.13307311
0.14813483
0.15560000
0.23885417
0.12586919
0.09068984
0.11049261
0.08661483
0.08719332
0.08316931
0.08292516
0.08953231
0.08388597
0.05183824
0.08941570
0.09416015
0.09321261
0.09065821
0.09433312
0.09153681
0.09020849
0.10427600
0.09490389
0.10788804
0.12252713
0.14154545
0.14577495
0.14229236
0.09373845
0.11596591
0.08218238
0.09222038
0.08970812
0.08519922
0.08178339
0.08771310
0.05930776
0.08149007
0.09144129
0.09428956
0.09650163
0.08524434
0.09054363
0.09573125
0.10087831
0.10133169
0.13267857
0.13330896
0.14656325
0.21364865
0.13871820
0.11504305
0.09690939
0.08944264
0.09478947
0.08908239
0.07753309
0.10109454
0.06352244
0.09596203
0.08324605
0.09103329
0.09098596
0.10474263
0.08945753
0.08718401
0.09341216
0.08478804
0.12977904
0.10614500
0.13899536
0.16365011
0.19501094
0.08076443
0.13537060
0.11885106
0.09798403
0.10048577
0.11681509
0.08871224
0.09317021
0.08577558
0.10558448
0.08645234
0.09915748
0.09704082
0.09366008
0.09424628
0.11277086
0.10872877
0.12832039
0.16138211
0.14914943
0.16922053
0.12197160
0.10615643
0.16320432
0.11472774
0.07600147
0.10548347
0.09497585
0.06535253
0.09276195
0.09971496
0.09076294
0.08240239
0.10366146
0.19985294
0.13080838
0.14398458
0.18751055
0.18720588
0.23774436
0.25220588
0.41261905
0.33378378
0.21800000
0.30870690
0.24135501
0.21204724
0.17576779
0.13479695
0.16290429
0.16067626
0.10972340
0.12165644
0.13158996
0.19334572
0.17950000
0.18316062
0.15288889
0.14514436
0.15601881
0.18196507
0.21400000
0.83923077
0.33250000
0.39100000
0.57439024
0.32679558
0.18606557
0.20393519
0.24190141
0.13369603
0.15990632
0.14752727
0.12426752
0.10099450
0.08873541
0.10877124
0.10215488
0.11030272
0.09474760
0.09581146
0.10410903
0.11012469
0.11395475
0.13162937
0.15617761
0.18614118
0.21056782
0.18308204
0.18426190
0.09743066
0.12466667
0.11035296
0.09912663
0.09746691
0.10314340
0.11171037
0.09008731
0.08690498
0.09621153
0.10474848
0.11981792
0.10034498
0.10243930
0.10003827
0.12674615
0.11981818
0.14303238
0.16394265
0.17727273
0.17347328
0.11539735
0.10115253
0.12355189
0.09589404
0.09461412
0.11044418
0.08602118
0.09647032
0.07789158
0.09390577
0.08581642
0.10321448
0.10544929
0.10969286
0.10523391
0.10197047
0.11660533
0.11328844
0.13543385
0.14837541
0.18412955
0.18400531
0.18263462
0.17609244
0.07240279
0.12627231
0.14257624
0.08312785
0.12998816
0.09466077
0.11379829
0.09142741
0.10207763
0.09320542
0.09023940
0.10998426
0.10341762
0.09483703
0.09294105
0.09650314
0.09880445
0.13714599
0.13848756
0.14286316
0.18291242
0.20924623
0.08963090
0.16009889
0.16983096
0.11109589
0.10326480
0.10642134
0.11107599
0.09332955
0.09015648
0.09138718
0.08257886
0.08336749
0.11503169
0.11255595
0.09707841
0.08948491
0.09546659
0.09308905
0.13448582
0.11952267
0.15655427
0.16285978
0.15678082
0.15992000
0.09417931
0.14883055
0.07021079
0.12625000
0.10571217
0.10375056
0.12236203
0.13787667
0.11785953
0.12046498
0.11374972
0.10735183
0.10954139
0.10577206
0.10884421
0.11216265
0.11796627
0.12778761
0.15522177
0.15644695
0.17168182
0.17577715
0.14537678
0.10216631
0.10896355
0.12097131
0.83804054
0.13887086
0.11368453
0.11413781
0.09867177
0.10651350
0.10548322
0.12480562
0.11233348
0.10853391
0.10921735
0.10940408
0.11039344
0.13652932
0.12394137
0.15715765
0.19528662
0.24350877
0.26183206
0.18472340
0.11248753
0.15496732
0.13995600
0.11997355
0.11578023
0.09298562
0.11640348
0.11309933
0.11044831
0.08533683
0.11025997
0.11766284
0.11801460
0.11813936
0.10714852
0.10843919
0.11405972
0.13277709
0.11896150
0.11548618
0.17940559
0.21432515
0.20501946
0.21311938
0.11944305
0.12366720
0.12383345
0.10030941
0.11383874
0.10694318
0.11419522
0.11352770
0.11079752
0.09594626
0.11225498
0.10792453
0.10665061
0.10403598
0.10092452
0.10439803
0.13086702
0.13182727
0.14706667
0.17353293
0.15230435
0.16310139
0.16560771
0.15137390
0.11146543
0.15335657
0.11208948
0.13238544
0.10411998
0.11078216
0.13510793
0.13202827
0.10142265
0.11636598
0.11150832
0.10803944
0.10697922
0.10704147
0.13454890
0.10743269
0.15599821
0.22261364
0.19418259
0.17591508
0.20456094
0.15818261
0.19467549
0.13403900
0.12224722
0.12619531
0.12028427
0.11119277
0.12905403
0.07870333
0.12705915
0.12184635
0.11037873
0.11471688
0.10645215
0.10970722
0.11671865
0.10956276
0.13544293
0.14671593
0.20891954
0.23241935
0.32158501
0.25443709
0.26245000
0.16266454
0.15301733
0.21689103
0.13572687
0.12626996
0.11261981
0.12065967
0.09656597
0.11991920
0.10734131
0.12586413
0.11629794
0.11770727
0.12661375
0.13153970
0.13651275
0.13905591
0.15835911
0.22286472
0.19585196
0.17323296
0.17747768
0.14595985
0.13367072
0.15233262
0.16810894
0.16126890
0.12984047
0.14913466
0.13181395
0.13676726
0.12135670
0.10394529
0.11282006
0.12085586
0.11634030
0.12295302
0.12289072
0.14642691
0.14837992
0.15771914
0.20140371
0.14318919
0.14888309
0.19792818
0.12600425
0.16667408
0.17285427
0.08195382
0.14513245
0.11574360
0.12046706
0.12730709
0.10715181
0.12024273
0.10714314
0.12854599
0.12069725
0.11622807
0.13298547
0.11617463
0.12926485
0.15547239
0.12910165
0.22941288
0.19370455
0.24548624
0.24302231
0.14373757
0.14617011
0.18309592
0.12817414
0.08123014
0.11922846
0.12366970
0.09815529
0.11352455
0.11752057
0.10407584
0.07914216
0.08083987
0.12818125
0.10958451
0.12024761
0.13212071
0.10543071
0.10066748
0.10671680
0.09412209
0.11892407
0.11747532
0.14095641
0.11822769
0.13142493
0.13512180
0.14457115
0.17518687
0.19833916
0.23589235
0.19933071
0.25275758
0.13131285
0.15803273
0.13829837
0.12976938
0.18010462
0.12161362
0.17760584
0.11605232
0.11805519
0.12008656
0.10625561
0.10798405
0.12178459
0.11630225
0.12919198
0.11704243
0.12253537
0.13160762
0.15097748
0.18353383
0.19671429
0.23652439
0.16361423
0.28988981
0.20502585
0.13341905
0.14527228
0.12532551
0.19655287
0.13251794
0.11431296
0.10435634
0.13220222
0.14849393
0.15274295
0.13465863
0.13728254
0.13068610
0.13645077
0.13702849
0.16147687
0.20266836
0.27724138
0.23968326
0.23543260
0.13369947
0.21667297
0.14465587
0.21388158
0.13586134
0.14594480
0.13777871
0.10629471
0.12144940
0.10291724
0.15743267
0.07483703
0.12197537
0.11076751
0.11352802
0.11876669
0.11961310
0.14922134
0.15397132
0.17652941
0.20935841
0.27403614
0.15869539
0.15765377
0.13318889
0.11666286
0.13378348
0.12360894
0.10133481
0.09607972
0.10998618
0.11309947
0.12233315
0.10187395
0.11610202
0.19000804
0.13016787
0.17406321
0.11224510
0.28429412
0.21641929
0.23462725
0.13465741
0.18810589
0.12057507
0.21547756
0.12762068
0.07172717
0.30502051
0.13857143
0.15511570
0.10614035
0.13880387
0.24487053
0.13906824
0.17298119
0.12569212
0.11923562
0.13409367
0.14686772
0.16418531
0.21571610
0.16657124
0.30918149
0.29680070
0.33725572
0.30616279
0.15199095
0.19062192
0.12859087
0.13417106
0.11125494
0.12567953
0.07794590
0.16989556
0.16235311
0.12833333
0.05669849
0.12879285
0.14077884
0.11264460
0.10738530
0.12090753
0.11936165
0.13776067
0.16965946
0.21178095
0.24587629
0.35757895
0.27469582
0.21227866
0.22530988
0.11178821
0.11509138
0.11047570
0.09685609
0.09492099
0.10650479
0.09808342
0.06774863
0.09216073
0.10704751
0.13804937
0.10106376
0.10872505
0.13033772
0.12416547
0.14568409
0.18914692
0.26299776
0.28208791
0.34082192
0.16555427
0.12450875
0.12283541
0.09384876
0.10143799
0.10283812
0.08273757
0.08365105
0.09136433
0.09200446
0.10802588
0.11185034
0.10703404
0.13472036
0.12083556
0.15865069
0.22721636
0.25078240
0.29098684
0.12670121
0.20734914
0.15547930
0.18046695
0.13493818
0.17433655
0.15452666
0.11679088
0.14235775
0.15213049
0.11067428
0.09285475
0.08540292
0.12939138
0.11469056
0.11749626
0.11761472
0.14334385
0.15206048
0.19557922
0.20011647
0.28330097
0.29212928
0.34319838
0.15321746
0.15158287
0.18810624
