0.301005
0.310382
0.28626
0.275094
0.254089
0.22842
0.218921
0.197101
0.195905
0.188216
0.224061
0.18671
0.228068
0.222056
0.246862
0.266556
0.262994
0.265711
0.271001
0.252694
0.27793
0.316761
0.343072
0.37761
0.421723
0.421089
0.398086
0.396494
0.408959
0.398876
0.402677
0.400888
0.397716
0.396264
0.376462
0.370706
0.347201
0.35832
0.363145
0.362373
0.347195
0.326808
0.299337
0.31837
0.261008
0.232965
0.250381
0.203721
0.229846
0.206135
0.158446
0.129425
0.0942064
0.0844936
0.0923722
0.066701
0.0744875
0.082191
0.0736835
0.0760076
0.0910013
0.121176
0.11815
0.118622
0.13156
0.0990814
0.127626
0.101504
0.0740333
0.0965094
0.109209
0.127817
0.134536
0.137705
0.113389
0.0766249
0.119779
0.0783412
0.117141
0.101962
0.123624
0.12696
0.131758
0.141324
0.149399
0.106668
0.111571
0.114917
0.0960763
0.0698352
0.0718129
0.0348345
-0.00745492
0.0244543
0.0979483
0.0684121
0.121206
0.139527
0.126952
0.125777
0.126494
0.144917
0.147897
0.164361
0.188325
0.188179
0.202686
0.188905
0.182758
0.167566
0.195041
0.1801
0.187308
0.16169
0.179539
0.162968
0.159652
0.191157
0.201428
0.210173
0.268183
0.261447
0.24211
0.210081
0.221748
0.206458
0.200531
0.198165
0.20175
0.195824
0.199321
0.18314
0.183284
0.183343
0.200625
0.196802
0.178515
0.189317
0.208242
0.182807
0.194271
0.194245
0.184714
0.194231
0.227752
0.233229
0.210616
0.20088
0.190631
0.183308
0.148386
0.136379
0.142295
0.141743
0.134755
0.123199
0.105409
0.115153
0.118409
0.109663
0.088506
0.0704997
0.0557099
0.0318944
0.03159
0.0376432
0.0369529
0.0524383
0.0634026
0.0358444
0.0217168
0.0393468
0.0260785
0.0285537
0.0503645
0.0490339
0.0580481
0.0677541
0.0746314
0.0752068
0.0993397
0.106301
0.125566
0.107819
0.0916665
0.104435
0.101564
0.0724246
0.0725121
0.0833366
0.0994372
0.112319
0.146269
0.152477
0.166903
0.166139
0.157574
0.182786
0.215004
0.207386
0.226005
0.232533
0.220569
0.239253
0.265927
0.234445
0.224903
0.199532
0.188408
0.165756
0.163004
0.144635
0.148959
0.15452
0.158258
0.193399
0.218444
0.224444
0.249352
0.243886
0.238634
0.245387
0.260663
0.25304
0.245781
0.251593
0.27414
0.283325
0.237244
0.206133
0.197466
0.17111
0.163893
0.156801
0.137745
0.111434
0.114836
0.129655
0.131284
0.135883
0.145775
0.143283
0.103801
0.0729926
0.0651199
0.0218211
0.00552864
-0.00840215
0.000984688
0.005164
0.00326187
-0.0315218
-0.0286429
-0.0175022
-0.00447479
0.0196142
0.0103958
0.0059325
0.0265328
0.047865
0.0460238
0.0542241
0.102707
0.12412
0.17516
0.19712
0.214281
0.22782
0.228806
0.243326
0.276842
0.286128
0.298043
0.315643
0.321087
0.293049
0.310226
0.339265
0.338042
0.328185
0.315907
0.295048
0.29237
0.259676
0.228487
0.244081
0.249471
0.256933
0.25519
0.255796
0.241552
0.22985
0.239954
0.239522
0.232656
0.23173
0.223146
0.22447
0.217971
0.216461
0.210815
0.203982
0.184651
0.189484
0.202091
0.194375
0.206235
0.206416
0.200803
0.22142
0.228797
0.232064
0.234754
0.266499
0.25884
0.261452
0.270812
0.266291
0.257765
0.247248
0.237581
0.232951
0.240987
0.227568
0.221102
0.21449
0.187372
0.194526
0.184432
0.18426
0.193188
0.196034
0.188816
0.205869
0.221056
0.210474
0.236649
0.239721
0.219253
0.226399
0.217722
0.2205
0.223094
0.275694
0.266237
0.259955
0.312395
0.283353
0.286184
0.30092
0.287382
0.284775
0.277406
0.273647
0.296165
0.270203
0.272614
0.296307
0.262414
0.262867
0.285543
0.299225
0.258615
0.228237
0.245663
0.168474
0.197671
0.188295
0.151914
0.144531
0.107972
0.1019
0.089798
0.0558789
0.0495714
0.0270858
0.0140974
-0.0499916
-0.0338579
-0.0395298
-0.0654354
-0.0553333
-0.0351482
-0.0423313
-0.0183273
-0.0361876
-0.0164767
-0.0139181
-0.0200941
0.0120786
0.035556
0.0173486
0.0139616
0.0403671
0.0927624
0.0588725
0.0705419
0.0892578
0.0913173
0.118552
0.16141
0.189753
0.175812
0.197674
0.206708
0.210947
0.252843
0.239661
0.258917
0.2537
0.235688
0.252132
0.265884
0.257972
0.25763
0.250939
0.266597
0.287122
0.286887
0.255204
0.245556
0.235199
0.239941
0.300129
0.283264
0.264001
0.289011
0.283675
0.370674
0.35505
0.330659
0.364428
0.325909
0.334415
0.363742
0.317724
0.319235
0.294649
0.32511
0.32774
0.354685
0.367359
0.318512
0.329936
0.318355
0.345491
0.384925
0.325667
0.294315
0.310564
0.284511
0.312274
0.302034
0.248456
0.232202
0.191942
0.200371
0.133488
0.101889
0.0563588
-0.00198602
0.0457868
-0.054231
-0.0671303
-0.0289741
-0.117616
-0.106308
-0.0836184
-0.0461891
-0.0321037
-0.0554061
-0.0567652
-0.0763804
-0.0550158
-0.0465526
-0.0065953
-0.00401306
-0.048592
-0.0422212
0.0239983
-0.0379707
-0.0217542
-0.00811793
-0.0112422
0.0326401
0.00709978
0.028034
0.0135238
-0.0117846
0.0115175
-0.00300052
0.0590815
0.0521018
0.0366118
0.0549678
0.00867279
0.0162555
0.00199874
0.0138402
-0.0206158
-0.0335878
-0.0559864
-0.0577998
-0.0956189
-0.0571809
-0.0335344
-0.0378455
-0.0320473
-0.0232247
0.00714391
0.00516999
0.0146769
0.0436984
0.0432875
0.0735613
0.135354
0.167312
0.183134
0.206088
0.217277
0.227621
0.202054
0.257542
0.274123
0.25712
0.271355
0.27166
0.271048
0.295809
0.254112
0.311627
0.253673
0.262322
0.293827
0.23633
0.311526
0.272419
0.300334
0.370243
0.29566
0.344812
0.32049
0.315016
0.318747
0.314817
0.324174
0.347531
0.309611
0.335268
0.327174
0.365568
0.300887
0.313336
0.327832
0.239417
0.300665
0.272907
0.199146
0.233733
0.177673
0.216054
0.229349
0.208693
0.271714
0.207837
0.226584
0.192341
0.187019
0.21984
0.116642
0.206596
0.202534
0.18897
0.262824
0.205277
0.182316
0.196996
0.15994
0.200506
0.203145
0.18107
0.17226
0.180127
0.17185
0.0994789
0.158567
0.149634
0.134291
0.179248
0.14731
0.160725
0.162011
0.117048
0.155349
0.147973
0.183336
0.191765
0.210637
0.173958
0.161808
0.178812
0.182
0.148161
0.153412
0.122077
0.135941
0.130418
0.108279
0.12362
0.120346
0.102992
0.0996274
0.10973
0.113321
0.106371
0.117397
0.0785979
0.0976772
0.0959614
0.119654
0.110041
0.101229
0.0995603
0.102671
0.0901346
0.0978588
0.0851267
0.0832382
0.0549242
0.0438385
0.0325424
0.0209334
0.0345331
0.0357676
0.0264275
0.0401051
0.0284609
0.0601792
0.0413841
0.045521
0.0671288
0.0597251
0.0707144
0.0698879
0.0668235
0.0926111
0.0951389
0.112879
0.112685
0.141762
0.149201
0.140724
0.146061
0.124033
0.167847
0.148421
0.158452
0.15269
0.12129
0.133585
0.131876
0.131399
0.125312
0.145652
0.157846
0.154248
0.151097
0.205041
0.216262
0.221917
0.24946
0.254058
0.258367
0.269729
0.264038
0.264277
0.243661
0.291304
0.290272
0.293517
0.294366
0.282107
0.297033
0.292161
0.28085
0.28586
0.305499
0.307794
0.286804
0.301442
0.273457
0.295763
0.278023
0.282751
0.292812
0.279542
0.26928
0.273992
0.218555
0.190695
0.204801
0.20423
0.189168
0.196903
0.207358
0.213928
0.194335
0.195898
0.178106
0.207838
0.193351
0.17183
0.190116
0.144098
0.163527
0.159318
0.163433
0.155856
0.190143
0.175952
0.192492
0.17622
0.146938
0.142778
0.130439
0.120992
0.161982
0.16681
0.162259
0.169816
0.155016
0.135503
0.147466
0.144717
0.129293
0.112596
0.10557
0.108185
0.122216
0.120036
0.119484
0.144589
0.148763
0.126797
0.161606
0.145604
0.122791
0.119809
0.107742
0.130124
0.131956
0.131687
0.145062
0.155221
0.133088
0.141405
0.139923
0.110167
0.0939011
0.105015
0.0862013
0.094042
0.101479
0.105861
0.107018
0.128197
0.137875
0.141064
0.144933
0.146849
0.130738
0.129964
0.110311
0.145496
0.148614
0.14426
0.155342
0.172427
0.155578
0.153357
0.128682
0.128323
0.103539
0.108434
0.100637
0.101686
0.115817
0.0970448
0.113678
0.131942
0.134065
0.135349
0.147541
0.157833
0.137655
0.126499
0.148133
0.148026
0.170948
0.167678
0.17132
0.193947
0.169807
0.181748
0.182159
0.152896
0.153362
0.133094
0.122228
0.133634
0.135984
0.15637
0.161147
0.181948
0.186076
0.229033
0.226602
0.212656
0.235906
0.198294
0.241347
0.260775
0.267896
0.283337
0.243017
0.261289
0.298299
0.235853
0.29706
0.248431
0.229672
0.22174
0.197483
0.23713
0.235518
0.224605
0.282922
0.251564
0.271253
0.241741
0.194008
0.184682
0.136446
0.126838
0.135141
0.138942
0.139725
0.0748797
0.100943
0.0671715
0.0636754
0.0559645
0.0613234
0.0478626
0.0553874
0.0853279
0.135373
0.0992112
0.166066
0.185393
0.204756
0.24169
0.251934
0.261132
0.214667
0.210824
0.266453
0.237419
0.264617
0.275208
0.333085
0.284879
0.274686
0.367796
0.287393
0.316889
0.310583
0.27853
0.267647
0.25514
0.258054
0.300424
0.265855
0.285746
0.289552
0.262584
0.254869
0.23797
0.22933
0.233228
0.224606
0.2632
0.245757
0.293073
0.244537
0.232636
0.283911
0.297756
0.284545
0.270605
0.252993
0.218912
0.192263
0.233643
0.144828
0.200267
0.179084
0.189907
0.18757
0.17977
0.17016
0.132793
0.103075
0.149106
0.139733
0.14237
0.147466
0.151329
0.107816
0.0903683
0.105433
0.150579
0.0999363
0.109495
0.0985652
0.0982936
0.103712
0.0604626
0.0716898
0.0763137
0.0971078
0.0996396
0.114777
0.13343
0.129151
0.115634
0.146567
0.159631
0.137171
0.145493
0.152558
0.140533
0.166239
0.161074
0.146797
0.129128
0.10912
0.0919887
0.0724663
0.0424866
0.0234132
0.000329402
0.00204071
-0.0118937
-0.0163326
-0.0169825
-0.00992313
0.00634218
0.0190849
0.035534
0.0632736
0.0732031
0.0808594
0.0897976
0.105561
0.132008
0.137733
0.159877
0.163621
0.136699
0.160303
0.134575
0.115074
0.101743
0.0808449
0.0690919
0.0758967
0.0702526
0.0731151
0.0972029
0.121452
0.149081
0.159984
0.169938
0.169148
0.178922
0.175264
0.184537
0.205998
0.185628
0.192922
0.217789
0.198153
0.194188
0.182844
0.166471
0.138506
0.131813
0.131177
0.100654
0.132242
0.126419
0.140727
0.192231
0.191996
0.212375
0.22438
0.214622
0.221786
0.234229
0.2283
0.223409
0.266452
0.219334
0.244831
0.274303
0.203146
0.2356
0.245797
0.215343
0.220058
0.241066
0.199008
0.2162
0.202822
0.246533
0.248074
0.22612
0.258117
0.261507
0.286545
0.28603
0.338328
0.345134
0.285315
0.354204
0.334955
0.297441
0.344083
0.316975
0.317015
0.307258
0.284274
0.267092
0.248929
0.210829
0.16018
0.172748
0.180376
0.146477
0.170194
0.183013
0.140678
0.154373
0.130558
0.147784
0.150705
0.134437
0.206661
0.162154
0.138879
0.125398
0.144407
0.11956
0.0800508
0.15779
0.133731
0.13058
0.162714
0.13071
0.142907
0.134343
0.148573
0.144631
0.142776
0.145846
0.202112
0.164144
0.19802
0.18766
0.165786
0.175155
0.121998
0.155888
0.138825
0.143119
0.121354
0.101639
0.126793
0.102588
0.110354
0.110667
0.0903268
0.0671536
0.0836104
0.0801461
0.0460683
0.036989
0.0408852
0.0526521
0.0493582
0.0945899
0.117034
0.132465
0.139708
0.160505
0.173209
0.164761
0.19335
0.206405
0.213641
0.219882
0.231938
0.239466
0.223668
0.216697
0.210418
0.199703
0.160883
0.145497
0.142033
0.110728
0.11423
0.110121
0.136717
0.113844
0.129053
0.148898
0.110565
0.119443
0.0890123
0.0883587
0.0786922
0.0718614
0.0752472
0.0520684
-0.000571802
0.00278189
-0.0123214
-0.00866618
-0.0244786
-0.0103099
-0.012758
-0.0174279
-0.00261146
-0.0121022
-0.0124798
0.0472447
0.0227485
0.0440419
0.0663864
0.0543289
0.0664599
0.0745777
0.0898547
0.114285
0.106054
0.135892
0.0790835
0.0890329
0.0720068
0.0843938
0.117226
0.103139
0.115447
0.119193
0.0828454
0.128701
0.116628
0.153289
0.180138
0.206255
0.187628
0.179548
0.193766
0.200958
0.208085
0.281206
0.289862
0.306896
0.312949
0.28548
0.295237
0.292309
0.324669
0.374219
0.338457
0.354287
0.322292
0.297402
0.311352
0.273916
0.289425
0.284263
0.287982
0.305992
0.275634
0.267823
0.234134
0.202271
0.213083
0.227398
0.224407
0.215443
0.187813
0.167261
0.138076
0.110789
0.13924
0.128349
0.129918
0.123628
0.105009
0.117619
0.0999755
0.118693
0.0997644
0.0980341
0.10994
0.104349
0.133992
0.11863
0.170857
0.181415
0.186701
0.207267
0.189805
0.17576
0.190492
0.1996
0.209937
0.215852
0.209233
0.213015
0.197706
0.182592
0.189984
0.182519
0.194944
0.168287
0.176754
0.187505
0.170951
0.194471
0.175302
0.199218
0.221606
0.21831
0.24498
0.252828
0.223679
0.233495
0.237549
0.24085
0.255092
0.261391
0.271286
0.25423
0.229222
0.228164
0.21462
0.222453
0.210904
0.20712
0.198481
0.17671
0.185832
0.173362
0.168056
0.191922
0.187757
0.192362
0.207287
0.212095
0.204989
0.19158
0.177587
0.159937
0.1564
0.132938
0.117503
0.115727
0.0871542
