0.09179523
0.07441376
0.05698434
0.07122528
0.04546589
0.05062691
0.06159859
0.06495777
0.06681750
0.06582434
0.06493684
0.07952506
0.09601734
0.08470032
0.07329532
0.06144283
0.06123657
0.08435080
0.06798590
0.05950211
0.06541134
0.06592612
0.07068366
0.04965649
0.07187202
0.08126143
0.06674777
0.06529682
0.06415722
0.06497263
0.06347870
0.06740526
0.06545020
0.06151901
0.06184046
0.07196347
0.09099196
0.09544041
0.07409642
0.07195452
0.05697811
0.06554781
0.06782709
0.06559695
0.07121530
0.07244340
0.07137603
0.04579776
0.08021588
0.09166609
0.06993989
0.07761311
0.07983897
0.08089552
0.08385944
0.08924780
0.08539021
0.07942851
0.07426277
0.08907347
0.12725837
0.11662580
0.09559328
0.06907595
0.05514382
0.07211912
0.07390828
0.08002594
0.07636258
0.07362801
0.07017423
0.05158766
0.08012036
0.08876537
0.08729504
0.09238731
0.07567465
0.06757718
0.07356270
0.07639078
0.07568236
0.07516113
0.07104630
0.08866980
0.10809281
0.11038117
0.07925965
0.06180687
0.06877450
0.07047081
0.07439389
0.07695652
0.06801404
0.06270290
0.06476685
0.04539289
0.06562840
0.07195603
0.05978753
0.06184196
0.06180974
0.05967609
0.19032455
0.06334260
0.06528286
0.07055219
0.06986681
0.08896371
0.10117113
0.09800771
0.07620843
0.05917069
0.06049423
0.06910124
0.05997984
0.05698926
0.05850596
0.05542030
0.05627879
0.04562490
0.05741324
0.06776311
0.05653163
0.05768936
0.05906333
0.05613499
0.06276782
0.06730117
0.06841261
0.07271467
0.07262889
0.08679987
0.10174909
0.09340538
0.07249085
0.05693333
0.07498134
0.07472043
0.07602766
0.07498156
0.07353808
0.07077946
0.07997641
0.05483525
0.08136495
0.09850485
0.08124040
0.09231382
0.08865803
0.09042653
0.08859807
0.09117813
0.08896142
0.08401678
0.07840734
0.08667080
0.10250342
0.08527120
0.06833674
0.05631128
0.07047632
0.06787663
0.06584423
0.06116351
0.06453028
0.06672611
0.05523981
0.04785883
0.06370726
0.06637657
0.06141496
0.06175446
0.06111957
0.06436483
0.06665349
0.07281327
0.07642738
0.07415661
0.07128682
0.08308498
0.09323024
0.08957621
0.07121875
0.05735218
0.06997329
0.07723844
0.07678086
0.07427756
0.07498199
0.07549685
0.07611791
0.05080265
0.06674415
0.07356870
0.08570675
0.06667778
0.05684296
0.07728412
0.05550663
0.03869543
0.04935501
0.04691430
0.04573344
0.06304288
0.07864302
0.07860185
0.06621551
0.05502084
0.04002887
0.03740277
0.04781922
0.05916509
0.04431110
0.05544950
0.06134480
0.03720971
0.06329354
0.08735061
0.06428785
0.05969799
0.06522926
0.06227227
0.06400459
0.06029461
0.05253948
0.04449647
0.04540851
0.06137432
0.07544357
0.08459060
0.06719078
0.05780536
0.04445096
0.03582721
0.04242303
0.05326247
0.04722833
0.05975397
0.05424531
0.03649678
0.03388141
0.05137312
0.06722755
0.06007188
0.05550080
0.04713021
0.04318107
0.03155306
0.03353294
0.03608346
0.06555470
0.08385660
0.06651982
0.05725403
0.05516354
0.04121749
0.05671384
0.06132575
0.06512448
0.05893007
0.06307481
0.06529003
0.03905325
0.06333257
0.09695702
0.07194236
0.06224932
0.06108258
0.06494002
0.05822554
0.05809097
0.05208192
0.04609390
0.04634578
0.05952174
0.07549411
0.07388995
0.05990792
0.05244742
0.04070554
0.03506189
0.05282147
0.04850573
0.03311555
0.03910895
0.03339432
0.02514424
0.02892930
0.03000301
0.03020594
0.03272824
0.02823130
0.02957607
0.03240973
0.03600979
0.04125242
0.05061902
0.07192763
0.08333184
0.07153232
0.06175273
0.05168538
0.04104676
0.03760821
0.03378476
0.03383605
0.03269675
0.03141702
0.03131018
0.03069172
0.04313215
0.03504332
0.04204865
0.04123775
0.03521330
0.03139514
0.03047829
0.03234094
0.03701564
0.04173893
0.04829673
0.06691067
0.07895260
0.07595002
0.06316069
0.05371677
0.04321176
0.04221337
0.04243572
0.04707494
0.04167182
0.03942044
0.04624250
0.03818812
0.05563587
0.04589402
0.13177596
0.03913287
0.02719418
0.03087813
0.03225944
0.04130959
0.03812680
0.04289170
0.04859649
0.06005732
0.06479577
0.06240305
0.05240788
0.04440877
0.04524198
0.04269395
0.04988923
0.05574100
0.05578563
0.04253760
0.04782633
0.04684047
0.06083835
0.07309312
0.06970182
0.06397208
0.04310264
0.04135507
0.04815982
0.05439247
0.05781374
1.93784314
0.03864760
0.10194815
0.11415796
0.10093211
1.59741935
0.06607253
0.08427117
0.07139392
0.07120550
0.08965043
0.08795218
0.07726430
0.07728795
0.07348975
0.06944321
0.07329757
0.07424289
0.06569869
0.05369357
0.05071901
0.04140189
0.04551352
0.04681594
0.06559145
0.08253701
0.09103056
0.11425732
0.11221491
0.09243628
0.07585529
0.09258273
0.05473048
0.06165009
0.06016939
0.05840111
0.05695917
0.05522346
0.05324770
0.05111774
0.05087946
0.05393278
0.05362170
0.05074378
0.04901436
0.03974870
0.04044109
0.04159174
0.06034433
0.07158842
0.08777379
0.09477623
0.08793203
0.07771624
0.06682895
0.06423733
0.05844805
0.06000000
0.06057128
0.05909671
0.04597442
0.05150624
0.04631422
0.04736228
0.04537500
0.03968444
0.04030088
0.03815014
0.03069500
0.03426127
0.03791241
0.04560779
0.06770101
0.08184345
0.09992775
0.10710030
0.09234351
0.07678295
0.06377256
0.23501869
0.04717523
0.05357302
0.03965799
0.04869761
0.04294911
0.04445901
0.04798999
0.04242385
0.04931594
0.03882313
0.03717497
0.03552031
0.03156492
0.03094749
0.03669607
0.04224732
0.05830411
0.07629977
0.08803977
0.09776007
0.08450540
0.06798541
0.06177860
0.05906351
0.05619847
0.05909062
0.07662100
0.05766406
0.03442201
0.04742826
0.04521520
0.04009152
0.04154207
0.03686347
0.03728222
0.03580786
0.03101024
0.03159411
0.03352788
0.03551220
0.04390055
0.05567202
0.07399001
0.08087081
0.07162480
0.06250398
0.05548924
0.05234188
0.04759802
0.05079076
0.04861918
0.04836277
0.04095430
0.04738047
0.05122682
0.04752240
0.04339653
0.04053599
0.03626548
0.03652141
0.03336971
0.03334132
0.03392084
0.03940504
0.04771057
0.06291348
0.07807925
1.40869565
0.04919444
0.07834260
0.06686055
1.41551136
0.02961562
0.05228506
0.05344267
0.05270205
0.04993697
0.05404064
0.05518241
0.05981744
0.06552453
0.04648728
0.03623103
0.04477217
0.04135748
0.03681538
0.04007172
0.05875140
0.05013479
0.07138514
0.05783313
0.08111010
0.10404462
0.08640303
0.07485519
0.06495755
0.05682778
0.06023242
0.06573145
0.06070054
0.04957799
0.04486567
0.05489749
0.04168054
0.04910934
0.04666047
0.04456666
0.03921236
0.04325026
0.04223176
0.05061687
0.05719970
0.06882155
0.07841573
0.09350545
0.10379699
0.11147246
0.09166434
0.08079352
0.06788424
0.06560174
0.06319972
0.07380939
0.07023736
0.03990014
0.05458110
0.05056984
0.04972252
0.04953427
0.05866758
0.05300355
0.04401331
0.03710115
0.03452901
0.04115377
0.04412948
0.06827628
0.07600517
0.09299218
0.10107763
0.09071538
0.07308238
0.06283380
0.05509380
0.05152263
0.05174266
0.05160779
0.05070047
0.05200601
0.05377683
0.05040959
0.05293503
0.04997626
0.04145528
0.03951575
0.03718839
0.03298864
0.03444953
0.03722904
0.04362327
0.05978074
0.07228571
0.08773002
0.13183638
0.08379863
0.05424783
0.06758286
0.05892813
0.05629139
0.05581040
0.05796080
0.05268948
0.04967488
0.04805725
0.04653359
0.04302618
0.03969141
0.04450372
0.04211619
0.03387760
0.03046345
0.02943522
0.03443383
0.03454592
0.05264174
0.06005107
0.07288358
0.07737263
0.06738408
0.06006390
0.05364564
0.05103990
0.04390636
0.04915826
0.04880718
0.04300309
0.04023952
0.04427622
0.05297737
0.05631195
0.05567357
0.05028451
0.04890759
0.04060762
0.03902478
0.03813949
0.04471737
0.04636512
0.06265376
0.07272243
0.08628495
0.08982788
0.08020108
0.07661773
0.07189840
0.07188610
0.08900000
0.06155868
0.06176604
0.05866359
0.05418936
0.05560644
0.05744135
0.05789519
0.05605421
0.05302600
0.05725689
0.05287254
0.04772094
0.04651272
0.04714024
0.04689453
0.09599692
0.10226389
0.11756428
0.11657556
0.10571031
0.08790744
0.08291667
0.08605426
0.09612277
0.10882272
0.10802876
0.11553253
0.09667332
0.12091429
0.12464607
0.12018430
0.12167724
0.09622137
0.09670092
0.09578373
0.07751519
0.06860902
0.07116460
0.06840512
0.09256908
0.08698502
0.15161092
0.13047441
0.08995940
0.10143326
0.09084105
0.08145956
0.07177696
0.07031053
0.07004505
0.06565928
0.05676136
0.05561632
0.05735576
0.05541880
0.06059946
0.12190182
0.05183055
0.04954430
0.04653166
0.07708360
0.05099838
0.04553380
0.07685639
0.05280449
0.05013699
0.09275550
0.10577573
0.08214214
0.07360492
0.07345271
0.06548109
0.06026549
0.06044093
0.05923657
0.05273383
0.05102898
0.04937817
0.05501983
0.04056962
0.10580435
0.12347153
0.12964654
0.14123251
0.13262058
0.13971244
0.04247022
0.05791134
0.07381529
0.08578252
0.09436740
0.04694470
0.06920146
0.05918529
0.06823451
0.12345585
0.12596690
0.03343924
0.10947559
0.09373581
0.10626276
0.11762970
0.08847890
0.10029582
0.10052769
0.09761577
0.09756845
0.10286178
0.14076593
0.12910593
0.10898197
0.14596315
0.23996656
0.12884044
0.06886139
0.08996641
0.07811096
0.06406699
0.22006353
0.11484710
0.07048399
0.08172992
0.09458620
0.31137207
0.23428859
0.09805401
0.16336869
0.17193793
0.13728585
0.11369888
0.08970186
0.08796681
0.09150833
0.14196575
0.05124685
0.11178182
0.08570217
0.05465641
0.06857907
0.05903661
0.05231691
0.05498827
0.10411397
0.09829464
0.05629530
0.06699681
0.10132580
0.09545982
0.12243895
0.12229079
0.08467624
0.10630133
0.11172517
0.11621193
0.11232425
0.09592939
0.10996785
0.08694952
0.07723893
0.09390225
0.09735323
0.09135846
0.25043716
0.04288360
0.06462893
0.05742775
0.09619160
0.10213483
0.05603197
0.06698511
0.09697733
0.09254539
0.11871316
0.13965734
0.08348071
0.09249071
0.09713855
0.10089160
0.09429623
0.09381837
0.08314192
0.07138189
0.06596472
0.07443820
0.07497551
0.06714644
0.06706250
0.05721938
0.05575112
0.06310715
0.08635408
0.08729015
0.05102274
0.06173865
0.09079383
0.09359307
0.09980689
0.06676009
0.07422477
0.08073850
0.08668724
0.09165493
0.09175313
0.10181354
0.09599888
0.11727092
0.13396601
0.14286260
0.10586989
0.10536351
0.08829871
0.07418043
0.09137220
0.05538621
0.09260548
0.08662430
0.05272116
0.07436796
0.09355024
0.09386111
0.11147709
0.11170141
0.13621137
0.09968921
0.09403720
0.09772556
0.09872106
0.09385363
0.09633449
0.08335344
0.17739280
0.04972051
0.09797143
0.09623639
0.08652745
0.06877519
0.05914470
0.06671654
0.07939876
0.07828596
0.05325924
0.07103085
0.08693227
0.09040018
0.12344025
0.23313433
0.08792453
0.10143741
0.10091885
0.10334534
0.09273374
0.09640000
0.08910760
0.07598943
0.08584861
0.09980210
0.10511822
0.10022251
0.08613596
0.07234904
0.06873418
0.05864386
0.07054664
0.09742713
0.06372181
0.04990691
0.05577418
0.07771418
0.09449861
0.09865575
0.08599203
0.09471387
0.08003032
0.09384565
0.11515525
0.10635115
0.10024476
0.12943538
0.04860943
0.07910891
0.08130435
0.07696408
0.07136767
0.05993606
0.06174350
0.05317185
0.06432850
0.04802042
0.04956159
0.04351742
0.04072103
0.03927950
0.03914656
0.05801208
0.07456778
0.07577956
0.07915954
0.08995012
0.05638366
0.09399898
0.06015734
0.05960350
0.07112757
0.07696731
0.07862022
0.07412121
0.06635636
0.06484871
0.05896355
0.05672523
0.04944398
0.05136616
0.05015075
0.04512758
0.04628251
0.04214195
0.04268973
0.05114334
0.09884745
0.07661247
0.07373863
0.08401318
0.07939499
0.07175556
0.05345812
0.06118336
0.06816199
0.08334078
0.08083671
0.07796541
0.06961474
0.06292628
0.05679936
0.05640250
0.05528056
0.07031111
0.05356197
0.04034694
0.04469436
0.04187571
0.05002939
0.04794842
0.05144870
0.03967012
0.03617267
0.03089582
0.03536350
0.03379227
0.04165472
0.14650447
0.04496087
0.12535398
0.10075397
0.10026612
0.07915123
0.07743757
0.06057760
0.06021209
0.06015099
0.08417521
0.09322483
0.08370454
0.09977337
0.10046950
0.08658288
0.07451337
0.04087013
0.03061311
0.03345666
0.02972275
0.03565421
0.04715374
0.06699472
0.08231783
0.08780358
0.10493728
0.10878752
0.10102532
0.11507202
0.09428926
0.08329235
0.07478245
0.08639628
0.09031990
0.09169289
0.09448366
0.09135903
0.09126926
0.08954350
0.09472859
0.04402713
0.03566387
0.03452650
0.03725907
0.03649571
0.04639117
0.04613325
0.06904182
0.08377677
0.09026497
0.11401216
0.10891107
0.09852503
0.07480253
0.13516563
0.05089853
0.06145888
0.05519487
0.06024948
0.07842041
0.08363913
0.08951982
0.09727911
0.09824324
0.05048301
0.04179779
0.04218612
0.04121229
0.04579646
0.05236101
0.05154359
0.10632454
0.08992181
0.08992181
0.09000000
0.09735589
0.08697697
0.08148794
0.07244411
0.06769926
0.05873111
0.05063336
0.06239752
0.10624116
0.08167475
0.08424440
0.09229433
0.09545743
0.04567656
0.04104967
0.04101398
0.04784350
0.04572662
0.06292522
0.06656542
0.08213475
0.09531187
0.09618705
0.11305743
0.08824373
0.08957944
0.07396419
0.08255443
0.06393182
0.06267256
0.05547387
0.06474869
0.05915370
0.07695625
0.06451936
0.07378908
0.10028329
0.04959025
0.04228983
0.05845832
0.04797697
0.05075706
0.05280835
0.07358348
0.08488302
0.09174458
0.09392749
0.08804348
0.08159255
0.07776735
0.07705109
0.07475039
0.06686090
0.09162403
0.06626416
0.06791677
0.06117850
0.06235785
0.06327509
0.06864377
0.09565012
0.05997360
0.06201270
0.06811449
0.05625666
0.05643110
0.04980219
0.07409245
0.09453137
0.09870237
0.10957055
0.11878425
0.10161290
0.10243764
0.11209278
0.10312541
0.08648243
0.08347254
0.08154926
0.10573867
0.07994994
0.07797709
0.07389897
0.07709238
0.06982730
0.19237339
0.06129764
0.06354411
0.05889947
0.06226746
0.07282020
0.08427238
0.09547184
0.12743185
0.07800687
0.09893511
0.09538158
0.09514009
0.09113914
0.08712921
0.07899293
0.07249235
0.06986324
0.08186615
0.08991186
0.09655716
0.10069885
0.11334943
0.11680969
0.07192852
0.06773118
0.05162835
0.05398126
0.06111910
0.09901765
0.19737717
0.14770626
0.07086360
0.12635706
0.13293310
0.10620370
0.10656325
0.12010569
0.11592280
0.10417203
0.11794458
0.09722404
0.11279736
0.11463301
0.12117086
0.12031621
0.12401936
0.13585601
0.07245142
0.06959498
0.04873914
0.04439713
0.04937172
0.07547851
0.10224906
0.36862197
0.11049849
0.07053959
0.13306581
0.14555118
0.13453351
0.12931720
0.12975774
0.11890186
0.11125817
0.13286529
0.10830857
0.10913680
0.10310110
0.11131334
0.11727731
0.16991914
0.04858087
0.03926727
0.03877816
0.05150771
0.08075882
0.10855533
0.11254140
0.10879781
0.11844241
0.13181063
0.12192691
0.10804299
0.10804299
0.06117856
0.10760056
0.10054757
0.09911432
0.09993488
0.09933912
0.09846535
0.09609734
0.09677016
0.10143569
0.09833607
0.09040869
0.10667185
0.11041398
0.10454071
0.11193678
0.11123069
3.12685185
0.04443755
0.13011382
0.13508621
0.12451852
0.10845466
0.10978587
0.10279597
0.11358200
0.08364547
0.06201220
0.07012016
0.09083067
0.06874166
0.05727657
0.06410970
0.06048979
0.69460815
0.05635916
0.05306365
0.05290438
0.05380686
0.06180311
0.07961856
0.09015326
0.10420668
0.11942424
0.12828157
0.12609589
0.11108696
0.12363203
0.10410365
0.08548754
0.07739130
0.07470639
0.07261782
0.08621572
0.07204545
0.06679036
0.07560572
0.12183901
0.09395581
0.04561912
0.05675096
0.05518733
0.05551439
0.06141671
0.07430228
0.11523847
0.06590580
0.11422104
0.12303136
0.11117479
0.12922768
0.10297418
0.08492158
0.08069130
0.23995392
0.04646524
0.07467406
0.07483733
0.07465593
0.06962172
0.08356156
0.10353770
0.07509927
0.05890666
0.05622929
0.05827252
0.06175364
0.06771204
0.08041722
0.08381944
0.09684896
0.11522099
0.12427239
0.12105437
0.09724426
0.10222642
0.09867880
0.08720493
0.08234714
0.07257875
0.09139050
0.07328160
0.07429176
0.14626789
0.11358871
0.09696260
0.07946928
0.09826590
0.07320371
0.08178686
0.08437101
0.07921019
0.24684255
0.07801145
0.12939198
0.15784872
0.73324675
0.08554680
0.17876543
0.17037565
0.13243307
0.16511732
0.12669482
0.10218822
0.06971429
0.16176060
0.07578756
0.07547842
0.06497700
0.07181884
0.11134177
0.09194892
0.10825879
0.08461654
0.09913739
0.10646347
0.11141753
0.12895559
0.14831504
0.14823476
0.11932976
0.14437363
2.11617647
0.11700096
0.12917866
0.11110524
0.09133386
0.09449168
0.15566771
0.06637318
0.09603151
0.10828280
0.10346165
0.09955355
0.11094758
0.14234211
0.12326567
0.14885560
0.12217075
0.07467944
0.06261530
0.08568566
0.13120675
0.54947977
0.06740367
0.11119205
0.11176116
0.11765657
0.10747777
0.09483051
0.09047052
0.08125000
0.08377164
0.08377150
0.08027195
0.09372384
0.08420242
0.08234767
0.08014861
0.07952027
0.07732510
0.08165409
0.08406526
0.08918519
0.09841491
0.28932088
0.07726145
0.15538820
0.16207843
0.15837621
0.13170492
0.15201802
0.12464935
0.10866467
0.10610121
0.09856322
0.10404790
0.08586531
0.08705278
0.08421018
0.08732638
0.08044792
0.10008272
0.11209470
0.09107589
0.07395902
0.07986578
0.05910474
0.06328397
0.09987179
0.10075983
0.10854785
0.08831950
0.09046699
0.09261554
0.09209784
0.08680142
0.08341490
0.06798095
0.05792257
0.06399136
0.24630499
0.50608115
0.34731910
0.13011313
0.04892036
0.08886580
0.06641509
0.04642666
0.04508049
0.07415010
0.08496310
0.09653402
0.10437673
0.10889594
0.13025948
0.15460251
0.11366615
0.09871486
0.12039779
0.12458080
0.11051938
0.10537532
0.10202270
0.10655150
0.31572139
0.05857143
0.10116547
0.09989446
0.10462462
0.12047659
0.04965545
0.04742945
0.05524395
0.07463052
0.09384239
0.10813604
0.12986805
0.12108930
0.15675676
0.17653608
0.12588785
0.10733967
0.10627336
0.12483202
0.11672905
0.10627547
0.10408631
0.10126608
0.09584524
0.09523731
0.09365072
0.09412656
0.09216384
0.09982582
0.06777569
0.06389478
0.05387692
0.05733319
0.05990513
0.06891313
0.08216592
0.10025203
0.10332975
0.10976744
0.12593407
0.11743879
0.11449585
0.08498390
0.07816345
0.08208065
0.07105754
0.07108790
0.06890694
0.06826643
0.07548432
0.07667601
0.07722919
0.07974535
0.07068863
0.06347818
0.06486721
0.05864575
0.06252237
0.07040846
0.08317341
1.35045977
0.04749874
0.11080808
0.13188442
0.12316953
0.10109422
0.09303133
0.09175000
0.09259077
0.09605595
0.07873669
0.07424444
0.08294340
0.08066792
0.07853302
0.07542870
0.09249020
0.08870419
0.04930052
0.04697631
0.05787249
0.08614556
0.09993936
0.09774908
0.11509636
0.11561947
0.12026217
0.13040650
0.13261364
0.12135506
0.11065762
0.10613963
0.10221352
0.09502526
0.09673993
0.09978406
0.09187729
0.11575487
0.09505208
0.10643449
0.11390830
0.06117608
0.04494755
0.03973604
0.08547451
0.10355095
0.10744951
0.11004149
0.12131833
0.12497685
0.12656593
0.11782324
0.10954774
0.11151679
0.10817365
0.12392000
0.10681750
0.09553279
0.09036364
0.04095040
0.03644133
0.02388370
0.02860733
0.04731336
0.05681487
0.02492505
0.03298402
0.02583569
0.02921777
0.02941888
0.04750315
0.03946532
0.05124088
0.05427523
0.07064990
0.05633858
0.05078197
0.05623201
