158.052
154.441
157.085
155.286
154.554
151.248
152.61
326.618
364.989
367.68
382.274
357.956
364.518
360.201
356.014
351.336
336.099
330.287
325.062
316.149
313.203
306.489
308.935
307.426
303.038
305.142
303.067
296.581
297.092
299.835
306.837
295.227
294.971
297.84
295.163
301.111
298.794
301.884
305.665
305.256
315.951
306.189
311.284
300.01
317.207
317.48
316.179
300.991
301.871
282.875
278.588
268.481
273.362
278.153
271.975
269.659
271.29
265.684
273.999
268.687
275.996
263.321
264.159
265.47
258.935
258.435
257.589
260.92
266.925
267.141
274.396
285.785
287.499
298.134
304.227
304.907
317.153
297.637
304.474
283.341
296.337
291.76
294.37
297.998
304.498
296.271
291.151
285.099
295.053
298.401
303.032
309.376
308.348
302.567
313.19
304.029
307.736
288.785
290.833
291.062
286.955
293.741
291.694
300.37
288.358
147.82
148.391
147.678
151.242
149.209
152.494
148.185
154.082
145.845
150.214
153.594
145.634
150.81
149.942
151.114
150.961
147.368
151.993
146.714
147.983
145.694
148.158
146.071
149.65
147.964
150.096
149.634
149.247
151.734
146.578
149.329
149.866
146.904
149.176
147.333
152.523
147.442
150.39
148.336
152.422
151.686
152.316
154.651
153.8
148.268
150.662
151.492
148.28
149.444
151.829
151.859
156.15
150.801
158.932
149.646
152.208
149.246
152.105
150.654
148.561
152.595
152.076
148.447
154.146
153.726
153.391
152.865
151.013
150.634
152.959
148.566
154.296
151.729
154.459
154.817
152.94
155.698
151.433
151.767
152.495
152.688
152.279
148.079
155.463
148.683
151.865
152.577
156.603
150.716
154.621
152.124
153.327
147.175
150.908
149.217
150.523
149.909
152.224
152.335
152.186
151.191
153.301
147.73
153.659
149.09
149.177
149.27
149.83
149.819
150.822
151.044
156.099
149.939
154.671
153.33
151.09
149.061
151.383
149.527
152.541
147.685
153.567
147.876
156.483
151.289
153.602
148.639
154.1
146.955
150.567
149.159
150.585
148.891
152.94
149.565
156.109
149.931
157.702
150.064
154.14
150.147
153.544
150.619
155.704
149.932
157.488
148.986
155.982
157.692
153.51
155.141
155.423
150.635
153.566
149.298
156.69
149.078
160.836
152.795
155.973
151.999
156.078
150.14
154.899
149.862
153.706
151.328
154.739
149.955
156.543
155.412
154.901
153.463
156.761
151.484
155.683
148.561
155.038
151.001
153.833
153.922
151.881
152.887
153.872
154.622
155.922
153.236
154.965
151.08
152.534
148.588
151.787
149.509
151.744
150.85
153.547
151.647
153.943
150.797
149.777
150.348
150.352
322.878
362.797
365.729
380.072
356.129
363.354
358.827
354.682
350.292
334.781
329.136
323.862
315.019
312.136
305.826
308.25
306.493
302.1
304.13
302.144
295.574
296.151
298.791
305.952
294.341
293.928
297.16
294.309
300.458
298.09
301.184
305.054
304.58
315.189
305.807
310.805
299.563
316.873
317.217
315.887
300.691
301.683
282.699
278.326
268.524
273.32
278.288
272.116
269.811
271.547
265.846
274.241
268.687
275.996
263.321
264.159
265.47
258.935
258.435
257.589
260.92
266.925
267.141
274.396
285.785
287.499
298.134
304.227
304.907
317.153
297.637
304.474
283.341
296.337
291.76
294.37
297.998
304.498
296.271
291.151
285.099
295.053
298.401
303.032
309.376
308.348
302.567
313.19
304.029
307.736
288.785
290.833
291.062
286.955
293.741
291.694
300.37
288.358
147.82
315.347
345.839
317.823
344.105
308.054
321.609
308.599
306.032
308.697
306.555
310.298
318.614
296.43
312.386
304.701
303.972
299.367
313.892
312.466
301.964
306.016
321.226
301.514
319.13
305.177
306.887
316.501
308.653
318.618
317.383
322.839
319.853
316.46
339.14
291.639
322.614
303.723
311.43
313.126
306.136
315.125
323.989
288.729
302.98
309.565
304.738
306.225
316.062
315.047
305.05
308.446
329.923
294.617
311.143
295.93
300.562
308.304
291.507
311.044
305.825
152.076
148.447
154.146
153.726
153.391
152.865
348.724
380.715
349.896
376.537
337.05
352.084
336.803
336.718
337.12
333.883
338.6
345.664
323.692
339.087
330.933
330.371
325.523
340.736
338.135
327.106
331.05
345.873
324.753
342.62
328.479
327.78
338.496
328.979
341.186
338.654
343.837
341.543
337.814
361.499
310.999
343.471
323.369
330.831
332.255
325.357
334.446
343.133
307.062
323.54
330.727
324.05
327.531
337.113
334.856
324.681
326.979
350.496
312.167
331.081
315.987
319.711
329.523
311.478
333.003
325.052
154.1
146.955
150.567
149.159
150.585
148.891
152.94
149.565
156.109
149.931
157.702
150.064
154.14
150.147
153.544
150.619
155.704
149.932
157.488
148.986
155.982
157.692
153.51
155.141
155.423
150.635
153.566
149.298
156.69
149.078
160.836
152.795
155.973
151.999
156.078
150.14
154.899
149.862
153.706
151.328
154.739
149.955
156.543
155.412
154.901
153.463
156.761
151.484
155.683
148.561
155.038
151.001
153.833
153.922
151.881
152.887
153.872
154.622
155.922
153.236
154.965
151.08
152.534
148.588
151.787
149.509
151.744
150.85
153.547
151.647
153.943
150.797
149.777
150.348
150.352
322.878
362.797
365.729
380.072
356.129
363.354
358.827
354.682
350.292
334.781
329.136
323.862
315.019
312.136
305.826
308.25
306.493
302.1
304.13
302.144
295.574
296.151
298.791
305.952
294.341
293.928
297.16
294.309
300.458
298.09
301.184
305.054
304.58
315.189
305.807
310.805
299.563
316.873
317.217
315.887
300.691
301.683
282.699
278.326
268.524
273.32
278.288
272.116
269.811
271.547
265.846
274.241
268.687
275.996
263.321
264.159
265.47
258.935
258.435
257.589
260.92
266.925
267.141
274.396
285.785
287.499
298.134
304.227
304.907
317.153
297.637
304.474
283.341
296.337
291.76
294.37
297.998
304.498
296.271
291.151
285.099
295.053
298.401
303.032
309.376
308.348
302.567
313.19
304.029
307.736
288.785
290.833
291.062
286.955
293.741
291.694
300.37
288.358
147.82
148.391
147.678
151.242
149.209
152.494
148.185
154.082
145.845
150.214
153.594
145.634
150.81
149.942
151.114
150.961
147.368
151.993
146.714
147.983
145.694
148.158
146.071
149.65
147.964
150.096
149.634
149.247
151.734
146.578
149.329
149.866
146.904
149.176
147.333
152.523
147.442
150.39
148.336
152.422
151.686
152.316
154.651
153.8
148.268
150.662
151.492
148.28
149.444
151.829
151.859
156.15
150.801
158.932
149.646
152.208
149.246
152.105
150.654
148.561
152.595
152.076
148.447
154.146
153.726
153.391
152.865
151.013
150.634
152.959
148.566
154.296
151.729
154.459
154.817
152.94
155.698
151.433
151.767
152.495
152.688
152.279
148.079
155.463
148.683
151.865
152.577
156.603
150.716
154.621
152.124
153.327
147.175
150.908
149.217
150.523
149.909
152.224
152.335
152.186
151.191
153.301
147.73
153.659
149.09
149.177
149.27
149.83
149.819
150.822
151.044
156.099
149.939
154.671
153.33
151.09
149.061
151.383
149.527
152.541
147.685
153.567
147.876
156.483
151.289
153.602
148.639
154.1
146.955
150.567
149.159
150.585
148.891
152.94
149.565
156.109
149.931
157.702
150.064
154.14
150.147
348.504
379.831
349.709
375.886
336.903
351.225
336.244
336.359
336.153
332.622
338.432
344.209
322.89
337.164
330.914
328.718
325.513
340.44
337.155
325.78
329.738
344.328
323.423
340.54
326.98
327.133
337.73
327.484
340.08
337.982
343.059
340.374
336.725
359.124
309.307
340.962
321.094
328.52
330.481
323.538
331.812
341.231
304.602
321
327.205
321.105
323.85
332.722
331.217
320.503
322.953
346.079
307.681
327.822
311.656
316.838
324.562
306.964
327.493
320.941
150.352
322.878
362.797
365.729
380.072
356.129
363.354
358.827
354.682
350.292
334.781
329.136
323.862
315.019
312.136
305.826
308.25
306.493
302.1
304.13
302.144
295.574
296.151
298.791
305.952
294.341
293.928
297.16
294.309
300.458
298.09
301.184
305.054
304.58
315.189
305.807
310.805
299.563
316.873
317.217
315.887
300.691
301.683
282.699
278.326
268.524
273.32
278.288
272.116
269.811
271.547
265.846
274.241
268.687
275.996
263.321
264.159
265.47
258.935
258.435
257.589
260.92
266.925
267.141
274.396
285.785
287.499
298.134
304.227
304.907
317.153
297.637
304.474
283.341
296.337
291.76
294.37
297.998
304.498
296.271
291.151
285.099
295.053
298.401
303.032
309.376
308.348
302.567
313.19
304.029
307.736
288.785
290.833
291.062
286.955
293.741
291.694
300.37
288.358
147.82
148.391
147.678
151.242
149.209
152.494
148.185
154.082
145.845
150.214
153.594
145.634
150.81
149.942
151.114
150.961
147.368
151.993
146.714
147.983
145.694
148.158
146.071
149.65
147.964
150.096
149.634
149.247
151.734
146.578
149.329
149.866
146.904
149.176
147.333
152.523
147.442
150.39
148.336
152.422
151.686
152.316
154.651
153.8
148.268
150.662
151.492
148.28
149.444
151.829
151.859
156.15
150.801
158.932
149.646
152.208
149.246
152.105
150.654
148.561
152.595
152.076
148.447
154.146
153.726
153.391
152.865
151.013
150.634
152.959
148.566
154.296
151.729
154.459
154.817
152.94
155.698
151.433
151.767
152.495
152.688
152.279
148.079
155.463
148.683
151.865
152.577
156.603
150.716
154.621
152.124
153.327
147.175
150.908
149.217
150.523
149.909
152.224
152.335
152.186
151.191
153.301
147.73
153.659
149.09
149.177
149.27
149.83
149.819
150.822
151.044
156.099
149.939
154.671
153.33
151.09
149.061
334.196
365.37
335.392
361.053
322.848
335.596
323.322
321.734
323.226
318.046
325.325
330.088
309.626
324.412
316.899
316.932
312.545
327.414
325.306
313.402
318.526
332.171
311.784
328.718
315.465
315.413
326.403
315.833
329.489
325.584
331.868
329.944
324.343
347.96
298.169
329.615
309.333
316.408
319.796
309.798
322.605
328.668
294.025
308.813
315.802
308.806
312.49
320.569
319.833
309.668
312.294
334.266
297.129
317.042
300.707
305.835
313.674
295.584
317.2
308.468
155.038
151.001
334.624
366.221
334.635
362.631
322.199
337.491
322.241
321.107
322.3
317.388
323.315
328.844
308.232
322.505
315.142
315.836
309.819
325.748
322.58
311.507
314.1
330.084
308.408
338.903
352.721
354.967
372.46
347.056
358.675
353.313
351.59
346.611
330.581
335.01
309.469
314.962
303.56
301.198
303.911
299.475
299.113
304.434
287.992
288.52
291.476
291.776
299.363
292.627
291.497
290.591
288.615
303.955
286.04
296.925
293.852
295.734
308.292
292.869
305.898
292.657
316.873
317.217
315.887
300.691
301.683
282.699
278.326
268.524
273.32
278.288
272.116
269.811
271.547
265.846
274.241
268.687
275.996
263.321
264.159
265.47
258.935
258.435
257.589
260.92
266.925
267.141
274.396
285.785
287.499
298.134
304.227
304.907
317.153
297.637
304.474
283.341
296.337
291.76
294.37
297.998
304.498
296.271
291.151
285.099
295.053
298.401
303.032
309.376
308.348
302.567
313.19
304.029
307.736
288.785
290.833
291.062
286.955
293.741
291.694
300.37
288.358
147.82
148.391
147.678
151.242
149.209
152.494
148.185
154.082
145.845
150.214
153.594
145.634
150.81
149.942
151.114
150.961
147.368
151.993
146.714
147.983
145.694
148.158
146.071
149.65
147.964
150.096
149.634
149.247
151.734
146.578
149.329
149.866
146.904
149.176
147.333
152.523
147.442
150.39
148.336
152.422
151.686
152.316
154.651
153.8
148.268
150.662
151.492
148.28
149.444
151.829
151.859
156.15
150.801
158.932
149.646
152.208
149.246
152.105
150.654
148.561
152.595
152.076
148.447
154.146
153.726
153.391
152.865
151.013
150.634
152.959
148.566
154.296
151.729
154.459
154.817
152.94
155.698
151.433
151.767
152.495
152.688
152.279
148.079
155.463
340.498
373.741
342.071
370.304
328.637
345.002
328.689
328.835
328.031
325.211
330.434
337.705
315.904
330.998
323.087
324.305
317.71
334.988
329.784
321.041
322.864
338.827
317.194
335.558
321.345
322.375
332.181
324.527
334.714
333.522
338.379
335.544
330.654
354.721
304.001
337.966
315.485
325.445
324.582
320.659
328.267
337.396
300.356
317.952
322.049
317.772
319.891
329.978
327.852
320.061
320.211
345.445
305.373
327.092
308.865
315.579
321.547
305.72
325.63
320.194
149.932
157.488
148.986
155.982
157.692
153.51
155.141
155.423
150.635
153.566
149.298
156.69
149.078
160.836
152.795
335.823
366.261
336.492
361.779
323.135
336.794
322.255
321.347
323.102
317.9
324.523
331.709
309.995
324.59
317.611
316.482
311.34
325.72
323.61
312.193
315.851
331.639
309.339
328.378
313.644
314.562
324.389
314.616
326.541
323.066
328.554
325.022
321.53
343.887
294.756
327.754
307.046
314.772
316.792
309.054
317.509
326.117
290.603
324.078
353.176
352.211
365.701
350.338
355.442
347.381
344.355
349.884
319.88
322.703
311.163
305.317
305.485
292.901
303.503
299.234
302.1
304.13
302.144
295.574
296.151
298.791
305.952
294.341
293.928
297.16
294.309
300.458
298.09
301.184
305.054
304.58
315.189
305.807
310.805
299.563
316.873
317.217
315.887
300.691
301.683
282.699
278.326
268.524
273.32
278.288
272.116
269.811
271.547
265.846
274.241
268.687
275.996
263.321
264.159
265.47
258.935
258.435
257.589
260.92
266.925
267.141
274.396
285.785
287.499
298.134
304.227
304.907
317.153
297.637
304.474
283.341
296.337
291.76
294.37
297.998
304.498
296.271
291.151
285.099
295.053
298.401
303.032
309.376
308.348
302.567
313.19
304.029
307.736
288.785
290.833
291.062
286.955
293.741
291.694
300.37
288.358
147.82
148.391
147.678
151.242
149.209
152.494
148.185
154.082
145.845
150.214
153.594
145.634
150.81
149.942
151.114
150.961
147.368
151.993
146.714
147.983
145.694
148.158
146.071
149.65
147.964
150.096
149.634
149.247
151.734
146.578
149.329
149.866
146.904
149.176
147.333
152.523
147.442
150.39
148.336
152.422
151.686
152.316
154.651
153.8
148.268
150.662
151.492
148.28
149.444
151.829
151.859
156.15
150.801
158.932
149.646
152.208
149.246
152.105
150.654
148.561
152.595
152.076
148.447
154.146
153.726
153.391
152.865
151.013
150.634
152.959
148.566
154.296
151.729
154.459
154.817
152.94
155.698
151.433
151.767
337.011
368.726
337.643
363.563
325.546
338.77
324.767
323.878
325.722
320.366
327.116
333.253
312.017
325.411
318.555
318.514
312.581
329.079
325.079
314.897
318.657
334.305
313.32
330.091
317.506
317.017
326.686
317.906
329.654
327.357
332.846
330.705
327.729
349.461
300.729
333.331
311.622
319.434
321.377
314.07
323.779
330.855
296.93
310.647
319.705
313.144
316.219
324.553
324.372
312.897
315.617
338.824
300.852
320.105
305.781
309.755
318.483
300.244
322.873
314.171
154.14
150.147
153.544
150.619
155.704
149.932
157.488
148.986
155.982
157.692
153.51
155.141
155.423
341.287
373.718
341.599
370.769
327.647
346.599
328.835
329.369
329.096
326.282
330.335
338.364
315.284
331.351
322.782
324.131
316.423
333.967
330.407
319.971
322.532
339.258
316.104
335.377
319.145
321.567
330.072
321.794
333.446
330.353
336.458
333.638
329.404
353.017
302.039
335.445
313.258
321.906
322.051
315.985
324.113
333.042
297.631
313.963
319.346
314.81
316.344
325.705
324.181
314.497
328.936
367.349
345.041
368.397
339.082
348.851
348.488
337.308
342.405
325.352
329.136
323.862
315.019
312.136
305.826
308.25
306.493
302.1
304.13
302.144
295.574
296.151
298.791
305.952
294.341
293.928
297.16
294.309
300.458
298.09
301.184
305.054
304.58
315.189
305.807
310.805
299.563
316.873
317.217
315.887
300.691
301.683
282.699
278.326
268.524
273.32
278.288
272.116
269.811
271.547
265.846
274.241
268.687
275.996
263.321
264.159
265.47
258.935
258.435
257.589
260.92
266.925
267.141
274.396
285.785
287.499
298.134
304.227
304.907
317.153
297.637
304.474
283.341
296.337
291.76
294.37
297.998
304.498
296.271
291.151
285.099
295.053
298.401
303.032
309.376
308.348
302.567
313.19
304.029
307.736
288.785
290.833
291.062
286.955
293.741
291.694
300.37
288.358
147.82
148.391
147.678
151.242
149.209
152.494
148.185
154.082
145.845
150.214
153.594
145.634
150.81
149.942
151.114
150.961
147.368
151.993
146.714
147.983
145.694
148.158
146.071
149.65
147.964
150.096
149.634
149.247
151.734
146.578
149.329
149.866
146.904
149.176
147.333
152.523
147.442
150.39
148.336
152.422
151.686
152.316
154.651
153.8
148.268
150.662
151.492
148.28
149.444
151.829
151.859
156.15
150.801
158.932
149.646
152.208
149.246
152.105
150.654
148.561
152.595
152.076
148.447
154.146
153.726
153.391
152.865
151.013
150.634
152.959
148.566
154.296
151.729
154.459
154.817
152.94
155.698
151.433
151.767
152.495
152.688
152.279
148.079
155.463
148.683
151.865
152.577
156.603
150.716
154.621
152.124
153.327
147.175
150.908
149.217
150.523
149.909
152.224
152.335
152.186
151.191
153.301
147.73
153.659
149.09
149.177
149.27
149.83
149.819
150.822
151.044
156.099
149.939
154.671
153.33
151.09
149.061
151.383
149.527
152.541
147.685
153.567
147.876
156.483
151.289
153.602
148.639
154.1
146.955
150.567
149.159
150.585
148.891
152.94
149.565
156.109
149.931
157.702
150.064
154.14
150.147
153.544
150.619
155.704
149.932
157.488
148.986
155.982
157.692
153.51
155.141
155.423
150.635
153.566
149.298
156.69
149.078
160.836
152.795
155.973
151.999
156.078
150.14
154.899
149.862
153.706
151.328
154.739
149.955
156.543
155.412
154.901
153.463
156.761
151.484
155.683
148.561
155.038
151.001
153.833
153.922
151.881
152.887
153.872
154.622
155.922
153.236
154.965
151.08
152.534
148.588
151.787
149.509
151.744
150.85
153.547
151.647
153.943
150.797
149.777
150.348
150.352
322.878
362.797
365.729
380.072
356.129
363.354
358.827
354.682
350.292
334.781
329.136
323.862
315.019
312.136
305.826
308.25
306.493
302.1
304.13
302.144
295.574
296.151
298.791
305.952
294.341
293.928
297.16
294.309
300.458
298.09
301.184
305.054
304.58
315.189
305.807
310.805
299.563
316.873
317.217
315.887
300.691
301.683
282.699
278.326
268.524
273.32
278.288
272.116
269.811
271.547
265.846
274.241
268.687
275.996
263.321
264.159
265.47
258.935
258.435
257.589
260.92
266.925
267.141
274.396
285.785
287.499
298.134
304.227
304.907
317.153
297.637
304.474
283.341
296.337
291.76
294.37
297.998
304.498
296.271
291.151
285.099
295.053
298.401
303.032
309.376
308.348
302.567
313.19
304.029
307.736
288.785
290.833
291.062
286.955
293.741
291.694
300.37
288.358
147.82
148.391
147.678
151.242
149.209
152.494
148.185
154.082
145.845
150.214
153.594
145.634
150.81
149.942
151.114
150.961
147.368
151.993
146.714
147.983
145.694
148.158
146.071
149.65
147.964
150.096
149.634
149.247
151.734
146.578
149.329
149.866
146.904
149.176
147.333
152.523
147.442
150.39
148.336
152.422
151.686
152.316
154.651
153.8
148.268
150.662
151.492
148.28
149.444
151.829
151.859
156.15
150.801
158.932
149.646
152.208
149.246
152.105
150.654
148.561
152.595
152.076
148.447
154.146
153.726
153.391
152.865
151.013
150.634
152.959
148.566
154.296
151.729
154.459
154.817
152.94
155.698
151.433
151.767
152.495
152.688
152.279
148.079
155.463
148.683
151.865
152.577
156.603
150.716
154.621
152.124
153.327
147.175
150.908
149.217
150.523
149.909
152.224
152.335
152.186
151.191
153.301
147.73
153.659
149.09
149.177
149.27
149.83
149.819
150.822
151.044
156.099
149.939
154.671
153.33
151.09
149.061
151.383
149.527
152.541
147.685
153.567
147.876
156.483
151.289
153.602
148.639
154.1
146.955
150.567
149.159
150.585
148.891
152.94
149.565
156.109
149.931
157.702
150.064
154.14
150.147
153.544
150.619
155.704
149.932
157.488
148.986
155.982
157.692
153.51
155.141
155.423
150.635
153.566
149.298
156.69
149.078
160.836
152.795
155.973
151.999
156.078
150.14
154.899
149.862
153.706
151.328
154.739
149.955
156.543
155.412
154.901
153.463
156.761
151.484
155.683
148.561
155.038
151.001
153.833
153.922
151.881
152.887
153.872
154.622
155.922
153.236
154.965
151.08
152.534
148.588
151.787
149.509
151.744
150.85
153.547
151.647
153.943
150.797
149.777
150.348
150.352
322.878
362.797
365.729
380.072
356.129
363.354
358.827
354.682
350.292
334.781
329.136
323.862
315.019
312.136
305.826
308.25
306.493
302.1
304.13
302.144
295.574
296.151
298.791
305.952
294.341
293.928
297.16
294.309
300.458
298.09
301.184
305.054
304.58
315.189
305.807
310.805
299.563
316.873
317.217
315.887
300.691
301.683
282.699
278.326
268.524
273.32
278.288
272.116
269.811
271.547
265.846
274.241
268.687
275.996
263.321
264.159
265.47
258.935
258.435
257.589
260.92
266.925
267.141
274.396
285.785
287.499
298.134
304.227
304.907
317.153
297.637
304.474
283.341
296.337
291.76
294.37
297.998
304.498
296.271
291.151
285.099
295.053
298.401
303.032
309.376
308.348
302.567
313.19
304.029
307.736
288.785
290.833
291.062
286.955
293.741
291.694
300.37
288.358
147.82
148.391
147.678
151.242
149.209
152.494
148.185
154.082
145.845
150.214
153.594
145.634
150.81
149.942
151.114
150.961
147.368
151.993
146.714
147.983
145.694
148.158
146.071
149.65
147.964
150.096
149.634
149.247
151.734
146.578
149.329
149.866
146.904
149.176
147.333
152.523
147.442
150.39
148.336
152.422
151.686
152.316
154.651
153.8
148.268
150.662
151.492
148.28
149.444
151.829
151.859
156.15
150.801
158.932
149.646
152.208
149.246
152.105
150.654
148.561
152.595
152.076
148.447
335.076
365.837
335.608
362.004
322.401
337.16
322.592
321.121
323.56
319.113
325.412
332.183
310.577
326.103
317.06
317.604
311.484
327.736
323.722
312.493
317.473
330.834
311.383
328.371
315.6
314.726
325.239
315.856
327.515
323.443
329.622
326.883
323.06
345.651
296.883
329.012
309.253
317.203
319.126
311.022
321.35
328.263
293.618
309.372
315.306
310.279
312.928
322.487
322.23
311.313
314.272
336.804
298.79
317.384
302.244
307.255
314.945
297.365
319.118
310.276
156.483
151.289
153.602
148.639
154.1
146.955
150.567
149.159
150.585
148.891
152.94
149.565
156.109
343.928
377.621
344.66
373.087
331.663
347.915
331.468
332.504
331.824
329.838
334.206
342.05
320.563
334.68
327.071
327.585
319.878
337.288
332.261
323.8
324.003
343.471
319.63
338.587
323.246
324.957
333.086
325.229
335.579
334.062
338.656
337.23
331.589
355.941
305.919
338.945
317.297
326.522
326.45
320.602
327.546
337.664
300.72
317.5
323.461
317.508
320.772
329.995
328.376
319.036
319.904
343.865
304.319
324.35
306.946
313.35
319.676
303.477
324.338
317.919
151.647
153.943
150.797
149.777
150.348
150.352
322.878
362.797
365.729
380.072
356.129
363.354
358.827
354.682
350.292
334.781
329.136
323.862
315.019
312.136
305.826
308.25
306.493
302.1
304.13
302.144
295.574
296.151
298.791
305.952
294.341
293.928
297.16
294.309
300.458
298.09
301.184
305.054
304.58
315.189
305.807
310.805
299.563
316.873
317.217
315.887
300.691
301.683
282.699
278.326
268.524
273.32
278.288
272.116
269.811
271.547
265.846
274.241
268.687
275.996
263.321
264.159
265.47
258.935
258.435
257.589
260.92
266.925
267.141
274.396
285.785
287.499
298.134
304.227
304.907
317.153
297.637
304.474
283.341
296.337
291.76
294.37
297.998
304.498
296.271
291.151
285.099
295.053
298.401
303.032
309.376
308.348
302.567
313.19
304.029
307.736
288.785
290.833
291.062
286.955
293.741
291.694
300.37
288.358
147.82
148.391
147.678
151.242
149.209
152.494
148.185
154.082
145.845
150.214
153.594
145.634
150.81
149.942
151.114
150.961
147.368
151.993
146.714
147.983
145.694
148.158
146.071
149.65
147.964
150.096
149.634
149.247
151.734
146.578
149.329
149.866
146.904
149.176
147.333
152.523
147.442
150.39
148.336
152.422
151.686
152.316
154.651
153.8
148.268
150.662
151.492
148.28
149.444
151.829
151.859
156.15
150.801
158.932
149.646
152.208
149.246
152.105
150.654
148.561
152.595
152.076
148.447
154.146
153.726
153.391
152.865
151.013
150.634
152.959
148.566
154.296
151.729
154.459
154.817
152.94
155.698
151.433
151.767
152.495
152.688
152.279
148.079
155.463
148.683
151.865
152.577
156.603
150.716
154.621
152.124
153.327
147.175
150.908
149.217
150.523
149.909
152.224
152.335
152.186
151.191
153.301
147.73
153.659
149.09
149.177
149.27
149.83
149.819
150.822
151.044
156.099
149.939
154.671
341.901
373.124
341.571
369.486
328.77
344.961
327.983
329.366
327.96
327.123
331.569
339.091
316.087
332.757
322.958
324.408
317.7
334.763
330.45
321.95
323.39
340.982
317.657
337.861
321.612
323.453
332.083
323.965
334.908
333.77
337.444
337.056
331.278
355.752
305.717
337.766
316.895
325.356
325.392
319.203
326.927
337.336
298.655
318.399
322.223
317.687
319.006
329.729
326.347
317.953
318.256
342.758
303.608
324.241
306.674
313.213
320.578
303.738
323.931
318.105
151.484
155.683
148.561
155.038
151.001
153.833
153.922
151.881
152.887
153.872
154.622
155.922
153.236
154.965
151.08
152.534
148.588
151.787
149.509
330.394
362.119
331.701
357.973
319.13
333.211
317.429
317.463
318.054
330.56
358.626
363.546
364.448
351.553
353.863
350.159
343.722
346.315
330.423
321.07
317.37
315.566
304.203
305.679
302.169
300.868
300.653
298.987
301.764
294.773
297.418
298.919
303.767
302.27
281.978
298.113
287.009
296.038
294.323
294.469
301.616
304.533
300.12
297.853
304.851
292.209
309.247
312.847
310.976
293.371
294.828
284.941
267.68
265.074
264.054
270.719
267.195
259.389
268.015
260.478
274.241
268.687
275.996
263.321
264.159
265.47
258.935
258.435
257.589
260.92
266.925
267.141
274.396
285.785
287.499
298.134
304.227
304.907
317.153
297.637
304.474
283.341
296.337
291.76
294.37
297.998
304.498
296.271
291.151
285.099
295.053
298.401
303.032
309.376
308.348
302.567
313.19
304.029
307.736
288.785
290.833
291.062
286.955
293.741
291.694
300.37
288.358
147.82
148.391
147.678
151.242
149.209
152.494
148.185
154.082
145.845
150.214
153.594
145.634
150.81
149.942
151.114
150.961
147.368
151.993
146.714
147.983
145.694
148.158
146.071
149.65
147.964
150.096
149.634
149.247
151.734
146.578
149.329
335.551
366.678
336.499
363.535
324.92
338.842
324.981
324.297
325.483
321.448
327.35
334.709
312.856
326.633
319.362
320.102
312.903
329.868
326.579
315.73
320.314
334.67
315.202
330.877
317.307
317.239
327.714
318.368
329.381
328.117
333.22
330.708
327.198
350.419
300.213
333.202
311.512
319.799
321.727
313.635
324.095
331.851
296.895
313.09
318.512
314.012
315.157
324.946
323.269
313.786
315.294
337.635
301.2
318.902
304.231
309.191
317.219
299.046
320.711
313.403
153.327
147.175
150.908
149.217
150.523
149.909
152.224
152.335
152.186
151.191
153.301
147.73
153.659
149.09
149.177
342.632
374.601
343.571
371.201
330.941
347.632
330.456
331.448
331.915
327.546
332.761
340.252
318.039
334.06
324.856
326.845
318.25
337.873
332.729
323.034
324.828
342.244
318.615
337.86
323.27
324.37
333.721
326.465
336.661
335.848
339.57
339.184
332.891
357.522
305.984
340.084
318.091
327.745
327.593
322.526
330.049
339.53
303.921
319.008
325.302
320.076
321.213
331.665
328.809
321.068
319.96
347.13
306.459
326.978
309.616
316.225
321.682
306.104
325.442
319.631
151.328
154.739
149.955
156.543
155.412
154.901
153.463
156.761
151.484
155.683
148.561
155.038
151.001
153.833
153.922
151.881
152.887
153.872
154.622
155.922
153.236
154.965
151.08
152.534
148.588
151.787
149.509
151.744
150.85
153.547
151.647
153.943
150.797
149.777
150.348
150.352
322.878
362.797
365.729
380.072
356.129
363.354
358.827
354.682
350.292
334.781
329.136
323.862
315.019
312.136
305.826
308.25
306.493
302.1
304.13
302.144
295.574
296.151
298.791
305.952
294.341
293.928
297.16
294.309
300.458
298.09
301.184
305.054
304.58
315.189
305.807
310.805
299.563
316.873
317.217
315.887
300.691
301.683
282.699
278.326
268.524
273.32
278.288
272.116
269.811
271.547
265.846
274.241
268.687
275.996
263.321
264.159
265.47
258.935
258.435
257.589
260.92
266.925
267.141
274.396
285.785
287.499
298.134
304.227
304.907
317.153
297.637
304.474
283.341
296.337
291.76
294.37
297.998
304.498
296.271
291.151
285.099
295.053
298.401
303.032
309.376
308.348
302.567
313.19
304.029
307.736
288.785
290.833
291.062
286.955
293.741
291.694
300.37
288.358
147.82
343.47
375.077
345.424
372.951
334.348
349.107
334.784
332.985
335.176
332.456
337.016
345.167
322.339
338.515
330.594
330.233
324.79
340.468
338.352
327.562
331.484
347.424
326.421
344.757
330.292
331.718
341.717
333.192
344.109
342.391
347.872
345.058
341.288
365.114
315.039
347.743
327.613
335.79
337.489
330.285
339.435
348.506
311.876
327.232
333.801
328.645
330.419
340.599
339.353
329.097
332.15
354.924
317.455
335.631
319.62
324.671
332.519
315.181
335.748
329.723
152.076
148.447
354.803
386.323
355.35
382.681
341.839
357.287
342.014
340.92
342.976
338.615
344.914
351.921
329.699
345.456
336.57
337.106
330.653
347.423
343.407
332.124
336.734
351.16
330.564
348.266
334.791
334.308
344.894
335.328
347.36
343.596
349.6
346.944
342.904
366.48
315.824
349.123
328.525
336.814
338.711
330.728
340.833
348.434
312.474
328.781
334.858
329.602
332.192
342.116
341.457
330.6
333.357
356.715
317.572
337.037
321.207
326.479
334.267
316.436
338.492
329.867
156.483
151.289
153.602
148.639
154.1
146.955
150.567
149.159
150.585
148.891
152.94
149.565
156.109
149.931
157.702
150.064
154.14
150.147
153.544
150.619
155.704
149.932
157.488
148.986
155.982
157.692
153.51
155.141
155.423
150.635
153.566
149.298
156.69
149.078
362.563
393.315
362.272
389.514
348.862
363.613
348.336
347.195
348.701
344.344
350.842
357.002
335.29
351.059
342.872
343.035
336.953
353.006
349.839
337.832
342.17
357.675
335.818
354.483
339.383
340.754
350.321
341.163
353.369
350.224
355.77
352.712
348.453
371.831
320.655
354.187
332.835
341.627
343.256
335.784
345.307
353.448
316.431
333.164
339.12
336.784
354.473
361.587
370.763
346.134
351.604
361.456
335.38
343.197
320.788
319.3
318.957
301.883
311.454
302.367
308.25
306.493
302.1
304.13
302.144
295.574
296.151
298.791
305.952
294.341
293.928
297.16
294.309
300.458
298.09
301.184
305.054
304.58
315.189
305.807
310.805
299.563
316.873
317.217
315.887
300.691
301.683
282.699
278.326
268.524
273.32
278.288
272.116
269.811
271.547
265.846
274.241
268.687
275.996
263.321
264.159
265.47
258.935
258.435
257.589
260.92
266.925
267.141
274.396
285.785
