49.4597
50.068
50.6385
47.4973
52.9235
48.309
48.0776
51.8226
47.2974
50.5021
50.3951
47.613
52.9065
46.9858
50.8764
49.8409
48.9343
50.3679
51.3258
47.4533
52.0608
47.1877
51.7998
48.9903
48.9784
49.9365
50.4809
47.4204
52.8009
47.2235
51.595
48.5
49.2005
50.6257
49.9431
48.1384
53.1616
47.6355
51.1418
50.3745
49.7744
50.3306
50.824
46.8384
52.3737
46.91
50.3677
49.9833
48.87
50.3642
49.8623
48.0861
51.6239
48.5582
51.1937
49.6682
49.1211
50.7137
50.122
47.8845
52.5934
48.1561
50.3292
49.7537
49.5403
50.8275
49.6087
47.8255
52.1477
47.2605
50.2761
50.3392
49.0835
50.9923
49.5982
48.3308
51.2862
47.8659
50.658
49.7867
47.9961
50.8768
48.0443
49.8478
50.8044
48.4718
50.4851
49.5732
49.5761
50.5793
49.8817
49.246
51.9954
46.1784
51.7194
50.4198
48.0954
52.159
48.9161
48.7459
50.8909
47.2201
51.581
50.0483
47.851
49.9588
48.4084
49.6675
51.3842
48.3842
50.357
50.9659
48
52.4327
50.0033
49.4698
51.8163
48.5923
51.8213
50.3727
48.8292
52.4015
49.362
47.4994
51.3003
48.8749
50.2204
50.007
47.7743
50.9895
49.2217
46.9986
53.2529
48.453
47.7816
52.679
47.9563
51.9575
50.7212
47.0453
52.8521
49.0848
47.5859
53.2968
48.2477
51.2483
50.1446
48.3961
51.8359
49.6972
47.9013
52.7672
48.3229
50.2464
50.1137
49.5703
51.6906
49.07
48.7817
51.7924
48.5206
49.8201
51.1004
48.9309
50.3701
49.627
47.7794
53.169
48.7142
48.6485
51.9475
48.1519
51.7932
49.6339
48.185
52.1363
47.5654
48.8249
52.1735
47.8927
51.925
49.5735
48.4766
51.8252
47.8779
50.4466
53.0811
46.2201
51.8229
49.5222
48.1872
51.8589
48.8192
50.1961
50.2266
48.4227
51.0085
50.503
48.9665
50.9079
49.0926
49.2027
51.4071
48.3442
51.1432
49.5463
48.6307
51.0752
49.3215
47.5129
53.3658
46.4779
51.8665
49.21
48.2074
51.9471
50.3731
46.9366
53.6922
47.0797
51.9678
49.4973
49.7568
50.5623
49.1059
48.5341
52.8856
47.2995
51.641
49.1789
49.2437
50.7841
49.8372
48.2247
53.1199
46.5024
51.5378
49.2047
48.6539
51.4375
50.3892
47.4132
53.0476
47.9533
51.0396
50.3372
49.2016
50.1435
50.2866
46.6799
52.8998
47.2813
50.6332
51.1195
47.568
50.7544
49.6304
47.9105
52.1343
47.4786
50.2111
51.1038
47.2401
51.752
50.1543
48.2096
52.3929
48.9033
50.1893
51.2225
48.3694
51.3935
49.7814
47.7643
50.6883
48.2881
49.8963
51.5766
47.7196
51.1665
49.07
48.1098
51.733
48.9637
48.175
51.685
47.6844
51.1559
50.6714
47.2718
52.1943
50.4493
46.2402
52.8403
48.2606
50.4902
50.8543
46.6077
52.0602
50.1289
46.5961
53.6066
48.1964
50.3553
50.7434
47.7256
52.4577
48.8203
47.5378
51.9305
48.0033
50.2615
51.2532
48.3712
51.2058
49.4065
48.6875
51.6372
50.1313
47.8302
52.1062
49.2833
48.9869
51.4806
47.9472
51.373
50.7364
46.0957
53.2193
49.7488
47.1934
52.0603
47.5697
49.533
51.536
46.1399
53.3327
49.8105
46.9658
53.1385
48.0411
49.9712
51.9327
46.4947
52.2828
49.4988
48.071
52.2109
48.3371
50.0477
50.7017
48.2443
51.249
49.9996
47.7723
51.3204
49.248
47.6209
51.9636
47.6578
50.6635
50.4583
47.5497
51.8413
49.5751
47.8446
52.3011
48.4466
49.9625
50.47
48.6806
50.5392
50.1107
47.3564
52.7868
49.1393
48.0155
51.5833
48.5919
50.7767
49.6965
47.3637
52.4523
48.9117
47.6256
52.1992
48.829
50.6713
50.7824
47.2759
53.0011
48.887
47.9368
52.0548
47.7502
50.8013
50.4748
47.7148
52.7675
46.9818
50.8147
50.1537
48.9542
49.9326
49.641
47.8034
51.9745
47.1032
51.8314
49.8422
48.6293
50.4981
50.5185
47.2371
52.9175
46.9216
51.4853
49.6198
49.2239
50.6688
51.7597
47.2287
51.8887
48.7561
49.8819
51.1144
49.0236
50.3571
50.1054
47.3405
51.2682
48.8206
50.4549
49.7249
49.2904
51.2806
49.6801
48.5897
52.5544
47.9689
50.463
50.5437
48.3625
52.1294
49.4623
48.6486
52.672
46.8913
51.5355
50.1296
49.2866
50.5623
48.3481
49.5729
51.4358
47.2546
51.4771
49.9556
48.5559
51.2237
48.8678
50.2893
51.7423
46.6521
52.1788
48.8924
49.4151
51.1513
49.0937
49.8639
50.9967
47.8167
50.9539
50.5278
48.0482
51.0138
49.4228
47.6099
52.1575
47.4393
51.6769
50.6297
47.1271
52.1522
49.7017
46.9557
52.7329
48.152
50.4477
50.4269
48.0771
51.6727
50.2277
48.4655
51.8822
48.9411
49.9195
50.6669
49.5797
50.1682
49.7456
48.4604
50.9278
49.6743
48.3263
51.4101
48.5383
50.8983
49.323
48.3849
52.915
49.3799
47.1723
52.0555
48.8961
50.1648
50.569
48.5264
52.3175
49.2674
47.7101
52.8879
48.6496
49.7707
50.3045
47.4873
51.5066
48.4379
49.1279
52.0623
47.2075
51.0748
50.2619
47.9573
52.0878
47.5255
50.8493
50.4309
47.9075
50.4405
51.1898
47.6041
52.3067
47.7889
51.1718
49.5775
49.3479
50.0922
49.5299
47.6565
51.8815
46.9201
51.3784
49.0008
49.5725
50.1809
49.7763
46.8672
53.6045
47.7818
48.3799
51.5729
48.0009
50.6343
50.8379
47.172
52.9257
47.5169
49.2257
50.5558
49.2769
49.74
50.126
47.53
51.9231
47.1857
52.2945
50.545
48.5119
50.9147
50.5396
47.2782
53.6733
46.8516
51.2011
49.8098
47.515
51.5388
50.4135
47.1475
51.6622
48.7632
50.2504
50.3208
49.497
50.7906
49.6503
47.7702
52.2513
48.2175
51.5312
50.2714
48.8129
51.4857
48.7576
49.1361
52.0336
46.7867
50.8811
50.3067
47.9317
51.6556
48.8788
49.9489
49.9865
49.3083
50.2481
50.885
49.1139
50.969
48.449
50.4483
49.7341
49.9657
49.7008
50.4907
47.6764
52.6491
47.9525
49.7309
50.9607
47.7408
51.1758
49.0248
47.8343
52.4098
47.9068
49.936
50.1661
49.5458
50.3743
50.6419
48.8375
50.4391
49.2021
50.1924
51.0127
48.0957
51.8097
49.7634
48.1425
50.6418
48.8313
51.3813
49.0476
48.0641
51.242
49.3791
47.7051
51.6807
49.4119
49.6681
50.9079
47.903
52.621
48.3821
49.3093
52.0078
47.5173
50.3319
50.5173
48.1021
52.1736
47.2007
50.9903
49.8015
48.4402
49.8986
51.2842
47.6655
51.5678
47.6163
51.9088
50.3009
48.9786
50.8484
50.2405
48.3411
52.3317
47.4504
52.5247
48.842
49.0448
50.0978
49.7622
47.6722
52.0884
47.5563
50.0214
50.0327
49.3701
51.4137
50.6957
47.2333
52.5979
47.5901
50.6276
50.5984
49.871
51.2654
49.5525
48.1332
52.7598
47.9278
50.971
50.2702
48.6706
50.7395
49.9402
47.8775
52.8421
47.5714
50.2629
50.357
49.1436
50.5252
50.5639
47.5627
52.1182
47.3031
50.8448
49.8696
49.4364
50.7262
50.0634
48.1971
52.2273
47.3413
51.3696
50.4112
47.8234
51.2266
49.6878
48.592
52.0416
48.0983
50.4997
50.6339
48.5031
51.2656
50.6902
47.288
51.8451
49.1607
49.0646
50.5649
48.8894
51.2371
48.8379
48.2615
51.1551
49.1998
49.1913
50.7968
48.3375
51.0438
48.9266
47.7304
53.7731
47.631
48.2266
52.8908
46.8805
52.6014
49.0501
47.9697
51.8693
47.3268
49.7456
51.0915
48.2905
50.5352
49.7962
50.1164
49.5701
48.803
51.5335
50.0021
47.7821
50.2211
49.2595
50.8085
50.0692
48.2368
51.5492
48.6307
48.806
51.7306
50.1276
48.0495
50.9419
47.2093
52.1454
48.0959
49.5339
52.0347
47.6385
50.5732
50.3431
49.0521
51.4364
48.1004
50.918
50.1508
47.7209
50.998
51.7114
47.7696
50.9233
48.3257
51.1337
50.4097
47.4377
51.31
48.8125
48.7195
50.0708
48.9002
50.5729
50.1876
48.5846
50.7495
49.9838
47.9099
52.2682
49.4332
47.6498
51.5912
48.574
50.4513
50.19
48.2176
51.3559
50.0853
46.6464
52.9126
49.0394
49.9079
49.9678
48.4053
50.9948
49.6099
48.1965
53.0847
47.7576
50.7142
50.2933
47.7622
52.6127
49.4778
47.3967
51.4416
48.4789
50.0392
51.2164
47.7654
51.8434
48.7084
49.8327
50.7665
49.9811
49.615
50.8799
47.3695
51.9997
48.4306
49.8985
51.1228
47.7471
51.4116
50.1359
47.5503
52.7165
47.7847
49.9005
50.6943
48.2963
51.0863
51.0518
48.7151
50.6921
49.8527
50.942
50.6021
48.7193
49.8743
50.8141
47.7037
51.4645
48.1164
51.562
49.6748
48.3338
51.4578
50.7786
47.6353
52.0599
46.9622
51.9752
49.3296
48.8742
51.1496
48.4406
49.3542
50.0266
48.5991
49.9638
50.4178
49.028
51.4959
46.9867
51.5194
51.1306
46.8446
50.3976
48.4654
50.0646
50.7228
47.4932
52.1337
50.2202
47.8485
50.6777
48.5127
51.0933
50.8662
47.943
50.9303
49.3188
48.4959
52.1771
46.8864
52.6024
49.4489
50.7656
52.491
46.0762
52.8548
49.7208
49.3085
50.8507
50.0288
53.2703
49.0459
47.4062
51.2358
47.1122
49.152
49.0311
48.1684
51.837
49.9823
49.7959
53.6189
47.9519
53.5229
50.5759
49.7044
53.2269
49.7113
53.0127
50.3842
49.7619
51.3494
48.8648
49.0048
52.0434
48.5049
50.4619
50.7309
47.3581
51.2169
49.5453
48.4424
52.2558
47.9737
50.9771
50.3655
49.1455
50.7518
50.2317
50.9125
50.1845
48.9054
50.8075
51.4163
48.5247
51.4581
49.9579
50.0358
51.0271
48.1113
52.144
49.4958
48.5395
51.5035
49.61
48.9111
51.57
49.4801
50.7147
51.0719
48.8939
51.7313
50.4635
48.684
52.6559
49.5939
48.6013
52.4634
48.5471
52.035
49.6626
48.2096
52.0416
49.0831
48.7442
51.0282
47.9315
51.024
49.6998
47.9667
52.3432
50.0787
47.5568
52.4314
47.8864
51.4876
50.1325
48.0042
51.8741
49.4315
47.8915
51.8308
49.0814
50.1481
50.1923
49.1688
50.3575
49.7659
48.1843
51.9811
48.7039
48.6651
51.08
48.6223
51.301
48.9712
48.1775
52.3914
49.663
47.2018
53.1845
48.8489
49.2213
50.973
47.5908
52.1334
50.1212
46.7337
53.2512
49.9825
47.3262
52.375
48.4954
50.5354
49.4466
47.4942
51.7522
50.1697
46.975
52.5739
47.9926
50.4068
49.6978
49.0427
51.1876
49.5441
47.3311
51.9034
49.5693
47.8432
51.9185
48.8723
50.5178
49.5521
48.7536
51.5595
50.3324
45.7244
52.9602
49.3606
47.5357
50.9897
49.6333
49.9701
49.6076
47.521
52.6762
48.513
48.4115
51.015
49.3413
49.3394
50.2313
49.4085
50.6033
49.6734
48.6534
50.7885
49.6775
48.9137
50.9559
49.3035
49.678
49.9844
49.2162
49.3593
51.3278
47.1523
51.6632
49.3635
49.4413
48.5906
51.3417
47.8869
50.9413
48.8125
49.9165
50.066
50.2224
49.394
51.6854
48.4742
52.1674
49.36
50.0413
50.6742
50.3705
48.7227
51.6601
49.432
48.6435
51.7788
49.6661
49.5701
51.0521
47.7782
53.2283
48.2259
48.1841
52.0261
49.7745
47.56
52.5403
48.6268
51.5543
49.9722
49.7326
51.2578
51.5541
47.6226
53.1148
49.3989
49.5889
51.4406
51.0886
48.4981
52.2073
47.8578
52.4469
49.1335
48.1959
52.2828
49.942
46.9342
52.7736
48.2222
51.6867
49.755
48.634
52.3487
49.5073
47.4799
54.2253
46.8869
51.3821
49.73
49.287
50.9622
49.8257
48.5609
52.3375
47.4779
50.9402
50.0116
49.7787
49.6534
49.6556
47.6877
52.3618
47.4747
51.4651
50.1229
48.7586
50.8484
49.924
48.1526
52.9293
47.2498
50.8964
49.6005
48.9313
51.2136
49.7263
47.8917
52.268
47.099
51.0461
49.6998
49.361
49.8821
49.3068
47.5942
51.8058
47.7958
51.1774
50.1284
49.2563
50.1944
50.1267
48.2703
52.2016
47.683
50.2496
49.9799
49.0953
50.3722
50.128
48.2078
51.5596
48.1248
50.7101
49.4184
49.7506
50.3487
49.4023
48.0272
51.1387
48.7123
50.8041
49.4295
48.9037
51.308
49.054
48.7845
50.9855
49.0498
50.2928
49.3057
49.3836
50.7853
49.4298
49.6173
50.4465
48.8124
50.158
50.4363
48.7703
51.6509
48.206
49.4097
50.3935
48.1196
51.1925
50.154
48.2535
52.0323
47.6964
50.3912
50.6745
48.8062
50.2003
49.7
48.2818
52.5588
47.7757
51.7721
50.2697
48.3919
51.4178
48.8122
49.8298
51.5339
47.2408
51.4483
49.2712
48.6776
51.41
49.6913
48.2128
52.1687
48.1885
50.6978
51.1742
47.9235
51.1659
49.6341
48.5399
51.5112
48.8224
50.0649
50.9099
48.6055
50.9315
49.8314
49.2935
50.6333
48.4254
50.2257
50.875
47.5911
53.057
48.1971
49.0564
51.6193
48.311
49.7809
52.0608
47.3543
51.4637
48.9319
48.8049
51.0111
49.3906
48.8662
52.2611
47.7549
51.4423
49.1228
49.8684
50.2299
49.5751
47.6211
51.705
48.179
51.9464
48.9754
49.1958
51.6792
49.3461
47.6033
52.4917
48.0601
50.7134
49.2227
49.0081
51.4933
49.5743
48.1654
52.1781
48.3407
50.5715
49.553
49.763
50.8124
48.8196
48.3634
51.8255
47.9144
50.7255
50.0438
48.356
51.6145
48.9128
49.3847
50.9899
48.2349
50.6529
49.4114
48.8873
51.3981
48.7761
50.5477
49.8305
49.4696
49.8489
50.3631
48.6612
51.6485
48.3059
49.6512
50.2317
48.5459
51.307
49.739
48.4947
51.8641
48.0792
50.5702
50.7281
48.4868
50.7376
49.2707
48.7993
51.2743
48.1823
51.0849
51.2709
47.1489
51.4969
49.663
49.8825
50.5805
47.8445
50.8779
49.8375
47.9832
51.852
50.0259
48.2481
51.3815
48.5782
50.8402
50.5428
48.2979
51.1294
49.6308
47.8314
51.6542
49.6619
48.7601
51.5449
48.2741
51.4543
49.3725
48.5972
51.4714
49.0698
48.2184
51.1682
49.1467
50.8238
49.8655
48.6948
50.7489
49.8894
48.0711
52.2793
48.4058
48.7989
50.7458
48.031
51.8047
49.0681
48.8579
51.675
49.3316
47.7205
52.4219
48.6366
50.2864
49.667
48.1818
51.2211
49.9576
47.9412
52.2487
47.9393
50.4279
50.3274
48.6304
51.4818
50.0389
47.523
51.2854
48.8626
49.8677
51.0134
47.3622
52.24
49.2138
48.3527
51.9943
48.32
50.4229
49.8945
47.9739
52.2122
48.5294
49.7131
50.3994
48.2926
50.4988
50.2
50.1135
49.8944
48.352
50.5829
48.8244
50.9756
48.0718
50.5647
50.73
47.6294
51.7433
49.4625
49.5891
51.2315
46.496
53.1521
47.7643
50.3627
50.4984
48.2526
51.5197
48.7928
50.2492
50.9323
48.3705
51.2159
48.8176
49.6952
49.5454
48.9296
49.9508
49.3435
50.087
49.7697
49.4083
50.5594
48.1698
51.3383
49.123
48.8431
51.5419
47.5041
51.3129
49.8355
48.9394
51.3953
46.9621
52.8254
48.1566
50.1016
50.4739
46.8815
51.5593
48.2933
49.4123
51.5643
47.3774
51.575
49.2526
49.3615
50.6513
48.5053
51.6384
48.4092
49.391
51.3801
47.7766
52.9029
47.9272
48.8797
51.902
47.668
52.6171
48.6168
48.519
52.0129
46.8005
52.1921
48.5124
49.4422
51.7945
47.2465
52.1565
49.4979
48.7676
52.6278
47.2965
51.4073
49.4266
49.059
51.6158
48.2735
51.1639
49.5162
48.5124
52.0618
47.7359
51.9504
48.8418
47.6749
52.2924
48.0379
49.6603
50.9606
47.0848
53.1399
48.8698
49.6844
51.4205
47.6643
52.4999
48.0566
49.6823
51.2322
47.0968
53.4041
47.8461
49.725
52.1948
47.0196
52.1909
48.6371
48.1571
52.1804
47.1201
51.5989
49.0581
48.5889
52.2256
47.483
51.2572
49.6527
47.6187
53.5756
47.2656
49.8905
50.1417
47.1766
53.3526
48.5238
49.8097
50.9752
47.2724
53.4509
47.8817
50.5003
50.0802
47.1278
53.0795
47.6315
49.9517
51.6835
46.9085
53.0739
46.86
50.4008
50.8276
48.1107
52.0531
48.302
49.2587
51.4484
47.7698
53.1312
48.4718
49.6749
51.3024
47.8692
52.8975
48.5892
49.0874
51.4048
46.5742
52.1761
48.4406
49.4182
50.7129
46.9917
52.494
48.2265
49.2659
51.8497
47.3282
52.8255
46.9562
50.8571
50.9933
48.5561
52.1352
49.4874
49.0618
51.38
47.4903
52.9959
47.5334
48.7478
50.7404
47.5382
50.9451
49.1916
48.9804
50.5423
47.3941
52.424
48.5472
50.3895
50.0311
48.5561
51.356
48.3479
50.0437
50.8554
48.58
51.3106
47.8837
51.7107
48.8132
49.7091
51.2507
47.9229
49.3746
50.3001
48.3376
52.7252
48.2079
49.8099
51.0794
47.7686
51.5953
49.7243
49.2249
49.7516
47.8887
51.3845
48.4115
50.7006
49.8353
49.0105
51.4879
47.8648
51.5027
50.4074
48.686
51.1921
48.1269
50.7738
49.2331
50.3551
50.8454
47.7547
51.9145
48.6856
50.2487
50.7247
47.3762
51.6324
48.5609
49.2977
51.2906
48.515
51.5264
49.4893
50.0883
50.5963
48.4543
51.7272
48.5804
49.4662
49.9894
48.5123
51.3034
48.4906
50.349
50.1213
48.9338
50.9827
48.2593
51.5497
49.2223
49.2148
50.9045
47.0111
52.6546
48.9238
49.9084
50.965
47.9542
52.0246
49.0851
50.2797
50.9015
47.9802
50.711
49.3028
49.5731
51.3217
47.9719
51.2069
48.8303
49.3952
50.6052
48.7625
50.5253
48.4788
49.3402
50.7105
47.7127
53.3354
47.478
50.9871
50.3955
48.6522
52.5443
47.7006
50.5523
49.9723
48.1524
51.343
47.1611
52.7967
48.6078
49.3832
50.6243
47.7704
51.931
48.7438
49.5867
50.9508
47.2211
51.4798
49.1679
49.9251
50.4191
48.4565
51.1913
49.0591
48.356
52.9544
47.1092
51.4862
47.9869
49.8464
51.009
48.2053
52.0709
48.6379
50.5742
50.1065
48.1473
52.8422
46.8119
51.2255
49.3385
48.3793
51.3348
47.3536
52.6848
48.6855
49.3262
51.0409
47.4093
52.5092
48.6679
49.3825
51.7662
46.7797
51.5196
50.1624
48.5563
51.5995
47.6099
51.6486
49.0458
49.1776
51.3473
47.6193
51.6557
48.2389
49.3072
52.4083
47.1355
53.2113
48.4097
49.7815
51.6056
48.1153
52.0181
48.6287
48.8732
51.254
47.9309
52.189
48.2225
49.7114
50.9245
48.2966
51.3931
49.1925
49.2566
50.6038
47.3231
51.4588
49.1167
49.7459
50.9647
48.1088
52.8476
48.0426
50.1307
51.1486
47.9473
51.4999
49.0455
50.7489
49.6903
49.6206
51.5897
48.0963
50.8867
49.6664
48.971
51.0831
47.6756
50.7157
48.5772
48.9718
50.0385
48.324
51.6308
48.8471
49.4745
51.4459
48.5061
51.4184
47.9292
50.3882
51.8271
47.2588
52.6411
49.2287
49.8721
50.1621
47.984
52.2404
47.9497
50.3592
50.8975
47.9972
50.6364
48.7033
50.4517
49.9307
48.3399
51.4194
48.6835
50.6385
49.646
49.7314
50.0229
48.5803
50.2013
49.5599
50.0562
51.263
47.2497
52.5191
48.3785
50.3189
51.0048
47.5406
52.7073
47.9217
49.2832
51.3564
47.3612
51.8323
49.1029
49.8056
49.9203
49.4062
51.018
48.7534
50.6485
49.0077
49.6834
50.1218
48.7947
51.5891
49.2016
49.4267
50.7808
47.4003
52.3514
49.6179
48.822
51.0016
46.7099
51.6207
48.9891
49.6876
51.2726
47.6095
51.0548
49.0054
50.3022
51.1511
47.7516
50.806
48.126
51.0117
49.6061
50.3561
50.3424
47.6013
52.713
48.8423
49.4184
51.5415
46.7998
51.6915
49.5135
49.0512
51.3204
47.9921
50.2431
50.0387
49.0472
50.9111
48.4001
51.4863
48.4814
49.847
50.8283
48.2196
51.9443
49.1244
48.9318
51.9168
47.2933
53.2769
47.6783
50.0234
50.5999
47.1697
52.8793
48.2514
48.8532
52.2042
46.8031
52.7224
48.9179
49.4526
50.9418
48.5341
51.2796
48.6333
49.6263
50.3183
48.2463
51.6103
48.1321
50.7985
50.6155
48.7439
51.5523
49.4699
49.2102
50.7432
48.1964
51.2321
48.4926
50.2201
49.5966
48.6396
51.5675
48.2102
50.0942
50.1923
47.6265
52.0026
47.4858
51.2533
49.0046
49.659
51.1077
47.4261
53.0364
48.473
50.0874
51.4032
46.6459
52.7012
48.0184
49.6686
51.1895
47.8732
51.5032
49.3214
49.2449
51.1505
47.471
52.1898
48.2225
48.9559
51.2372
47.4933
51.8652
48.8846
48.4234
52.5148
46.9754
53.4799
48.1546
49.8002
51.3452
47.1754
51.968
48.5965
49.0164
51.943
46.8409
52.9605
48.4482
49.0567
50.9107
47.9373
51.6542
48.9311
48.6877
51.9017
47.2155
52.9754
48.809
49.541
51.3406
48.0653
52.4805
48.8991
48.7357
51.1853
46.5859
52.4006
47.8184
49.1789
51.3269
47.7314
51.8814
48.7812
48.934
51.9473
46.8705
52.8014
48.0008
49.1952
51.3163
47.6899
53.4418
47.9815
49.2489
51.8055
46.975
53.2537
47.9943
49.2819
50.9705
47.2917
51.7419
49.4599
49.2549
51.0459
47.7937
51.863
48.747
49.9621
50.488
48.1344
51.0497
48.2367
50.1217
51.2423
47.2162
52.5764
48.0948
49.6876
50.7608
48.2687
52.8602
48.0018
49.0958
51.2309
47.8719
52.2484
49.072
50.0712
50.0996
48.4733
51.7373
48.8387
49.573
49.9087
47.8862
51.7411
47.3454
51.9669
49.3553
48.9975
51.2905
47.5743
52.9167
48.6233
49.3823
52.0138
46.4881
52.7198
48.4176
49.9135
51.3377
47.2639
52.0334
49.325
49.9215
51.7418
47.9291
51.1612
48.251
49.6475
51.3008
48.2184
51.3377
49.2338
48.8324
52.1334
47.1334
52.2229
47.7796
49.1174
50.6364
48.2847
52.1805
48.7828
50.4667
49.853
48.9113
51.6282
48.5746
51.1017
49.233
49.3436
50.1753
47.939
51.8578
48.816
49.9091
49.8663
48.0589
51.6175
48.6967
50.7182
49.6141
47.9809
50.0685
50.2492
49.9615
50.397
48.8129
50.645
48.4656
50.866
49.9686
50.0102
49.9056
46.9197
52.3817
48.3668
49.6376
51.5387
46.5847
51.9791
49.0699
49.6214
51.7474
47.7842
50.5239
49.5455
49.4117
50.6058
49.4391
51.2347
48.6231
49.634
51.4067
49.2733
50.3681
49.8385
47.732
52.3716
47.5267
51.0767
49.0619
49.667
50.0498
47.9495
52.4324
46.9774
50.9839
50.15
47.1164
52.7281
47.4712
51.8248
49.9698
49.0031
51.5805
48.4808
52.5752
48.7958
50.5249
50.2503
47.5796
51.4354
48.884
49.4889
50.0637
48.4097
50.321
49.8185
49.0481
50.7719
47.86
51.5401
48.827
49.731
50.4864
48.3408
51.8715
48.8987
48.9686
51.9004
47.2199
53.1068
47.5499
50.0875
51.0995
47.1955
52.045
48.8179
48.9404
51.066
48.2356
51.7019
48.6097
49.8874
50.1627
48.5025
51.8082
48.2316
49.7533
51.0723
47.0205
53.2516
48.4475
49.457
51.0591
47.5559
53.1293
48.2981
48.6138
51.0391
46.8587
52.2589
47.9793
49.9493
51.4378
46.7679
52.8207
49.1318
48.4429
51.8553
47.4762
52.0713
48.1031
49.3263
51.5047
47.9322
52.2675
48.2039
49.5263
51.1751
46.8104
53.5119
47.7942
48.8554
51.0268
47.1826
52.5275
48.7507
49.144
51.5793
47.6573
52.3272
48.6899
49.6528
50.9478
47.0939
52.0171
48.7582
48.5849
52.0276
47.1579
52.2669
48.7428
49.2268
51.601
47.7621
51.9287
48.8466
48.9754
51.3512
47.7182
52.8212
48.4457
49.5505
50.924
47.9488
51.6021
48.6116
49.2289
50.4906
47.512
51.8126
48.0555
50.114
51.0909
47.2251
52.7202
48.3675
49.2804
51.971
47.2375
52.1838
48.701
50.0885
49.9966
49.1638
52.2227
47.704
51.0595
49.7878
48.2749
52.2041
47.3627
50.8321
48.9673
48.4302
50.7017
47.8529
51.8856
48.9333
49.9334
50.6691
47.3574
53.225
48.9883
48.9587
51.8845
47.125
52.0231
49.9698
48.4105
52.1197
47.5156
51.9744
48.6493
49.5862
50.9499
47.7225
51.4528
48.4753
49.245
51.7088
47.5562
51.9645
48.9501
49.4302
50.9885
48.7362
50.7436
48.9282
49.8205
50.6854
48.951
51.8325
48.6685
49.9454
50.6145
48.5459
51.5292
49.4241
49.1008
50.6973
47.8202
51.8263
48.4581
50.1803
49.2196
49.4372
51.4535
48.7753
50.4554
50.6147
48.8989
51.0461
48.2272
51.0098
48.9883
50.515
50.0586
47.946
51.3509
49.0176
50.557
50.0786
47.3361
51.6935
48.0419
50.8003
49.5735
49.392
50.5814
48.721
51.0049
49.9293
49.3824
51.2788
46.5339
53.0119
48.0259
49.9518
50.9277
47.5313
51.9879
49.0184
49.097
52.3355
46.3356
52.4827
48.5532
48.4678
51.3252
47.6079
51.8137
48.9632
48.3387
52.5179
47.3225
52.4957
48.5079
49.4913
51.2393
47.3839
51.9807
49.4915
48.4963
52.2101
48.0391
52.4532
48.9039
50.0897
51.9008
47.9878
52.2457
49.245
49.5724
52.1609
47.8698
53.2625
49.8333
49.4903
52.6348
49.2075
51.8058
50.3481
49.9673
52.5399
48.7353
52.6632
50.0996
50.7703
52.4826
49.5911
53.1202
50.6263
50.2569
53.4307
48.7097
52.2351
50.8407
49.3318
52.4307
49.2987
52.9614
50.0322
48.8818
52.6474
49.0329
52.0305
49.5022
48.4318
52.1079
51.9353
48.6236
54.9556
49.0834
54.2225
50.9966
49.7427
52.8869
49.9194
48.7881
50.0961
46.8526
50.924
49.2193
50.2242
50.529
47.6768
51.1315
50.8408
46.5735
53.7109
48.6688
48.1852
50.7801
47.5049
53.1842
49.3255
49.1918
52.9408
50.2677
54.723
47.3056
52.0181
48.2401
51.3055
50.3515
51.8807
51.2661
51.1128
48.5822
47.1052
48.4154
48.4679
49.0462
50.4376
47.9953
50.7166
51.977
53.9819
50.3493
52.924
52.5232
50.9122
54.2421
51.3437
54.2975
50.4742
49.5668
48.9249
49.3367
49.4432
49.4013
50.5629
48.7837
50.128
49.329
49.6544
49.4231
50.7851
49.0616
50.3042
48.8231
49.8803
49.3331
50.8527
49.2224
50.307
49.2262
50.3044
49.4919
50.3732
48.7784
50.0426
48.8386
50.0196
49.3708
50.4292
49.3425
49.526
49.4538
50.1383
49.4136
50.358
49.3072
50.2452
49.0382
49.6923
49.9053
50.2247
49.7315
50.3576
49.6875
50.1865
49.6364
50.5645
49.1659
49.1795
49.581
49.8933
49.6357
49.6947
50.4589
49.4946
50.3412
49.6272
50.1567
50.2931
49.9609
49.5198
49.831
49.9201
49.8379
50.3104
50.5486
49.5354
51.161
49.131
50.3315
50.1537
49.1182
49.7668
50.0476
48.9646
50.3159
50.0523
49.536
49.4772
49.9877
50.1213
49.6052
49.9958
50.2121
49.111
49.8183
48.802
50.2998
50.3821
49.957
50.0633
50.3188
49.4748
50.3337
49.6314
49.0523
49.875
49.3425
49.7774
49.6053
50.3312
49.2891
49.7919
49.5624
49.4196
49.2491
50.4775
49.1944
49.8799
49.0004
49.5731
49.6533
49.8995
49.5307
50.3112
49.5941
50.0685
49.4796
50.1721
49.1485
49.3258
49.7807
49.0861
49.6523
50.2593
49.3188
50.2017
49.4827
49.8645
49.4557
50.3588
48.8615
50.3028
48.8164
50.1859
49.2021
50.455
49.8403
50.2641
49.5993
50.3023
49.0468
50.8917
48.6407
49.905
49.3828
49.818
49.5479
50.2371
49.8129
49.4868
49.9529
49.9213
49.3767
50.6447
49.151
49.9585
49.3047
49.6682
50.0021
50.513
49.4397
50.9378
49.1476
50.4984
49.4934
50.3212
49.305
49.7979
49.2184
50.3021
49.1066
51.0522
48.6787
50.414
49.3419
50.2471
49.4395
50.4479
49.5101
49.8453
49.3275
49.9877
49.7775
50.8741
49.1777
50.5513
50.0108
50.0857
49.4868
51.1059
48.051
50.4846
48.423
49.8635
49.8178
49.7594
49.9443
49.5367
49.4351
50.3408
49.2485
50.8744
48.7184
50.1939
49.2797
50.4246
49.2087
50.5621
49.8878
49.8583
49.8867
49.6704
49.9434
50.3998
48.9584
49.4514
49.8263
49.3907
49.6681
50.668
48.9581
50.4384
49.2517
50.182
49.9307
49.6693
49.8931
49.5654
49.5678
49.4141
50.1699
50.1319
49.7547
50.1587
49.8709
49.9504
49.6561
50.4525
49.1555
49.7376
49.6739
49.3446
49.5199
50.5048
49.4314
49.881
49.8226
49.7375
49.7031
50.1251
49.3337
50.4037
48.7505
50.2918
49.3712
50.4373
49.4758
50.5738
49.5485
50.1508
49.1011
50.6439
48.5822
50.2263
48.9795
49.7994
49.7777
50.4796
49.3424
50.3462
49.3213
50.5881
48.3332
50.9302
48.6714
50.0405
49.0022
49.9993
49.4432
50.2727
50.1821
50.1878
49.6565
50.1705
49.812
50.6009
48.9315
50.3185
48.6011
50.1193
49.254
50.4478
49.6875
49.6336
49.6411
49.5097
49.3758
50.2201
49.4858
49.478
49.9654
49.6714
49.5031
50.48
50.1727
49.983
49.9806
49.8391
50.416
50.1366
50.1115
49.0679
49.5332
49.5419
49.9326
49.8672
49.4242
49.3245
50.0248
49.0284
49.6788
49.9062
49.5668
50.1045
49.4527
49.5655
50.2427
50.3708
50.442
49.4199
50.5742
49.5992
49.9924
49.5865
49.2862
49.8449
49.3483
49.3005
49.7309
49.997
49.9826
49.69
50.073
49.7191
49.3039
50.2621
49.5278
49.6084
49.496
49.6612
49.5058
49.7477
50.1277
50.1474
49.6639
50.4147
49.1214
50.9474
48.8765
49.5504
49.3504
49.8218
49.26
50.1235
49.3528
50.1921
48.9407
50.2294
49.0146
50.7579
48.8059
50.1382
49.1746
49.6759
49.252
51.0922
49.213
50.3364
49.5331
50.222
49.3883
50.2027
49.087
50.0577
48.4984
50.4308
49.1166
50.8314
48.91
50.0788
49.6931
49.8069
49.3225
50.7925
48.9161
50.2462
49.0319
50.2561
49.1226
50.5183
49.8125
50.1284
49.701
49.957
49.5665
50.4782
49.0093
49.8375
49.7671
49.3985
50.1746
50.0586
49.6209
50.1315
49.4072
50.0958
49.5524
50.2763
49.7312
49.4485
49.5465
49.447
49.5789
50.5077
49.4936
50.2953
49.9787
49.9897
49.8006
50.4521
49.1243
49.6755
49.1758
49.9352
49.242
50.5419
49.4895
49.5335
49.7508
49.7471
49.4748
50.6035
48.9413
50.4396
49.0961
49.5844
49.9761
50.5846
49.8589
49.7021
50.0926
49.9809
49.4958
50.4262
49.108
49.8135
49.2129
49.8186
49.6934
50.4104
49.4982
50.2983
49.4931
49.8619
49.7471
50.6732
48.8577
50.2829
49.0503
50.2062
49.2722
50.8548
49.9527
50.4799
50.0978
49.7143
50.0038
50.4131
49.5718
49.9057
49.2376
50.0479
49.5336
49.8809
49.5653
49.7367
49.3277
49.7858
49.5743
50.2453
49.1637
50.0494
49.5545
49.039
50.3249
49.9738
49.7612
50.4067
49.7937
50.5229
49.0416
50.3564
49.401
49.191
49.5892
49.0286
49.6725
50.1106
49.7266
49.1393
49.9249
49.9887
49.5992
50.1832
49.0112
50.2798
49.1929
49.9197
49.3985
50.4798
49.7769
50.167
50.3785
49.3604
49.741
50.6494
48.762
50.0189
49.1839
50.215
49.4582
49.9556
49.8929
49.5404
49.8111
49.9528
49.4624
50.4619
49.1791
49.9046
49.2638
49.7996
49.3146
50.9208
49.48
50.2484
50.1265
50.0544
49.721
50.3472
49.1627
49.7421
49.2875
49.875
49.3784
50.8073
49.1082
50.2059
49.4264
49.788
49.3934
50.7185
48.8491
50.1572
49.1341
49.6239
49.8811
50.5902
49.4126
50.3877
49.4866
50.2628
49.2035
50.7073
48.6822
49.6785
49.341
49.7426
49.4566
50.1091
49.6777
49.482
49.6417
49.604
49.559
50.5161
49.0665
49.9604
49.5659
49.5478
50.0561
50.4464
49.6619
50.0131
49.7449
49.6132
49.8902
50.115
49.0209
49.853
49.0475
49.4191
49.6535
50.0332
49.2867
49.8118
49.869
49.6839
49.548
50.1396
49.7896
49.5543
49.4714
49.7423
50.0524
50.6778
49.9499
50.0329
50.116
49.9628
49.594
50.6395
49.181
50.0338
49.5874
49.3212
49.6354
49.9085
49.2418
50.1691
49.118
49.6322
50.0686
50.378
49.1964
49.9477
49.7042
49.7848
49.741
50.7974
50.1343
49.9982
49.8299
50.7611
49.2294
50.2612
49.7937
49.7891
48.7529
50.4229
48.8986
50.8356
48.7923
50.1107
49.822
49.5995
49.3343
50.8284
48.4642
50.6301
48.7272
50.0851
49.781
50.2848
49.6237
50.2081
49.6563
50.2565
49.5239
51.0021
48.3239
50.2465
49.3745
50.3042
49.4207
50.0982
49.7299
49.9239
49.4461
49.44
50.1002
50.1875
48.8326
50.112
49.0792
49.819
49.6047
50.8782
48.9885
50.8159
49.6584
50.4975
49.6006
50.2608
49.6574
49.6555
49.3422
49.328
50.0291
49.8093
49.4248
49.925
49.4215
49.9639
49.9106
49.7182
49.605
49.4542
49.6079
48.7351
50.3006
49.7024
50.5091
49.6341
50.1575
49.9242
49.8002
50.2964
49.6795
49.7951
49.3119
50.1463
50.1721
49.7173
50.231
49.1781
49.8981
48.9797
49.8889
49.8264
49.4278
49.648
49.2146
49.6616
49.7082
50.1915
50.1657
49.8871
49.8619
49.9774
50.0899
49.5648
50.2206
49.1021
49.2841
49.9461
49.7258
49.9062
50.0995
49.1008
50.0399
49.5602
50.0549
49.6692
49.5497
49.4374
49.2879
49.8299
49.6863
49.822
50.1121
49.2935
49.8671
50.0723
49.5193
50.5541
49.1621
49.5837
49.1853
49.7293
49.8732
49.7156
49.9013
49.5164
49.2545
50.5666
48.9631
50.6231
49.139
49.1711
50.0073
48.9701
50.0309
50.2636
49.5583
50.3895
49.6044
50.1396
49.7619
50.4054
49.4013
49.7619
49.2098
50.1248
49.4618
50.5117
49.2952
50.1971
49.5303
49.8446
49.6268
50.4481
48.9917
50.3587
48.4176
50.757
48.839
50.8561
49.9063
49.8051
50.2809
49.6016
49.9817
50.2789
49.3443
50.0556
49.3255
49.7921
49.5045
50.5595
49.4832
50.0173
49.7913
49.7575
49.6457
50.3809
49.4249
49.905
49.0481
49.9221
49.1968
50.7081
49.4804
50.4836
49.3484
50.6607
49.0151
50.7356
49.0657
49.7071
49.4949
49.4221
50.0372
50.0156
49.8653
49.9373
49.9088
49.5126
49.8223
50.2483
49.294
49.4112
49.6979
49.4164
49.9467
50.3207
49.6788
49.6685
50.1131
49.3351
50.1739
50.2649
49.08
50.12
49.1022
49.9791
49.849
50.3223
49.7796
49.8296
49.5371
49.6366
49.7721
50.0534
49.3457
49.8792
49.3499
49.8234
49.4106
50.7995
49.6044
50.0832
50.0688
49.6842
49.8346
50.306
49.5713
49.482
49.2766
49.6435
49.3615
50.1979
49.6231
49.5878
49.3892
50.1738
49.203
50.5678
49.0975
50.0442
49.2215
49.9647
49.9809
50.1522
49.7278
50.1609
49.6062
50.1059
49.278
50.8453
48.7376
49.7887
48.9185
49.8075
49.208
50.2439
49.7198
49.5486
49.1299
50.5508
49.2457
50.2283
49.2761
50.2842
48.9897
50.4494
49.4692
51.0034
49.4051
50.476
49.8775
49.9412
49.7496
49.9881
49.3427
49.3471
49.3477
50.1319
48.8203
50.4332
49.4352
49.69
49.9667
49.6057
49.5374
50.4299
49.1502
49.9784
49.2293
49.984
49.5171
50.2414
49.6486
50.5112
49.3825
50.4484
49.1999
50.8129
48.7507
50.0588
49.5185
49.8043
49.0122
50.8765
49.1456
49.8839
49.5141
50.1364
48.7573
50.7042
48.7349
50.3593
48.8594
49.8969
49.4282
50.5841
49.7355
50.1519
50.1789
49.6052
49.7004
50.2265
49.0242
49.9651
49.3694
49.6804
49.7845
50.1633
49.7099
49.6758
50.0439
49.7522
49.4603
50.4418
49.4087
49.6679
49.6702
49.306
49.9198
