49.4333
46.8258
49.3825
47.9291
47.8383
49.4199
49.202
48.0594
49.0511
48.1034
48.6199
48.6878
49.003
47.7536
49.5294
47.8159
48.44
49.6613
49.1919
46.8843
47.8594
49.4807
46.7839
50.4906
48.7332
49.4328
50.9938
48.598
50.923
50.9565
49.87
49.7756
50.5326
51.4314
50.5773
50.6807
50.7856
49.6629
50.4239
50.1653
51.1126
50.2198
51.0166
49.5957
52.0787
51.496
52.2594
52.3916
51.4275
51.6798
52.3994
55.0574
52.0867
51.7259
52.715
51.3235
54.185
51.5556
52.4239
51.6218
51.2598
50.2184
52.4847
55.0722
50.0116
52.771
52.2923
50.7272
52.1746
50.8631
52.2834
49.422
48.8397
50.193
49.354
48.6275
46.0828
48.3331
45.8377
45.2404
47.2248
48.3076
44.0831
47.3935
46.2926
46.4661
48.3859
45.1695
45.7145
46.784
44.9941
45.6342
45.1272
45.7874
40.8524
48.1125
45.1492
43.9548
46.7718
43.2949
44.3359
44.8992
44.7331
45.1818
46.9405
44.5107
45.498
46.6009
44.8352
44.208
46.3774
44.4107
43.4178
47.8197
45.566
46.4755
48.6495
44.4471
47.4475
48.2568
46.6578
47.8058
49.5986
47.8786
47.4774
50.2745
47.8348
47.7292
49.6376
47.6802
48.6517
50.0184
47.8543
48.7348
49.6163
47.2605
48.656
50.4943
47.1416
48.2842
48.8801
47.716
47.3886
48.5469
47.6618
47.9245
48.4696
47.2063
48.5289
48.9271
48.3171
47.8411
50.1331
47.2469
48.5413
51.1386
48.0988
47.9719
49.2046
48.1536
47.4522
50.5299
46.8519
48.9609
48.692
46.0651
48.3759
49.4
47.3713
47.6654
49.601
48.9024
48.6667
50.8894
49.3099
49.6806
49.0039
49.7091
48.9259
49.4713
48.5487
50.1504
50.0161
47.4677
50.0281
50.5893
48.7377
48.394
49.2486
49.3781
48.8002
49.9838
49.6199
49.4022
50.8301
48.0216
48.8519
49.8392
49.1304
46.9667
50.4042
48.1706
48.4822
49.6758
49.7884
48.2871
48.881
48.2007
48.3523
49.4185
48.3737
48.9692
50.5984
46.1591
49.3633
49.3703
49.3352
47.4095
50.0188
47.5461
48.5858
50.1284
48.8905
48.3703
49.2828
46.9279
48.1249
50.2516
48.484
48.3462
49.9353
47.2271
48.7915
50.4705
48.0094
48.1667
49.4634
46.6112
49.5187
49.6472
49.653
49.792
49.3125
47.0233
51.6371
49.6623
49.2451
50.9266
50.1831
49.7271
51.9789
52.1931
49.7316
51.535
50.5019
50.0009
51.1418
50.3312
49.9405
50.2686
49.6593
50.8356
51.4839
51.7838
49.055
53.691
54.089
49.8439
53.2884
53.2267
51.7771
53.3522
52.5916
53.0392
54.1636
49.5302
51.9688
52.171
51.383
50.3146
52.8547
51.9342
51.4319
53.3149
54.7414
52.3312
51.7313
51.4816
52.269
52.1412
51.2791
51.1851
51.1277
48.8544
48.5007
48.4931
49.0145
47.2306
47.5624
50.0981
49.4162
48.0241
48.6572
49.0568
46.9422
48.2818
50.4195
46.6158
49.9979
47.1037
48.7994
49.8908
48.8905
48.8814
48.1096
48.5136
47.8665
50.5016
50.5401
46.8692
50.346
48.0122
48.7812
48.9322
49.4072
47.0372
50.0515
48.1276
47.0445
50.7705
49.1718
48.0097
48.4298
48.6887
47.5512
48.82
50.0502
46.7976
50.4068
47.2721
48.884
48.2942
48.8766
48.2852
48.1913
48.1539
47.1471
49.7067
48.3043
48.2001
49.9742
47.2062
47.2683
49.6866
48.6135
47.0158
49.7612
47.7433
46.2485
48.874
48.1768
48.6808
48.6768
48.4841
48.2981
48.5576
50.1744
47.2693
49.1377
47.0282
48.7127
47.0552
50.5886
47.8551
49.4638
46.8603
47.7127
50.5541
46.6098
49.55
48.1045
48.5148
48.8674
49.6254
49.334
48.8532
48.6992
48.8267
48.2585
50.3525
49.1622
49.1583
47.0554
49.4784
46.6447
49.422
49.2239
48.6402
48.4565
47.6344
49.4701
47.7594
50.2693
47.422
49.4651
47.6126
48.8934
50.7267
46.7315
50.4003
47.2497
49.3817
47.1834
49.0073
50.5783
47.9906
49.2395
47.3008
49.0882
48.1341
49.433
49.9935
48.4243
50.2574
46.5396
51.4422
47.896
47.72
49.1293
47.6447
49.0341
47.5545
51.1249
48.5927
49.8947
48.9319
46.9289
50.8294
47.5524
49.7907
48.9973
50.216
46.4206
49.4015
48.6862
46.864
50.9636
46.9478
48.6507
49.6271
47.8868
49.011
48.4615
49.592
45.6181
51.4763
47.0816
47.715
49.4419
48.0224
48.6595
48.8224
49.0696
46.9445
49.6416
48.623
46.7366
50.5357
47.2067
48.9293
49.2624
48.693
48.766
49.7566
48.2509
46.3497
50.8171
47.2121
48.0615
51.3676
47.4047
48.6024
49.6565
50.1045
45.4161
50.5015
47.4257
48.6774
49.8354
49.0493
48.9353
49.5224
48.3674
47.0908
50.201
49.0584
47.6685
50.5473
47.6398
48.6619
48.324
48.8737
48.9367
48.1449
48.6755
48.3829
51.2054
47.7965
48.8753
50.7973
48.1885
47.4227
49.4003
49.8314
47.1151
49.7672
47.9423
48.0252
48.0771
48.225
49.1963
47.9472
48.304
48.0116
48.0513
48.9258
47.919
49.9004
46.4327
50.1959
46.7715
49.622
49.5443
48.1379
49.2012
47.2971
49.4497
46.7783
49.4462
47.4894
48.3437
47.977
48.2903
49.6584
49.2605
48.859
48.6581
48.1357
48.1899
48.1655
51.0076
47.6594
49.9507
48.0108
48.4541
48.3792
48.63
48.7103
47.128
49.5709
47.8033
49.256
50.2235
47.7554
49.3962
48.8028
48.6737
48.6685
49.7703
48.0966
50.1751
48.7355
48.0337
49.3001
48.2001
47.8613
49.6873
48.0566
48.8504
48.9456
49.1904
47.5425
49.2283
48.016
48.3847
48.8073
48.6956
48.111
48.9564
47.7901
49.3847
49.6148
48.8144
48.1816
48.9457
48.0648
47.1783
50.1951
49.2979
47.9792
49.8857
47.8148
48.7163
49.6935
47.8153
50.6502
48.2607
48.7412
48.4389
49.3701
48.9124
49.1636
48.3206
48.776
47.4433
49.5785
48.5462
49.7298
48.5361
47.9946
49.0563
48.4661
47.961
49.6636
49.1778
48.2026
48.0829
49.0108
48.4278
48.3248
49.4039
48.0838
47.4883
50.4466
46.8533
49.4653
48.4989
48.159
49.1654
48.1403
47.6135
48.535
48.8029
47.7944
48.4979
48.9641
47.0542
49.6208
48.6049
47.7441
49.839
48.4909
46.8585
49.8571
49.4738
47.6876
50.1885
47.8533
47.8403
48.3692
48.7344
48.0617
49.076
48.5124
47.3735
49.7709
49.7698
47.3622
49.5144
47.4163
47.7615
48.3988
49.0247
49.0788
49.3085
47.2321
48.078
50.0424
47.8762
48.4677
49.5082
47.7662
46.9208
49.3892
50.681
46.0203
51.2761
46.6585
48.1908
48.8829
49.4188
48.2084
49.4129
46.7659
49.0707
49.2235
49.0579
48.8136
48.9624
47.9395
49.2021
48.8648
49.2719
47.7235
48.5452
47.9398
47.5007
49.0518
48.6929
49.2154
48.039
49.209
47.2892
50.0672
49.7932
47.4431
49.0217
48.5465
48.2401
48.9098
50.3286
47.9168
48.2911
49.9998
46.5347
49.2848
48.7203
47.895
48.2132
47.6782
47.9398
49.2048
48.8396
47.9895
49.6698
48.9174
46.5284
49.1671
48.6455
48.7301
47.5919
48.6841
47.4031
49.2674
47.1528
49.4791
49.1884
48.3551
48.5136
48.9815
48.7911
48.5885
48.9628
49.6406
47.8047
48.1652
47.6461
49.5986
49.4411
48.1687
48.5662
49.0665
47.3195
48.6702
49.4631
48.3717
49.1371
47.5797
49.5703
49.5066
49.225
48.574
49.0944
48.8022
47.5973
49.7689
48.771
48.3217
49.4483
47.8393
49.4096
49.7834
50.2115
46.6583
50.4583
47.3277
48.5042
49.3703
49.4588
48.2133
49.4815
48.3361
49.4475
50.5832
48.723
48.5678
49.0431
47.2524
49.9739
48.3535
50.604
47.9739
47.4691
49.34
48.9492
50.0761
47.6245
50.314
47.15
48.6472
49.3849
48.5072
49.1469
48.327
49.285
48.6139
48.0285
49.056
48.6394
48.0638
48.4586
48.3907
48.907
48.7278
48.8897
50.2102
47.4341
48.5959
50.0314
45.7247
50.9778
47.223
48.8474
50.3204
48.6815
48.1902
47.9441
49.4338
48.2708
48.6596
49.6082
47.1004
49.2703
49.7431
48.8974
50.4316
48.1605
48.0656
49.3596
48.1281
49.2795
49.2883
47.5494
49.4354
48.403
48.4893
47.8122
50.437
47.8504
47.0167
50.0654
47.2218
49.8531
48.9275
49.7038
47.791
49.3047
47.7919
48.7526
49.2462
49.0356
46.6306
49.3112
48.3996
47.8397
49.5056
48.9351
47.2363
50.3749
47.1679
48.4224
49.2316
48.2318
49.0866
48.6737
47.3957
48.8831
49.7118
47.1669
49.0433
49.0489
47.1968
48.2895
50.2242
48.7017
48.7875
49.6715
47.9519
48.1184
48.9303
48.3734
49.3132
48.754
48.8439
47.9544
48.5988
48.8172
48.2939
49.2157
47.5512
48.579
48.6199
49.3404
48.0075
50.5583
48.4882
48.0161
48.3991
49.2354
48.5251
49.2293
48.605
48.5578
49.009
47.082
49.2018
49.048
47.8767
48.2638
49.6255
48.6946
48.6928
48.8407
48.8296
49.2864
47.9744
48.6354
49.0389
48.6296
49.2065
47.9418
49.5176
47.9221
48.0315
49.4808
47.0781
48.9785
48.8768
48.9612
48.0502
48.1733
48.5001
49.1586
48.445
47.3848
49.6316
47.6753
47.9958
49.5029
49.4858
48.126
48.3319
48.6186
47.9009
49.346
49.5137
47.8392
49.9593
47.409
48.5906
49.5798
49.1678
48.1137
48.3528
48.5281
48.2574
49.0244
49.9368
47.0086
49.5568
46.651
49.3617
49.5134
47.0066
48.7134
48.4507
47.4113
49.015
48.8327
49.9711
48.1563
47.0276
49.1714
47.5916
48.3479
50.9967
46.3411
49.5429
48.2684
47.6712
50.0354
47.382
49.0889
47.7601
46.9637
50.0154
47.5475
50.3326
47.097
48.9541
47.7654
49.2959
49.718
48.2624
48.7631
50.47
46.9238
49.4819
47.8516
48.9492
47.1721
47.9478
48.8332
47.6024
47.9348
49.9719
47.2265
48.0291
48.3774
49.6414
47.643
47.5947
49.9714
47.9662
47.9326
49.9019
47.2191
49.6321
47.7975
47.9906
49.1392
47.6669
47.9297
48.702
47.0186
49.8418
47.7618
49.7255
47.1838
50.0252
47.4591
47.9145
50.4155
47.2781
48.7504
48.8736
48.8223
47.884
48.9581
49.5553
47.0329
48.0947
48.3416
48.9675
47.8796
48.9945
49.5832
48.4533
49.1698
48.8955
49.7889
48.2085
49.3645
49.6428
48.3532
50.2589
49.0561
49.2473
48.1413
49.4259
49.9693
49.0592
50.0367
49.6104
49.1196
48.4557
51.0501
49.2189
47.906
49.4267
49.6877
47.3034
49.9337
50.1867
46.8412
48.9805
48.429
47.7587
49.7501
47.7184
48.4243
48.1941
48.8812
47.8454
48.0437
48.5819
47.0374
49.7204
49.6551
46.2554
50.6087
47.4065
46.7027
50.7207
47.9583
47.6817
50.5376
47.0327
46.9761
50.0292
49.6793
47.0284
49.2268
47.6679
47.1833
49.7755
49.9139
47.5366
49.7315
47.2311
48.8679
49.881
49.6638
49.1741
49.3142
47.5558
49.2605
49.305
51.0059
46.6727
51.0081
48.1268
48.1802
51.0736
49.5775
47.8005
50.3424
48.8931
49.2435
51.1373
49.4959
50.1903
49.6492
49.3479
49.8448
50.9097
49.6164
49.7739
48.6747
49.7669
48.7565
50.7941
48.219
49.6717
49.2954
48.6645
50.6585
48.2433
50.804
49.1766
48.0531
49.6627
49.5317
49.6375
50.2246
47.5651
49.3525
48.0891
47.369
49.3258
50.0715
47.0697
48.1994
48.5182
50.1839
46.8431
49.007
49.2549
47.9341
49.3783
47.8027
49.678
50.5606
44.5998
50.5923
47.3213
47.9674
48.4722
49.2083
48.5458
47.4644
48.6944
48.8794
48.7434
47.874
48.5459
48.1737
50.0121
47.6257
48.6802
48.9817
46.1951
48.8809
48.7136
48.3307
47.9091
48.6991
47.5124
47.2131
49.8163
46.6278
48.1175
49.5772
44.8325
51.0007
49.5404
47.8023
49.7983
48.162
48.4154
48.969
49.2165
47.9395
49.9759
47.8311
47.9207
50.1346
49.7546
47.2378
48.9823
49.4655
46.9783
49.9605
48.8877
47.9294
49.9265
47.3032
48.612
49.8433
49.9955
46.9103
49.1691
50.1106
46.4853
49.6863
49.3543
48.4707
48.4707
48.227
48.8611
49.3653
49.5406
46.974
51.4743
48.2169
47.3752
50.0376
49.6136
49.3697
47.3196
50.4061
47.3523
49.3171
48.9676
49.3508
50.6933
47.0313
48.454
49.3224
48.392
48.4026
48.2936
49.6857
47.0408
49.1392
49.0352
49.578
47.5349
47.9045
48.1014
48.5582
49.2818
48.6637
49.4685
48.1261
48.9873
48.7637
49.3477
49.1281
47.6047
49.5794
48.3646
49.2315
49.5994
49.0685
49.1565
47.3938
48.5916
50.433
47.3191
49.0891
48.7896
47.5859
49.2548
48.7583
47.2151
48.3384
47.0097
48.9406
47.9171
48.3642
48.5355
47.842
48.4668
47.3885
49.6562
46.892
48.1097
48.4108
46.7007
48.4935
47.5254
48.2444
47.3078
45.4043
48.3017
48.7904
47.2897
47.9986
47.9755
46.331
49.9164
46.2088
49.6454
48.5651
47.5842
47.3579
49.2936
49.2679
45.9197
48.7892
47.8922
47.4263
49.2489
46.6439
50.57
47.0162
47.8488
49.9823
48.7641
48.9939
49.5696
50.1573
49.0208
49.2989
51.2293
49.838
48.3999
50.1879
49.6815
48.1497
51.9639
48.5256
50.7857
48.1865
49.2813
50.6998
48.3553
51.2471
48.2052
49.9374
50.0448
48.9559
51.3468
47.1798
50.0095
48.7537
48.766
49.4491
48.2449
48.0506
48.303
49.0213
47.8206
48.7811
49.7184
48.3585
46.9694
49.319
47.6496
48.0914
48.9338
48.1589
48.5807
46.9216
49.6957
48.7736
48.5548
49.2666
46.8421
48.9319
48.8016
47.0594
51.1372
46.6166
48.5182
50.3977
46.3191
49.2022
50.0682
46.7408
49.2137
47.9391
49.2691
48.57
48.4569
51.2105
47.0654
49.1457
48.5247
47.8433
49.4564
48.1282
48.1472
50.4238
47.7148
49.5743
49.0359
47.2245
48.7173
49.2871
48.0281
48.6069
49.6041
49.2387
48.6806
50.2871
46.9683
48.5335
48.7617
48.929
48.9381
48.5147
50.093
48.8664
47.0257
49.766
46.8264
48.7369
47.6111
47.9449
48.9296
49.3924
46.5178
50.189
47.1887
48.3016
50.4601
48.1066
50.1608
47.6643
48.2371
48.8475
48.4308
48.3719
47.2201
47.9934
47.6333
45.4562
50.2292
46.8882
46.3556
47.3818
47.2909
48.0473
48.5007
46.6786
48.6772
47.8166
46.6411
48.0107
48.751
47.7365
46.9039
48.9036
48.2363
46.3751
48.423
47.1313
47.1493
48.4561
49.0033
48.0279
48.7431
48.1004
47.3165
49.5265
48.7512
47.864
50.5006
47.1692
49.0587
50.2692
48.3346
47.9679
49.9778
47.4685
48.2012
49.5586
48.3812
48.7271
48.6001
48.4916
46.3556
51.1535
47.4318
48.9854
49.8582
47.2322
49.4103
48.4897
47.9234
49.6377
48.069
49.6584
47.1202
49.1511
47.7697
49.0102
49.2493
48.6223
48.7856
50.3715
46.6603
49.3308
49.6201
47.9193
47.8606
49.2789
48.0518
49.0199
48.1937
49.8631
47.8302
49.539
46.9103
49.1007
48.9866
48.5253
49.4
50.0802
48.0531
48.9129
47.9537
49.0405
49.0627
48.1847
48.5806
48.7437
47.4085
47.8245
47.9841
50.3787
48.0513
48.127
50.0308
47.9671
48.3711
49.0927
48.1793
49.3039
47.4886
49.5807
49.3857
48.3771
49.1772
48.5889
48.3815
49.3908
46.6648
49.731
49.333
47.5278
50.5201
47.2698
48.1647
49.5474
46.9584
49.8463
49.098
47.9647
48.7079
48.7247
48.0199
47.4512
48.7297
48.9737
47.4466
49.7512
48.1899
49.2635
48.022
48.1445
48.7957
48.415
48.8912
49.0368
48.631
48.5196
47.3789
49.1887
49.0786
46.7919
50.5227
47.3494
48.7515
50.2343
46.6952
48.4403
48.5114
47.1394
48.797
49.7822
48.1728
48.9202
48.6788
49.1814
47.3723
49.2641
47.6649
49.7409
47.4399
49.1479
49.4705
49.7212
48.4478
47.5997
49.5897
48.7556
48.3265
50.0593
49.635
47.5311
50.6181
48.075
49.9694
48.962
49.8995
47.5384
50.7241
47.754
48.9046
50.2436
48.6675
48.1325
49.3299
48.6335
48.4222
49.6864
49.0789
48.908
48.1787
48.5368
48.5427
50.4531
48.2483
49.5472
48.4352
48.6637
48.2018
48.9281
49.7866
49.0393
49.8726
48.0048
48.379
47.8771
49.6088
47.4355
49.2535
46.0328
48.6328
48.3385
49.7581
47.5621
48.611
47.9618
47.4464
47.0446
49.8692
46.4493
49.1343
47.6697
47.3064
48.1125
46.9603
48.7103
49.0286
46.359
48.2205
47.3039
47.9515
48.9909
48.641
48.8306
47.8145
48.6446
48.8387
47.3199
50.5104
46.741
48.6626
48.5559
48.6011
49.4896
48.7208
50.1239
46.6757
49.4508
48.8386
47.4503
51.0166
49.4594
46.9709
49.8264
48.1634
48.0991
50.2557
47.1639
49.6234
48.7714
48.5299
50.5889
49.1951
49.7539
47.824
50.0965
49.1754
47.4902
51.7615
48.2346
48.7294
49.8783
49.0188
48.2504
50.4491
48.9044
47.683
49.6844
48.1747
49.1676
49.4967
48.7533
47.8944
49.3595
49.1097
47.5172
50.4005
47.7555
49.2713
49.2129
47.3609
50.3096
47.6456
48.4636
47.7364
50.4732
46.4076
48.4794
50.2961
46.997
47.6147
50.2357
47.7112
47.818
48.6064
48.199
47.9509
49.5702
47.6966
49.266
47.268
48.5146
48.3492
48.7761
48.1646
48.5285
48.9295
46.7623
49.4708
50.1117
47.3604
49.1724
47.1405
47.253
49.1995
49.3953
46.8227
49.3837
48.391
47.622
47.9691
50.8065
47.759
48.7925
48.7103
47.9498
49.0738
49.3174
47.2973
51.0038
45.6162
47.6334
50.1792
48.7073
48.9266
48.3083
48.9522
47.4585
49.624
49.8674
48.1391
50.0984
46.8143
48.5821
50.7431
48.5144
48.3599
49.0153
48.4984
47.5648
50.0028
48.3138
49.7303
47.7703
48.0357
48.826
49.8273
49.0131
48.4764
49.7086
47.5276
49.3427
49.6758
48.2187
49.5076
47.7593
49.6614
48.2008
49.0438
48.6486
48.5642
49.0228
48.5872
49.6865
48.5252
48.9555
49.159
47.399
50.2911
48.6298
48.5667
48.3906
47.8556
47.8945
49.8919
48.9922
48.4972
48.1735
48.2136
48.6197
49.6535
48.6006
48.5692
49.1467
48.1456
48.2219
51.6863
48.97
46.7599
50.252
46.5678
50.3623
48.8819
48.7094
48.2607
48.6684
48.7098
48.2704
50.5036
48.4061
48.1203
50.4462
47.0836
48.4682
48.7738
48.7847
47.8509
48.8749
48.5389
49.1502
50.7225
46.6514
49.346
48.2608
48.6217
47.9925
49.6922
48.4486
48.4051
50.8719
47.7762
48.4168
49.4344
48.9233
48.5437
49.7034
49.5067
48.2922
49.33
48.2533
49.3233
49.5155
48.871
47.1166
49.4122
48.762
48.3011
49.8345
48.5912
47.7855
49.2847
49.5016
49.1657
49.2582
49.6565
47.246
50.3326
47.8845
48.9791
48.9214
48.5822
47.6195
48.4189
48.9233
47.6685
50.1712
48.3712
46.8327
50.5168
47.4044
47.4867
48.6156
49.6003
46.835
48.7191
48.6221
48.4131
48.0033
48.5905
48.5291
48.3686
48.81
47.3813
48.6484
47.9323
46.7023
48.7567
47.7805
48.6014
46.9961
49.4574
47.5648
48.9891
49.135
47.026
49.0037
48.7191
45.9559
49.6687
49.5056
46.6449
49.0259
47.9755
46.679
48.3592
48.7721
49.1364
45.58
49.3583
47.0708
47.5408
50.2102
48.4954
49.4344
48.2057
45.4124
49.7059
48.1261
48.5423
46.8599
50.0172
45.7334
50.1746
48.7881
47.1822
50.3307
48.0504
45.5129
50.115
48.5372
48.5409
49.2243
49.572
47.4718
47.8707
49.7529
49.3696
46.8354
50.8612
46.6199
50.1902
49.2021
49.7018
50.6266
47.8668
48.9401
49.9345
47.3495
50.3047
47.5806
50.5176
47.3343
49.5156
49.6806
49.1459
49.7869
49.1335
48.1774
48.8036
49.2101
49.3846
51.0191
49.1096
48.8954
48.7009
50.1448
48.6268
48.6989
50.5578
46.8685
48.6485
49.6416
49.0118
50.9579
47.7958
49.5633
49.3961
48.6831
49.0911
48.934
49.3235
47.975
49.9061
47.5759
49.6187
50.0811
48.5833
49.8626
46.9471
50.0531
46.7729
48.7125
47.8891
49.5147
47.0066
48.8456
48.2742
48.4031
49.026
47.8327
48.1722
50.5167
46.4458
50.0094
48.7763
48.3857
47.7276
50.8573
45.9523
49.8496
48.0554
48.1634
49.4773
47.9502
48.2175
48.6789
47.2244
48.1986
48.8922
49.9096
47.9743
49.2753
48.8058
49.2612
48.3208
49.0016
48.3292
48.6273
47.7266
48.4499
49.4492
47.8053
48.3825
48.6594
48.5024
47.926
47.4596
50.1398
48.4531
47.7231
49.8202
49.6748
48.34
48.758
49.276
48.2119
49.8047
46.6249
50.5549
48.9574
47.5486
49.1285
48.8582
49.1249
48.2146
47.5326
49.076
49.3389
49.4033
48.1571
50.1593
48.851
47.9405
49.4992
48.6842
48.4724
48.5769
48.2834
49.4474
49.8581
48.9524
50.4486
47.9182
48.2549
50.2867
47.9608
49.3787
48.8056
48.0074
48.9855
48.6491
49.1897
48.5166
48.4901
49.9878
47.6267
48.8697
49.3637
49.394
47.5015
47.6885
49.3791
48.2627
49.9306
48.0057
48.7512
48.1947
49.3783
48.413
49.0107
47.6531
47.5484
48.3676
47.9018
49.3706
49.3375
48.6662
48.084
48.8998
48.9362
48.0526
50.1563
45.9177
48.6865
49.4889
48.4589
48.9033
49.608
48.6468
46.4466
48.8694
49.2659
46.5683
49.599
48.3876
48.5635
48.6412
50.0987
48.6673
50.2046
46.9461
47.854
50.6302
48.3222
48.0405
50.6483
46.9511
48.0484
50.4905
48.9949
47.9665
50.4525
46.8921
48.5316
49.8436
47.3284
49.0361
48.9716
48.4679
46.9313
49.6485
49.5813
47.3992
49.9001
47.6149
48.4177
49.4829
48.4365
49.1539
49.2807
47.0758
49.0011
48.7206
47.9246
47.883
49.5279
48.5932
47.6423
50.1661
48.5327
48.019
49.232
48.7458
49.191
49.5281
48.0388
48.922
49.1602
48.0962
46.806
50.2963
48.3773
46.6347
49.142
48.2008
47.593
48.2855
48.0343
48.8276
48.3345
46.9631
49.9547
48.8901
48.6967
46.532
49.5384
48.5575
47.577
48.7835
48.6498
47.7801
48.2224
48.6759
47.8663
48.7237
47.8635
47.2677
49.6693
48.1135
46.9546
49.7052
48.8498
47.2524
49.1939
49.2782
48.6674
48.5461
48.9625
48.9443
47.182
48.6224
49.4329
46.2023
49.7446
46.8027
50.001
48.5235
48.2655
49.1031
48.4866
47.3716
48.2236
49.4609
49.0947
48.1496
50.5398
46.9785
48.8929
48.7005
47.217
49.6582
48.7972
46.6673
48.3376
49.7332
48.5408
47.7601
49.1169
48.6543
46.6996
49.4254
50.5979
46.7664
51.2465
46.3943
49.3867
48.2317
47.11
50.0806
48.7965
47.2573
48.4187
47.5907
49.3329
47.7212
49.6079
47.4468
48.0822
49.4257
48.2712
49.853
49.7316
48.1254
49.323
49.3585
47.4219
50.9165
47.0648
48.7705
47.8573
48.831
49.4972
48.2455
49.9018
49.2652
48.6097
49.3913
48.1289
50.5466
48.7941
48.2171
49.7403
47.0876
50.505
48.351
47.8156
48.4981
47.9788
49.2775
48.4701
48.8299
50.1428
47.7406
48.809
49.0158
48.5574
50.1863
47.617
48.7323
48.7349
48.3247
48.9367
48.7972
48.7262
48.7389
47.4401
49.2882
49.8235
47.2613
50.6953
47.8829
49.1094
48.5767
49.3516
49.8007
48.5723
47.7009
49.4146
49.5164
48.7508
47.9264
50.5078
47.5321
47.7788
50.7154
48.0005
48.2886
50.7567
47.6589
48.9705
50.5824
48.8073
49.4726
49.8207
48.8811
49.7905
49.3501
49.0392
49.1138
49.328
47.5919
48.839
50.0124
47.8566
47.9145
50.233
46.7076
49.7821
49.5041
47.5342
49.7789
48.4498
48.1413
48.6238
50.1257
48.0495
48.3179
50.5875
46.7152
49.1759
50.2045
47.1972
49.0167
49.18
47.9317
49.5876
47.8104
48.0753
50.0135
48.376
48.1448
49.8302
47.9733
47.939
49.5265
49.8897
48.1332
48.9787
49.1875
47.6918
50.1194
47.522
49.654
49.776
48.2524
47.6337
50.156
49.2623
47.614
50.1029
49.2666
47.5011
49.2926
49.6503
49.4876
48.9119
47.9961
49.0568
49.9507
47.8468
47.9828
49.8277
48.5326
47.4634
49.9054
48.544
48.8161
48.3572
48.1042
48.4647
50.1204
47.5375
49.559
48.9571
48.395
47.732
49.8412
49.6769
47.323
50.887
47.2834
48.7766
49.2835
48.6621
50.1691
47.9105
48.1974
49.9796
48.5004
48.3019
50.4872
47.8629
49.9828
47.2326
49.141
50.2172
47.8757
50.2491
46.9945
48.8328
48.249
48.5861
50.4606
48.4237
48.1126
48.2641
48.4068
49.5422
47.3695
50.2966
48.0616
47.4908
49.4661
48.9908
48.4811
51.2284
45.4007
49.9357
48.4615
48.7845
49.7345
49.2741
48.5897
47.6051
48.8673
49.063
48.7102
50.1045
46.2926
48.7516
49.4448
46.9122
49.3252
48.8952
46.8591
48.9978
47.0943
48.531
49.8743
47.8747
48.6413
48.443
49.6668
47.5429
48.3967
49.6363
47.7663
47.754
49.3547
47.8255
48.8457
47.8864
47.8396
48.3036
47.273
47.2805
48.3838
47.9073
48.0961
46.7803
49.8468
48.7826
46.6675
48.8925
47.7629
48.4017
48.1505
49.2717
49.4594
47.2811
47.4678
48.0021
48.1812
47.8164
49.036
48.1548
48.1707
46.4568
49.9679
50.3409
47.6146
49.6397
48.8409
47.7915
48.4827
51.0069
49.964
48.3214
49.6648
46.2045
49.6195
49.068
47.8932
48.9387
48.8729
46.7949
49.0943
50.0203
48.6039
48.615
48.7707
47.3667
49.1963
49.1716
48.1897
50.4095
48.2327
47.0754
49.9074
48.0702
48.368
48.8676
48.0632
47.1897
49.7573
47.9846
48.3334
48.5561
48.7946
47.9829
48.3273
47.2188
48.4541
48.873
48.233
49.1129
48.9007
48.4572
47.6237
49.5817
49.7573
46.2158
48.6971
48.7431
47.4282
49.3789
49.4247
48.4011
49.5306
47.2899
48.5188
49.6215
47.9899
48.3374
50.362
47.5928
48.3769
50.1167
49.6903
48.1579
48.662
49.5292
47.5387
50.1267
48.2229
48.1284
49.8469
47.7444
48.1017
50.2148
48.4423
46.2684
50.4266
49.6874
47.7354
49.135
48.8766
49.0875
48.5342
49.1696
47.6884
50.214
47.8342
48.6153
51.6935
46.8144
49.1824
48.8708
48.1654
47.867
49.0358
49.5085
49.0736
49.5131
47.9263
49.7218
49.8046
48.831
48.7106
49.6174
48.3888
48.1544
50.8254
48.0666
49.6502
47.7852
50.3107
48.5884
49.47
49.6946
47.9167
49.0625
49.3305
48.9877
49.1629
47.7033
49.1614
49.8942
48.3124
49.2422
49.2278
47.8943
48.106
48.1766
49.5643
48.2491
47.8029
49.3516
48.0141
49.5482
49.6011
49.8207
48.9594
49.1213
47.8331
49.4834
49.3379
47.4176
49.265
48.183
47.7379
48.1999
50.7296
47.2938
47.5589
49.5079
47.1132
49.9941
49.9968
47.3652
50.8772
47.2539
48.5058
48.7115
50.3599
47.2068
48.9033
49.2725
47.4951
48.5296
49.4839
49.1863
46.1277
50.4718
47.5675
49.9964
49.0038
47.7207
49.404
48.2771
47.6652
48.6448
48.7273
46.9537
48.6604
50.1394
47.8571
49.1547
49.0169
47.5605
49.4284
48.1296
47.6316
48.6824
48.741
47.2358
50.03
47.5206
48.3412
48.5729
47.3974
47.6058
48.9481
49.0314
48.1937
48.4015
48.9801
49.394
49.3864
48.0842
48.8965
47.8942
47.1004
49.4802
49.8969
47.2705
48.6598
48.5658
47.646
47.9243
47.9533
49.0726
47.4204
48.1433
48.7412
48.7023
50.7719
47.4709
48.1797
48.6856
47.8732
47.8575
49.766
48.4371
48.0766
48.7507
48.4619
50.5689
48.291
47.9666
49.6015
47.4507
48.6066
51.118
48.1182
49.0733
47.8339
48.6861
49.0198
49.0097
48.3092
49.3124
48.3932
48.0768
48.5929
49.6297
48.2818
48.2402
48.6817
47.49
50.2877
47.2315
49.0102
50.2927
46.4359
49.3517
48.5052
49.8552
48.8252
48.3208
49.232
48.1865
49.1535
48.1044
49.1706
49.342
46.5945
48.9683
49.6357
46.8965
49.0703
49.0932
48.8819
48.2114
48.8273
49.0507
49.9013
48.735
49.8107
48.2324
49.5746
47.3977
49.9434
49.5868
47.1546
49.998
48.9025
47.5766
49.7614
48.8787
49.1549
48.4925
49.5061
47.5015
49.9286
49.7116
47.8564
50.5778
48.8223
45.9207
49.6906
49.0686
47.7935
48.5455
49.3999
47.4602
48.4796
48.4261
47.7157
49.7818
48.0363
47.166
50.1866
47.3894
48.1916
49.5765
48.649
48.3384
48.219
47.7746
48.9627
48.5803
48.9983
47.3538
49.1215
47.9837
46.7905
50.4009
48.5156
48.1506
48.2931
48.8077
48.3081
48.5268
48.9379
48.0629
47.7054
48.6945
47.4789
48.1895
48.2843
46.7289
49.6315
48.9442
47.4281
49.2195
48.9939
47.7459
49.0849
49.2665
49.7748
48.1192
49.7917
47.4568
48.7637
49.3781
47.5396
48.7559
48.5147
46.2007
50.4229
48.9879
50.1177
47.1559
48.5043
48.2798
48.1526
50.2643
49.0073
48.5449
49.5132
46.1485
51.347
48.7632
47.9569
48.4527
49.553
46.8575
49.717
49.3484
47.8617
48.2399
48.8447
48.5223
47.8926
50.6013
47.4342
48.9219
50.7768
46.3997
50.7931
48.2525
49.1338
49.2076
48.4793
49.7777
49.0877
49.5304
46.6332
49.5737
48.8013
46.97
49.6407
46.944
47.6519
49.339
49.3844
46.6799
50.3299
47.792
48.7859
48.5898
48.9683
47.8898
48.5407
48.952
47.3085
49.8121
50.4194
46.2214
50.1097
48.4754
48.6196
48.0384
48.4369
48.3123
48.9394
49.1569
48.082
50.522
48.1923
48.184
49.9559
49.4929
47.5291
49.2621
50.5466
44.2525
50.9158
48.6649
49.101
49.671
47.4958
48.2696
50.5483
47.517
47.6955
49.9091
48.3061
47.201
50.2457
48.8537
48.9378
48.2648
50.0613
47.6772
49.1129
48.7214
48.5468
49.724
48.0719
47.9763
50.5427
47.7691
47.9227
50.3316
49.6588
47.1942
48.8956
48.807
48.0008
49.6521
47.8391
49.9828
48.884
47.4463
47.4929
51.1934
48.142
47.1909
49.5971
48.0001
48.8363
48.5542
49.0848
49.1521
48.1167
47.5086
49.0141
50.5153
49.3164
47.326
51.2193
48.3305
48.0117
49.9242
49.0605
48.8302
48.1703
49.0692
49.9189
47.7418
49.179
47.6625
50.3039
48.3868
46.7336
51.1605
48.5512
46.4775
50.1822
48.4929
49.5676
48.7422
49.0222
49.1061
49.6527
47.775
48.7546
49.4739
49.1191
46.6066
51.0751
48.5914
47.6225
49.5597
50.1005
47.1961
49.155
49.1427
50.2741
47.49
50.5645
47.9915
50.4048
46.7988
48.927
49.6378
49.0351
47.3486
49.3499
48.6862
48.9788
47.242
49.0613
47.7068
47.7218
49.4251
48.5111
49.2845
49.0778
47.4526
49.7922
48.3627
48.1523
48.8635
49.5343
47.3315
48.7062
49.5666
49.4475
48.222
48.731
48.3924
49.4872
48.2531
48.436
50.0052
49.2706
47.8549
48.8023
49.0254
48.3975
49.6571
47.9318
49.829
48.3475
47.2718
48.0314
48.449
45.2568
47.2927
48.3547
48.4952
46.0734
47.7
50.4735
47.4575
46.9579
47.7169
47.2595
45.9555
47.5132
48.8363
47.6047
44.9524
48.7583
47.1941
46.4191
45.1584
45.5261
43.9094
43.1358
46.2608
46.9766
44.2416
46.2636
44.5044
50.7365
46.7498
44.9157
45.5803
44.1286
45.1912
45.0259
46.8639
47.7744
43.9912
44.505
43.9431
45.0773
42.2633
44.3259
45.1918
44.5681
43.685
51.5441
48.7149
47.4805
47.1105
46.0032
46.2288
47.1194
46.1039
48.5395
44.4612
46.165
45.4704
47.1232
45.9556
47.5964
47.556
46.9234
48.1948
49.1635
48.229
47.8981
49.4769
48.4947
47.6971
50.1058
47.9894
48.2063
48.6393
48.1561
47.9146
48.5452
47.786
49.6561
49.1969
48.0622
49.2099
49.1445
49.0807
48.4238
49.4411
48.3862
49.3634
48.3459
48.8651
49.5517
49.1438
48.8226
48.3329
50.9995
46.9132
48.6258
49.8901
47.3676
48.9455
48.9202
48.7008
48.5169
48.8802
48.3481
49.6178
47.9858
47.9965
49.2458
48.2721
48.3016
49.4185
47.9451
48.7004
47.9753
48.7733
47.6134
50.1046
47.6168
48.3609
48.4759
48.2352
47.5373
48.9788
48.6918
47.5059
48.7974
48.7317
47.6512
48.6577
47.8907
49.6558
47.1588
49.48
48.0466
48.978
48.4398
48.0749
49.0648
48.0676
48.9222
48.2082
48.8443
48.6398
47.4464
48.7055
47.535
48.4348
48.8664
49.6973
48.1201
49.9677
48.0342
48.9963
48.8576
49.3208
49.5863
48.9786
48.727
48.0698
49.2509
48.6256
46.9414
50.2244
48.2238
46.7259
49.569
48.9297
47.9812
48.0796
48.3762
47.6117
49.0958
48.4684
48.8092
49.6
48.7515
46.6923
50.7352
48.3047
47.533
49.5153
48.6434
47.6448
49.6885
48.6264
47.9047
49.5996
46.8854
47.711
49.5089
48.6504
46.9106
49.654
48.479
47.6278
49.7415
49.3976
47.5974
49.9809
47.7656
48.5706
50.3293
48.472
48.6737
50.2864
47.0407
48.1856
50.165
47.3446
47.8058
49.5986
47.8786
47.4774
50.2745
47.8348
47.7292
49.6376
47.6802
48.6517
50.0184
47.8543
48.7348
49.6163
47.2605
48.656
50.4943
47.1416
48.2842
48.8801
47.716
47.3886
48.5469
47.6618
47.9245
48.4696
47.2063
48.5289
48.9271
48.3171
47.8411
50.1331
47.2469
48.5413
51.1386
48.0988
47.9719
49.2046
48.1536
47.4522
50.5299
46.8519
48.9609
48.692
46.0651
48.3759
49.4
47.3713
47.6654
49.601
48.9024
48.6667
50.8894
49.3099
49.6806
49.0039
49.7091
48.9259
49.4713
48.5487
50.1504
50.0161
47.4677
50.0281
50.5893
48.7377
48.394
49.2486
49.3781
48.8002
49.9838
49.6199
49.4022
50.8301
48.0216
48.8519
49.8392
49.1304
46.9667
50.4042
48.1706
48.4822
49.6758
49.7884
48.2871
48.881
48.2007
48.3523
49.4185
48.3737
48.9692
50.5984
46.1591
49.3633
49.3703
49.3352
47.4095
50.0188
47.5461
48.5858
50.1284
48.8905
48.3703
49.2828
46.9279
48.1249
50.2516
48.484
48.3462
49.9353
47.2271
48.7915
49.9054
48.6683
49.0835
48.1579
48.5144
49.1507
49.542
48.5883
49.3063
48.555
45.9826
48.975
49.0651
48.1561
48.3671
48.777
48.175
48.6244
49.9642
48.0342
48.9797
47.8301
48.2678
48.6019
49.1554
47.9238
48.8418
48.0131
48.0387
48.0088
49.2035
46.9816
48.796
47.0816
48.6448
48.3466
49.3305
47.6793
50.0719
48.1568
48.1551
48.6495
49.1635
48.229
47.8981
49.4769
48.4947
47.6971
50.1058
47.9894
48.2063
48.6393
48.1561
47.9146
48.5452
47.786
49.6561
49.1969
48.0622
49.2099
49.1445
49.0807
48.4238
49.4411
48.3862
49.3634
48.3459
48.8651
49.5517
49.1438
48.8226
48.3329
50.9995
46.9132
48.6258
49.8901
47.3676
48.9455
48.9202
48.7008
48.5169
48.8802
48.3481
49.6178
47.9858
47.9965
49.2458
48.2721
48.3016
49.4185
47.9451
48.7004
47.9753
48.7733
47.6134
50.1046
47.6168
48.3609
48.4759
48.2352
47.5373
48.9788
48.6918
47.5059
48.7974
48.7317
47.6512
48.6577
47.8907
49.6558
47.1588
49.48
48.0466
48.978
48.4398
48.0749
49.0648
48.0676
48.9222
48.2082
48.8443
48.6398
47.4464
48.7055
47.535
48.4348
48.8664
49.6973
48.1201
49.9677
48.0342
48.9963
48.8576
49.3208
49.5863
48.9786
48.727
48.0698
49.2509
