42.65200000
41.36200000
43.40800000
40.26200000
40.32800000
42.65200000
39.83600000
42.57000000
45.21200000
41.15000000
42.91000000
43.75600000
38.52200000
42.48800000
41.26800000
42.13600000
42.06600000
43.54400000
38.40400000
42.01800000
44.87200000
40.65800000
42.27600000
43.05200000
43.56800000
38.35600000
39.78800000
41.83000000
39.03800000
42.18400000
41.76000000
43.99000000
41.47600000
39.23600000
41.79800000
39.72200000
40.61000000
44.41400000
38.40400000
41.98200000
42.06600000
42.33600000
41.01000000
43.12200000
39.95400000
40.51600000
45.39600000
38.18800000
42.53600000
38.88200000
40.76600000
40.40000000
41.80800000
42.32400000
44.15200000
40.23400000
40.89200000
41.49400000
40.61000000
42.48400000
38.77400000
45.14000000
40.12200000
41.01000000
43.70800000
40.61000000
43.49800000
42.60600000
46.36200000
40.30600000
46.47800000
38.80800000
41.87800000
44.25400000
41.57000000
39.20600000
40.48200000
43.59400000
41.80800000
40.75200000
46.31400000
38.99000000
41.66600000
39.39000000
40.81200000
42.20400000
44.95400000
41.55000000
42.09000000
42.17800000
43.24000000
38.27000000
42.20600000
44.15600000
41.33200000
42.27600000
41.15000000
41.64800000
41.29800000
38.61600000
41.15000000
44.71800000
41.92400000
42.04200000
42.53600000
45.16400000
39.14200000
41.00000000
40.57600000
44.23400000
42.81600000
41.31400000
40.15600000
45.68400000
39.50800000
42.36000000
46.88200000
40.18800000
40.57600000
41.92400000
40.68000000
39.15200000
45.00000000
38.89800000
41.69000000
43.56800000
42.23000000
42.30000000
44.32800000
40.17200000
41.29200000
44.81200000
43.17000000
42.70000000
45.71600000
39.20200000
41.57200000
44.16400000
40.79800000
42.06600000
43.70800000
41.22000000
41.39400000
41.99600000
40.10200000
42.37000000
38.85800000
42.16000000
41.42200000
43.14600000
40.54000000
43.98800000
41.12600000
40.86800000
46.47800000
41.76000000
43.53800000
44.01400000
44.40600000
38.25000000
41.02200000
43.92600000
39.57800000
43.63800000
44.57800000
38.92000000
40.53800000
43.49800000
39.46800000
39.36600000
42.49800000
38.82600000
41.18200000
42.86600000
40.93200000
42.53800000
47.37000000
38.81000000
45.11400000
45.43800000
42.86400000
44.73800000
46.43000000
41.02800000
40.36200000
46.26600000
39.34200000
44.24800000
42.63000000
42.77000000
43.94400000
40.77400000
43.72800000
48.75600000
41.29000000
41.57200000
42.26200000
45.60000000
41.15000000
44.30200000
41.97200000
42.32400000
43.02800000
44.64800000
43.40400000
38.05200000
41.33800000
40.60200000
40.61000000
42.18000000
40.44600000
45.18800000
44.13200000
41.64400000
39.24800000
42.04200000
40.36400000
42.18200000
38.79000000
42.04000000
43.38000000
41.08000000
40.68000000
41.87800000
46.48800000
38.02800000
40.91600000
40.82200000
41.86400000
41.45600000
44.80400000
38.99000000
40.57000000
45.16400000
38.31600000
42.11200000
42.48800000
38.59200000
40.49200000
41.74800000
43.28600000
41.69000000
45.70200000
38.85000000
38.59200000
42.06600000
43.09400000
40.44200000
45.28200000
38.82600000
41.94800000
37.74600000
40.28200000
43.98000000
43.17600000
38.99800000
43.14600000
42.81600000
40.47000000
43.19200000
41.66600000
38.75600000
40.22000000
40.56400000
41.62000000
39.10800000
42.01800000
38.49800000
43.04600000
39.95400000
43.22600000
42.34800000
41.45600000
39.50800000
41.03200000
40.63400000
41.99400000
45.79800000
39.62400000
42.37600000
40.63400000
41.31400000
40.63400000
42.84000000
40.30600000
40.56400000
40.70400000
42.16000000
39.26400000
44.17800000
38.49400000
41.96200000
40.58600000
43.73200000
39.32000000
42.55600000
40.82200000
43.40400000
43.33400000
42.02000000
39.41400000
42.73600000
42.19600000
38.99000000
40.82200000
42.32400000
40.59200000
42.84600000
46.78400000
36.78400000
40.93600000
41.83200000
43.67200000
39.08000000
41.58200000
39.44200000
42.01800000
40.73600000
42.39400000
40.04000000
44.37400000
41.80400000
39.23600000
40.44600000
42.44200000
40.45200000
45.41800000
38.07600000
40.79800000
43.60200000
39.57400000
40.69000000
43.96800000
41.19800000
43.15000000
42.23000000
44.56000000
40.42200000
41.01000000
38.54400000
40.43800000
42.29000000
40.57600000
41.26200000
44.15600000
42.72400000
36.73000000
45.47000000
38.56800000
44.06200000
41.55200000
41.25600000
43.54400000
42.81600000
42.91000000
41.15000000
40.84600000
42.21200000
41.80800000
43.19200000
41.73800000
38.93400000
40.81600000
40.54200000
43.48000000
42.02000000
43.33600000
37.50000000
42.45600000
40.64000000
42.41800000
42.20400000
42.35000000
42.13600000
40.14000000
39.74200000
40.63800000
42.48800000
39.28000000
31.38200000
34.85000000
34.59400000
38.28600000
32.79400000
31.40800000
33.25200000
33.36400000
33.26800000
34.22600000
36.66600000
36.56600000
30.63400000
35.72800000
35.02600000
36.29200000
30.09800000
33.34600000
33.33400000
33.87400000
37.98200000
28.61600000
36.19800000
32.29600000
36.26600000
34.74200000
35.51600000
31.41000000
35.86800000
32.88800000
33.45000000
33.12200000
33.35600000
35.00000000
32.88800000
33.25800000
34.87000000
37.53600000
32.53400000
33.21600000
37.83400000
25.25800000
2.70000000
2.60600000
2.77000000
2.59800000
4.35200000
2.77000000
2.72200000
4.13200000
2.70000000
2.67600000
2.79400000
2.58200000
2.67600000
2.51200000
2.72400000
2.67600000
4.41400000
2.84000000
2.91200000
6.22000000
2.72400000
2.81600000
2.60600000
2.72400000
2.60600000
2.70000000
2.72400000
2.59600000
4.35200000
2.77000000
2.81600000
4.03800000
2.79400000
2.72400000
2.72200000
2.76800000
2.77000000
2.60600000
2.66800000
2.66200000
4.40000000
2.75600000
2.84000000
4.34200000
2.74600000
2.60600000
2.63000000
2.81600000
2.64400000
2.73400000
2.70000000
2.70000000
4.41400000
2.65200000
2.88800000
4.08400000
2.74600000
2.65200000
2.63000000
2.65200000
2.55800000
2.70000000
2.79400000
2.46400000
4.18800000
2.71000000
2.79200000
4.38800000
2.77000000
2.85200000
2.70000000
2.88800000
2.74600000
2.67600000
2.84000000
2.77000000
4.46000000
2.95800000
2.98200000
4.32000000
3.12600000
2.72400000
2.79400000
2.60600000
2.55000000
2.56800000
2.84000000
2.60600000
4.32000000
2.77000000
2.98200000
4.39000000
3.55600000
3.38200000
3.48600000
3.56800000
3.38000000
3.12200000
3.35600000
3.54400000
5.23400000
3.51000000
3.51200000
5.04600000
3.68600000
3.52200000
3.80400000
3.80200000
3.94600000
3.78000000
3.96800000
3.74200000
5.91600000
3.68600000
3.56800000
5.21200000
3.49800000
3.26200000
3.28600000
3.85000000
3.92000000
3.59200000
3.40400000
3.19200000
5.09400000
3.33400000
3.61600000
5.37600000
3.54400000
3.59200000
3.24000000
3.38000000
2.72400000
2.74600000
2.67600000
2.58200000
4.95400000
3.33200000
3.42800000
4.95400000
3.38000000
3.45000000
3.19200000
3.33400000
3.12200000
3.14600000
3.40400000
2.93400000
5.18800000
3.45000000
2.72400000
4.32000000
3.54400000
3.19200000
3.21600000
3.52200000
2.70000000
3.49800000
3.52200000
3.21600000
4.81200000
2.79400000
2.95800000
4.13200000
2.76800000
2.63000000
2.60600000
2.53600000
2.60600000
2.69200000
2.56800000
56.85400000
38.87400000
34.20200000
35.96200000
34.46000000
32.72600000
35.00000000
31.08000000
34.32000000
34.08400000
31.26800000
33.18000000
35.04600000
32.91000000
32.80800000
34.36600000
36.47600000
34.08400000
33.00400000
35.21200000
30.58000000
33.49800000
35.62000000
32.84000000
32.37000000
35.19200000
34.63200000
35.93800000
36.73800000
34.06200000
31.97200000
32.01800000
33.14600000
35.82200000
35.37600000
31.64400000
33.12200000
35.26200000
38.31000000
31.15000000
36.67200000
31.52400000
33.35600000
33.47400000
33.34400000
36.03200000
36.08600000
34.59000000
30.56400000
36.24400000
34.97200000
33.19200000
37.86400000
30.21800000
33.21600000
33.09800000
35.73200000
32.44200000
32.51200000
32.01600000
33.55400000
35.40000000
33.13000000
33.38000000
36.55400000
35.21200000
32.21800000
34.59600000
31.98400000
33.72200000
35.54000000
31.44800000
33.28400000
34.88200000
33.52200000
33.19800000
36.26800000
36.43200000
31.26800000
33.05200000
33.08200000
32.91000000
35.22000000
32.65000000
33.80200000
32.74600000
33.24000000
33.26200000
36.62000000
34.01000000
34.76600000
34.97600000
33.49800000
35.77400000
34.90600000
30.98600000
36.15000000
35.42800000
37.39400000
35.04600000
39.64400000
31.73800000
33.47200000
33.35600000
35.79800000
30.56400000
37.39400000
34.01400000
31.31400000
34.88200000
33.40400000
35.30600000
35.49200000
36.36200000
30.50600000
33.21600000
35.98600000
36.78400000
31.18600000
33.95200000
33.85000000
35.61000000
34.16000000
38.89600000
32.41800000
35.21200000
32.74600000
32.16000000
33.61600000
33.47400000
35.54400000
31.62000000
36.38400000
34.48400000
36.22000000
33.42800000
39.13200000
31.52600000
33.26200000
33.45000000
33.65000000
39.55400000
30.05600000
35.93800000
31.50200000
35.52600000
33.61600000
33.82600000
38.31000000
38.27800000
35.86800000
31.26800000
33.96800000
33.68000000
33.35600000
35.06600000
31.34200000
36.26800000
32.53600000
33.02800000
38.61600000
32.40400000
35.16400000
31.40800000
34.62400000
32.30000000
34.98800000
35.28400000
33.35600000
36.87800000
31.41000000
36.59600000
31.71400000
33.23400000
33.09800000
36.64400000
32.46400000
33.24000000
34.41400000
32.34800000
35.68000000
35.44000000
34.06200000
33.21600000
34.97200000
34.67200000
31.83000000
35.17000000
31.47800000
36.21000000
36.85400000
31.15000000
34.43600000
33.87400000
35.07000000
34.00600000
36.56600000
34.88200000
33.25400000
38.89600000
27.67600000
33.34400000
33.28600000
33.42400000
33.24000000
36.94800000
36.58200000
33.60400000
37.65200000
31.03200000
33.31000000
35.18800000
31.45600000
34.90600000
32.44200000
33.73200000
35.91600000
39.57800000
31.61000000
33.31200000
34.93000000
35.89200000
34.97200000
37.86400000
31.30200000
33.48200000
35.93800000
30.63400000
33.11200000
36.46200000
33.68600000
31.33800000
37.81600000
33.35800000
33.07600000
34.22600000
35.35200000
30.42200000
33.89600000
33.61600000
33.35600000
34.97600000
33.26200000
35.23800000
33.50600000
36.08000000
30.16400000
35.96200000
33.31000000
35.14000000
31.64400000
33.59200000
34.22400000
33.73200000
35.00000000
33.91200000
33.37600000
33.40400000
34.53000000
37.14800000
33.56800000
35.56400000
32.07800000
35.14000000
32.21800000
35.16400000
36.45600000
30.25800000
34.55400000
33.25200000
37.19600000
33.14600000
35.16800000
34.06800000
30.49200000
33.47400000
35.83000000
36.41000000
36.17400000
38.02800000
35.91400000
32.20600000
35.86800000
30.68000000
33.65000000
35.59000000
34.67200000
35.09400000
32.23800000
35.12400000
33.37400000
36.83000000
31.24400000
36.19200000
34.63000000
31.97200000
35.14000000
31.78000000
33.00400000
33.52200000
35.80600000
33.81400000
34.22600000
31.50200000
34.86000000
34.93000000
35.89000000
33.46400000
36.24400000
30.46400000
34.20200000
33.78000000
33.33400000
35.04600000
35.40000000
33.07600000
35.13000000
34.89600000
35.77400000
33.82600000
36.38400000
32.79400000
34.43600000
31.97400000
33.14600000
36.05600000
36.80800000
33.99000000
32.15200000
34.74200000
32.11200000
33.29200000
38.02800000
33.14600000
33.87400000
34.13200000
33.73200000
35.84400000
32.20600000
35.30600000
33.28600000
33.28600000
33.44800000
33.28600000
34.36600000
35.30600000
32.53600000
33.56800000
33.40400000
35.00000000
33.47400000
36.33800000
31.78400000
33.64000000
35.39200000
31.19800000
33.52200000
33.49800000
35.77400000
33.26200000
31.89200000
35.23400000
33.35600000
33.56800000
37.45200000
33.49800000
31.33800000
37.17600000
32.21800000
33.33400000
33.38000000
35.54000000
32.51200000
36.97200000
34.53000000
32.38800000
35.02400000
35.42800000
31.17400000
34.81200000
35.99800000
33.87800000
35.35200000
34.55400000
34.13200000
32.63000000
33.49800000
33.45000000
34.71800000
35.28200000
32.44200000
32.34800000
33.38000000
35.89200000
33.59200000
35.30600000
31.36200000
36.36200000
31.88600000
34.63600000
39.68800000
32.24400000
34.50800000
34.01600000
32.50000000
34.10800000
36.71400000
32.30000000
33.75600000
35.56400000
33.80200000
36.86000000
36.47600000
31.57200000
33.42800000
33.46200000
33.32600000
33.14600000
36.29400000
29.97600000
35.54000000
34.44400000
34.78800000
34.71800000
38.09400000
32.84000000
36.57200000
32.28800000
33.59200000
35.64600000
36.79600000
33.31000000
31.59000000
36.59600000
37.36800000
33.82200000
35.07000000
35.42200000
31.16000000
33.28800000
35.18800000
32.48800000
32.04200000
35.35200000
31.30000000
34.97600000
36.05600000
33.63800000
39.39000000
31.86600000
35.21000000
31.61200000
33.54400000
33.62800000
36.00800000
33.07600000
31.96200000
36.36200000
34.55400000
33.52200000
38.33000000
36.08000000
33.92000000
31.99600000
34.62400000
34.27200000
33.85000000
35.89400000
33.26200000
39.06200000
32.14600000
31.91000000
34.92800000
37.63000000
32.81600000
33.54400000
33.58000000
35.53000000
32.90000000
36.69000000
34.27000000
36.15000000
35.37600000
33.99000000
35.16400000
35.11800000
32.39400000
35.47000000
31.92400000
36.33800000
30.85400000
35.25000000
36.38400000
35.89200000
33.34400000
35.95800000
36.21600000
34.04800000
36.14400000
32.65200000
32.58200000
33.94400000
34.33200000
35.54200000
37.01800000
33.47400000
34.05000000
37.67600000
36.40000000
33.89600000
35.37600000
31.26400000
33.42800000
33.19000000
34.57800000
34.85400000
37.63000000
30.44600000
36.05400000
34.67200000
36.45600000
34.73000000
34.08400000
31.47200000
33.49800000
36.31400000
32.55800000
35.18800000
36.57200000
31.97200000
33.38000000
33.63800000
34.94800000
33.26200000
35.14600000
35.25800000
29.74200000
33.49800000
33.32200000
36.38400000
33.02800000
37.04200000
32.63000000
32.09000000
37.67200000
30.93800000
33.19200000
33.28600000
35.58600000
35.63400000
35.14000000
33.75600000
33.15600000
35.11800000
36.93000000
30.00000000
35.03600000
34.71800000
32.18400000
35.82200000
37.95800000
31.46400000
33.52200000
33.39000000
35.77400000
33.71800000
32.04200000
35.30600000
32.72600000
33.54400000
33.24000000
35.96200000
33.42800000
36.57200000
33.47400000
31.03200000
33.20400000
36.31400000
34.89000000
35.62000000
33.00400000
34.69400000
31.71200000
33.12200000
36.19800000
32.43600000
31.36200000
33.42800000
33.21600000
36.15000000
32.18400000
33.58000000
36.97200000
31.59600000
37.28600000
31.90200000
34.64800000
32.41800000
35.85400000
31.85400000
33.42800000
35.14600000
33.40400000
34.90600000
38.39600000
28.92000000
33.46000000
33.68600000
33.49800000
35.75200000
36.57200000
30.20600000
33.47400000
37.63200000
30.72800000
33.56800000
35.12200000
35.21200000
32.58200000
32.18400000
33.49800000
36.50200000
33.96000000
36.24400000
32.88800000
32.53600000
34.83600000
32.07600000
35.11800000
34.80600000
37.84000000
31.38800000
33.39200000
34.86000000
31.63400000
33.70800000
33.28600000
36.78400000
31.76000000
33.56800000
36.55000000
32.30000000
35.86800000
32.70000000
32.72400000
35.05800000
37.94400000
32.55800000
33.48400000
37.16000000
34.08400000
31.01000000
35.18800000
33.65000000
34.51400000
33.89600000
31.55200000
33.40400000
33.24000000
35.89600000
30.68000000
36.27600000
34.02000000
31.60400000
34.93000000
33.47400000
33.49800000
33.24000000
36.81600000
33.35600000
31.40800000
33.70800000
33.31000000
34.95800000
36.24400000
35.28200000
34.27200000
32.27600000
38.42000000
30.65800000
33.31000000
34.95400000
35.28200000
32.67600000
33.17000000
34.87000000
33.66200000
37.79400000
30.73000000
33.66200000
36.94800000
32.20600000
33.28600000
35.49200000
31.92400000
33.78000000
33.38000000
35.27400000
35.25400000
33.89600000
33.00400000
33.25600000
33.36800000
36.05200000
34.62400000
33.71000000
34.15400000
30.89200000
33.17000000
35.07800000
33.53000000
36.99600000
31.54000000
33.54400000
34.62400000
36.47200000
35.96200000
32.76200000
33.42400000
32.51200000
33.40400000
35.11800000
33.64200000
35.61000000
35.67400000
33.72600000
34.81200000
34.95600000
33.56800000
35.04600000
31.65400000
33.84800000
37.09000000
30.93800000
33.42800000
35.30600000
32.84600000
33.73200000
33.10000000
35.82400000
33.78000000
39.35600000
31.17400000
34.31200000
33.61600000
36.01000000
37.11200000
30.68000000
35.37600000
36.44200000
31.31400000
35.86800000
33.40800000
33.74200000
35.02400000
34.03800000
35.56400000
33.49800000
33.99000000
35.86800000
32.86000000
35.74600000
35.41000000
35.02400000
33.68600000
33.99000000
34.10800000
35.18800000
33.93200000
35.89200000
31.12600000
35.62200000
35.70400000
33.49200000
33.24000000
36.49400000
30.34200000
33.26200000
33.47400000
36.33800000
31.17400000
38.78000000
34.34000000
36.50200000
36.26800000
34.78800000
36.74200000
32.64600000
36.29200000
34.50800000
34.06200000
35.28200000
34.68000000
39.10400000
34.15400000
36.29200000
37.88800000
33.79600000
36.33800000
34.32000000
35.65800000
34.69400000
36.16200000
34.50800000
31.45600000
35.30000000
33.45000000
33.28000000
35.32800000
37.27600000
34.67200000
31.76000000
33.35600000
33.68600000
33.97200000
33.87400000
36.32600000
32.32400000
34.07800000
33.42800000
35.04600000
33.35800000
35.14000000
33.70800000
33.94400000
33.92000000
33.38000000
37.65200000
29.37800000
35.33000000
34.90600000
32.35600000
34.98800000
35.32800000
31.39200000
34.45600000
38.20800000
35.61000000
28.22500000
35.78800000
33.49800000
34.32000000
38.26200000
33.00400000
30.87200000
34.01400000
34.90600000
35.16400000
36.11200000
32.95800000
32.30000000
35.42200000
33.73200000
33.49400000
39.81400000
30.11800000
34.29600000
34.41400000
35.47400000
35.14000000
37.32400000
32.93400000
34.58600000
36.57800000
37.63200000
31.59800000
38.63800000
34.01400000
34.06200000
33.89600000
35.77400000
32.51000000
38.75600000
29.43000000
33.97800000
35.79600000
35.28200000
34.60000000
32.92200000
33.61600000
33.38000000
34.32000000
32.63000000
37.50200000
31.15000000
33.82600000
33.56800000
35.05400000
32.22800000
34.90000000
33.66200000
33.24000000
30.60600000
32.13600000
32.25400000
34.20200000
30.27800000
32.55800000
32.18400000
34.32000000
38.32400000
29.62400000
34.03800000
34.25200000
30.40600000
32.06600000
31.97200000
32.77800000
36.01000000
29.24800000
33.89600000
32.37000000
32.16000000
32.70000000
36.73800000
33.35600000
32.17000000
33.00800000
34.14400000
34.21000000
28.26200000
32.23400000
32.41800000
33.94400000
34.11800000
30.75600000
35.02400000
30.84600000
34.57800000
29.41400000
33.99000000
30.33600000
32.67600000
33.70800000
31.01000000
33.82600000
34.43600000
32.51200000
32.13600000
34.81200000
33.54400000
36.22000000
32.84800000
33.14600000
32.27600000
32.20600000
32.53600000
34.50800000
36.36200000
29.20200000
34.57800000
34.93000000
33.66200000
33.59200000
34.22600000
30.81000000
36.99800000
28.46400000
33.08200000
36.10400000
31.31400000
32.90600000
33.99000000
35.49200000
33.96800000
34.32600000
29.32800000
32.67600000
32.81600000
32.98200000
32.77000000
36.19800000
31.90200000
31.15000000
34.52600000
36.31400000
34.57800000
34.22600000
33.38400000
32.83800000
33.89600000
31.59600000
32.51200000
38.51400000
33.03600000
30.49200000
37.77000000
31.15000000
32.27600000
34.13200000
33.02800000
32.23000000
32.27200000
35.75200000
28.57800000
36.08000000
30.56400000
32.27600000
33.56800000
32.12200000
33.24000000
32.34800000
37.86400000
28.21600000
32.48200000
32.80800000
31.96800000
33.87400000
34.64800000
33.61600000
32.96600000
33.75800000
34.10800000
32.11200000
34.55400000
30.42000000
32.30000000
33.89600000
31.17400000
36.17800000
33.14600000
34.95400000
31.19800000
32.24400000
36.76200000
33.14600000
30.49200000
32.88800000
32.88800000
32.84000000
35.09400000
33.45000000
31.71400000
31.49400000
33.92000000
32.32400000
33.90600000
31.69200000
33.95600000
35.05400000
30.86600000
31.36200000
33.99000000
31.83000000
32.34800000
32.39400000
33.89600000
33.66200000
35.42200000
27.71200000
32.52000000
33.92600000
34.32000000
34.46000000
31.36200000
32.39600000
32.51000000
32.55800000
33.59200000
34.31800000
30.28200000
32.09000000
33.16000000
31.15400000
34.03800000
30.25800000
31.98400000
36.70400000
30.75200000
31.03200000
37.01800000
33.99000000
34.39000000
34.43600000
34.62800000
38.07600000
32.47600000
34.52000000
34.67200000
36.78400000
34.27200000
36.45600000
38.30400000
32.41800000
33.63800000
34.13800000
33.66200000
39.29600000
32.39400000
36.05200000
33.38000000
35.77400000
36.59000000
32.51200000
37.00400000
34.30200000
34.95400000
35.02400000
33.73200000
34.53000000
30.96200000
33.85000000
31.10400000
36.43200000
29.90400000
34.66600000
32.03200000
32.41800000
35.90800000
31.00800000
32.39400000
34.01400000
32.74600000
29.75800000
32.03600000
33.94400000
33.24000000
33.00400000
31.64400000
32.52400000
32.12200000
33.63800000
38.54400000
29.48400000
32.72400000
34.26600000
32.10200000
34.15400000
32.41800000
34.78800000
33.33400000
31.29200000
36.86400000
33.16000000
32.24800000
34.17800000
32.79400000
33.73200000
31.23400000
34.37400000
32.31800000
34.39000000
37.30000000
29.69200000
32.13600000
36.03200000
30.89200000
34.50800000
30.79800000
32.60600000
32.37000000
36.97200000
32.13600000
36.43200000
34.55400000
31.57200000
33.85000000
32.04200000
31.87800000
32.20600000
34.81200000
34.53000000
33.24800000
32.27600000
32.34800000
32.34200000
33.89600000
32.63000000
32.41800000
36.73800000
34.47400000
31.72000000
32.95800000
32.65200000
32.30000000
35.89800000
32.21000000
32.56200000
35.45600000
33.99000000
39.48400000
28.59200000
36.29200000
35.49600000
31.03200000
34.59800000
30.30600000
33.83000000
34.75400000
29.85200000
37.01800000
28.99000000
32.03200000
32.69200000
32.23000000
32.82400000
37.95000000
29.17800000
31.10400000
33.70800000
32.23000000
34.79800000
32.38200000
33.91200000
33.71400000
29.53000000
32.27800000
34.63000000
30.04600000
33.56800000
32.06600000
35.72800000
32.53600000
35.14000000
35.04400000
31.37800000
35.07000000
34.01400000
38.88600000
34.04600000
34.63600000
34.66800000
35.40000000
36.78400000
32.78800000
34.21600000
36.07200000
34.05400000
36.62800000
37.51000000
30.75200000
33.63800000
33.35600000
33.47400000
33.47400000
38.65600000
32.64400000
32.91000000
35.83800000
34.28800000
35.68000000
37.79400000
32.61400000
34.71800000
34.71800000
35.86800000
32.72400000
38.11000000
32.51200000
34.27200000
35.65000000
34.14800000
35.24600000
33.03600000
36.32000000
34.74200000
35.28200000
32.17800000
33.82600000
35.91600000
36.36200000
36.17400000
33.56800000
33.94000000
33.75600000
34.01400000
34.30000000
35.89400000
39.37400000
31.27000000
34.20200000
35.93800000
34.19600000
36.43200000
34.97600000
35.72000000
38.26200000
30.85400000
33.50800000
33.57600000
36.13400000
31.84200000
33.57000000
35.07600000
33.61000000
33.87400000
36.52000000
32.72400000
40.86800000
33.02800000
32.20600000
34.83600000
34.58400000
34.84800000
35.36400000
35.00000000
35.61600000
32.09000000
36.01000000
37.26400000
34.39600000
35.77400000
36.66600000
32.13600000
34.52400000
32.00200000
33.90600000
35.63400000
35.32000000
36.66800000
35.65600000
34.04400000
35.79800000
31.90200000
35.18800000
33.24000000
33.94400000
36.20800000
34.32000000
34.04200000
33.80200000
34.44600000
37.13800000
33.18600000
34.97600000
37.35400000
33.78000000
36.15000000
33.73200000
32.24600000
33.87400000
35.70400000
35.28200000
35.61000000
35.84600000
34.22600000
35.43800000
35.18600000
32.00000000
34.17000000
34.54400000
34.29000000
36.73800000
34.50400000
34.88200000
32.58200000
35.81800000
34.36400000
34.17800000
35.56400000
35.56400000
34.06200000
35.99800000
33.49800000
33.24000000
36.90200000
33.45000000
34.39000000
36.06200000
35.70600000
38.85000000
32.18400000
34.29600000
36.04800000
33.62400000
34.70200000
37.59600000
33.09800000
34.62400000
36.04800000
38.96800000
33.21600000
36.47800000
32.07200000
34.36000000
33.96000000
34.09000000
36.66800000
32.22200000
39.53600000
31.02200000
34.25200000
38.92000000
34.55800000
33.79600000
38.94400000
29.57800000
36.17400000
33.45000000
35.21200000
34.64800000
38.19400000
32.11200000
34.74200000
38.38000000
32.34800000
38.26200000
32.81600000
36.43200000
32.06600000
34.13800000
34.46000000
34.53000000
35.39400000
38.99000000
27.04200000
34.88200000
33.05200000
37.37000000
35.08000000
34.69800000
32.82200000
32.13600000
35.85800000
30.20400000
35.04200000
32.71000000
35.17800000
32.81600000
34.27200000
31.52600000
35.84600000
33.31000000
36.83200000
29.71800000
34.50800000
35.47000000
37.72200000
34.36000000
35.91600000
34.10800000
34.37200000
37.14000000
36.71400000
32.78600000
35.69400000
32.25400000
34.43600000
34.10800000
35.93800000
36.50200000
36.11400000
37.73800000
34.74200000
31.66800000
35.24200000
34.05400000
35.64000000
34.65800000
34.19400000
35.18800000
35.84600000
35.54000000
38.15200000
32.91000000
34.66800000
36.15000000
35.79800000
38.70800000
33.83600000
37.44400000
33.12200000
34.50800000
39.17800000
32.12600000
34.66400000
39.50800000
31.47800000
36.09000000
36.23200000
34.60000000
37.13600000
34.26400000
33.80200000
33.18600000
37.35600000
35.37000000
33.82600000
35.70400000
36.03200000
32.11200000
38.19200000
32.46400000
34.17800000
34.41400000
36.27200000
32.36200000
35.58800000
35.49200000
32.65200000
37.76200000
31.05200000
35.89200000
31.69000000
33.60200000
37.49000000
33.61600000
33.67400000
33.80600000
38.92000000
32.01800000
34.83600000
35.14000000
34.38000000
35.54000000
31.36200000
35.32800000
33.05200000
35.34000000
32.95000000
35.96200000
34.17200000
34.82600000
35.40000000
34.60800000
35.16000000
37.34800000
34.43600000
31.26800000
34.03600000
34.82600000
33.70800000
35.04600000
37.79400000
31.64400000
34.23600000
39.62400000
34.17800000
36.80000000
34.97600000
32.18400000
34.22600000
34.01400000
33.99000000
33.89600000
37.51200000
35.54000000
29.97600000
35.47000000
37.86400000
37.28400000
31.90200000
35.47800000
35.93400000
36.03200000
33.33400000
38.73200000
31.64400000
34.60000000
36.85400000
35.82200000
34.22600000
39.90600000
30.83000000
34.41800000
37.13600000
32.13400000
34.83600000
36.45600000
37.74600000
31.42200000
34.32000000
35.89200000
34.11000000
40.72800000
32.65200000
35.56400000
33.96800000
33.80200000
36.37400000
36.15400000
33.73000000
33.47400000
36.08000000
35.62800000
35.61000000
35.51600000
35.09400000
34.62200000
34.51200000
34.79000000
36.64400000
34.48400000
32.91000000
35.61000000
33.40400000
35.37400000
35.45800000
31.78400000
33.53200000
35.06600000
38.49800000
31.44000000
35.28800000
32.32400000
35.45600000
37.14200000
34.79400000
36.76000000
34.17800000
33.43600000
36.11400000
34.30200000
38.96800000
33.09800000
34.22600000
33.81200000
35.70000000
34.05800000
35.58600000
36.33800000
33.19200000
35.14000000
36.66600000
33.31000000
35.16400000
34.62400000
32.12000000
33.63800000
35.40000000
33.23200000
33.76600000
40.18800000
29.20200000
33.32800000
33.12200000
37.86400000
37.77000000
33.27600000
32.77000000
33.78000000
38.00000000
31.59600000
33.78000000
36.69800000
32.85000000
39.13600000
34.20200000
34.01400000
33.33200000
33.43600000
35.43400000
31.94200000
37.93600000
33.99000000
36.83000000
34.42200000
33.81200000
35.32800000
31.99600000
33.80200000
34.39400000
34.58600000
34.40200000
37.30000000
34.47400000
33.09800000
35.47000000
39.34200000
34.86000000
34.54600000
33.32200000
33.05000000
32.09000000
33.34400000
34.08800000
34.06200000
38.21600000
30.54000000
33.35600000
39.15400000
33.35600000
34.15800000
34.60400000
33.06400000
33.13600000
34.22600000
34.71800000
28.57200000
37.46400000
31.82200000
34.24000000
37.71800000
34.60000000
33.61600000
33.54400000
35.42400000
32.03200000
33.75600000
33.31000000
33.49200000
36.36200000
32.20600000
36.62000000
32.13200000
34.22600000
33.96800000
36.62000000
36.56400000
35.02200000
32.24800000
34.14800000
33.17000000
35.98600000
33.38000000
35.14400000
36.71400000
31.78400000
33.68600000
33.12200000
34.57800000
34.89400000
36.21800000
36.77000000
31.22000000
35.08600000
35.57600000
33.66600000
37.88800000
36.39800000
33.00000000
32.69800000
33.66200000
34.10800000
37.52200000
33.80200000
32.01800000
36.05600000
33.28600000
36.04000000
38.34200000
36.57200000
32.51800000
34.32000000
36.80800000
31.80800000
37.16000000
37.13600000
33.99000000
38.05200000
34.46000000
34.53000000
35.96200000
41.01000000
28.79400000
34.62400000
35.62200000
37.82400000
37.42000000
34.22600000
36.57200000
38.92000000
32.07600000
36.90200000
34.20200000
34.68200000
36.03600000
33.19200000
34.97600000
35.79800000
37.21400000
38.51200000
32.61400000
39.63800000
34.12200000
33.45200000
36.57200000
39.32000000
32.04600000
34.43600000
34.71800000
34.63600000
36.45600000
38.45000000
29.96200000
37.52200000
35.23400000
34.88200000
36.52600000
36.59600000
40.43600000
31.11800000
34.17800000
36.49000000
32.44200000
34.50800000
36.28600000
35.91600000
33.63000000
34.47000000
35.98600000
34.47400000
35.98200000
37.97800000
28.96800000
35.18800000
32.53000000
33.49800000
35.32600000
32.70000000
33.26200000
36.50200000
35.23400000
38.24000000
31.12600000
36.17800000
32.04200000
33.73200000
33.17000000
33.82600000
33.49800000
35.21200000
40.49200000
30.47000000
37.32400000
33.05200000
33.26200000
33.37600000
36.33800000
34.13200000
32.86400000
34.20200000
34.39000000
36.23800000
38.63800000
30.44000000
39.71800000
34.00000000
33.34000000
35.65800000
31.80000000
33.87600000
37.48800000
29.94000000
35.96200000
33.33600000
33.80200000
35.93800000
34.83600000
35.56400000
39.90400000
29.37200000
33.92000000
33.99000000
36.80800000
33.90800000
33.51400000
35.29600000
40.54000000
33.29800000
35.51600000
36.28200000
31.36200000
33.94600000
33.78000000
35.63400000
32.69400000
32.95400000
33.85000000
36.19800000
38.63800000
31.74600000
37.13600000
35.68000000
34.50800000
34.44200000
33.76400000
34.38400000
34.49600000
35.70800000
32.82400000
38.87400000
31.08000000
33.72200000
35.32800000
36.69000000
37.16000000
34.55400000
36.62000000
35.00000000
30.93800000
33.47200000
35.95000000
34.21400000
33.66200000
34.69400000
37.81600000
34.62400000
35.63400000
34.30000000
33.87400000
36.47800000
32.16000000
33.81000000
34.02800000
35.51600000
34.29600000
32.46400000
34.71800000
37.07000000
35.40000000
31.64600000
33.40400000
33.71200000
35.07000000
34.82400000
31.97200000
35.09800000
33.94400000
35.58600000
33.28000000
34.71800000
34.64800000
34.83600000
33.37600000
34.62400000
34.07000000
33.61600000
37.35200000
30.63000000
32.69800000
35.50400000
36.99600000
33.73800000
35.54000000
32.53600000
32.25400000
34.18600000
33.05200000
36.15000000
32.22800000
38.49200000
34.69400000
34.15400000
38.24200000
36.20200000
34.23800000
30.91600000
33.24000000
35.49200000
35.02400000
32.06600000
33.80200000
36.69000000
36.03200000
36.25400000
40.18800000
28.94400000
33.85000000
33.73200000
33.27800000
33.53000000
36.04600000
33.18000000
32.64400000
37.24400000
30.76000000
33.77200000
39.42400000
33.02800000
35.16400000
31.76000000
33.27800000
33.75600000
35.79800000
33.40400000
35.44600000
35.60200000
34.66000000
34.87400000
33.56800000
33.47400000
35.25800000
35.40000000
34.65000000
35.40000000
36.73600000
33.20200000
34.13600000
35.86800000
33.56800000
33.63800000
37.41800000
32.93400000
33.05200000
33.26200000
33.65400000
33.87400000
34.10800000
33.78000000
34.43600000
37.18400000
32.46400000
35.63400000
34.60000000
33.61600000
33.99000000
33.75600000
36.59000000
35.40600000
31.29200000
33.34800000
34.12000000
37.11200000
31.47200000
34.01400000
38.05200000
32.04200000
34.71800000
35.15200000
33.85000000
33.49800000
34.53000000
34.41400000
36.15000000
34.17600000
34.05000000
34.55800000
40.18400000
31.99600000
33.31000000
35.85600000
35.46200000
33.81800000
33.56800000
34.97600000
32.65200000
38.24000000
33.78000000
32.86000000
35.56400000
34.22600000
35.54800000
37.32400000
34.48400000
35.04600000
34.47200000
34.64800000
35.46600000
36.38400000
34.95200000
32.89800000
37.46400000
36.10400000
34.72600000
34.08800000
37.41800000
32.09000000
33.21600000
34.58800000
34.56800000
38.07600000
37.69600000
34.28800000
34.21200000
36.59800000
31.50200000
34.02600000
37.63000000
34.24800000
34.97600000
34.67200000
35.65800000
35.08600000
34.06400000
36.87800000
35.63400000
32.17400000
34.17800000
34.09200000
37.86600000
34.36600000
34.41400000
34.44600000
34.30800000
36.31400000
41.94800000
29.78800000
38.52200000
34.33000000
34.37000000
34.22600000
36.82000000
32.53600000
34.78800000
37.01800000
33.35600000
34.88200000
38.59200000
35.18800000
38.40400000
36.73800000
37.03000000
35.48000000
32.78200000
39.39000000
31.97600000
34.35000000
34.74200000
36.08000000
35.33800000
35.50800000
34.27800000
33.17800000
34.83600000
35.47000000
36.86000000
34.99800000
35.24800000
34.69000000
34.61400000
38.20200000
31.67400000
35.69600000
37.18400000
31.51400000
36.01000000
33.49800000
37.53600000
36.10000000
34.38000000
35.58600000
33.73200000
38.75600000
33.70800000
32.45600000
36.33800000
33.90600000
35.09800000
33.12200000
33.86000000
39.29600000
30.11800000
34.56600000
34.48400000
37.74600000
35.24800000
32.81600000
36.08000000
34.41400000
36.29400000
32.62200000
38.99000000
33.81600000
37.04200000
36.17400000
34.56200000
36.22000000
37.23000000
35.91200000
35.12800000
34.28600000
34.22400000
33.74800000
35.91600000
32.63000000
34.19600000
35.42200000
32.65200000
37.87600000
33.40400000
32.32000000
36.10400000
35.10600000
35.21600000
35.20400000
34.83600000
32.15200000
34.08400000
36.17400000
32.53600000
36.03400000
36.64400000
30.08800000
35.31400000
33.94200000
33.58000000
33.26200000
38.43000000
31.31400000
33.24000000
34.21200000
33.79000000
34.99200000
33.26200000
36.47800000
34.27000000
35.30600000
31.56200000
33.87400000
35.51600000
34.27200000
37.65200000
32.38400000
33.56800000
36.71400000
33.82600000
32.22600000
36.27600000
34.85000000
35.28200000
32.09000000
34.06200000
34.83600000
34.50800000
36.26800000
34.01600000
35.30000000
32.60600000
33.85000000
36.23400000
35.06800000
31.79200000
33.96200000
34.81200000
35.11800000
33.15000000
32.18400000
34.19400000
35.61000000
33.09800000
33.57000000
36.20400000
32.05600000
31.66600000
36.62000000
31.59600000
33.49800000
35.93800000
31.62000000
34.53000000
34.31200000
33.30200000
33.78000000
38.99000000
29.75400000
33.61600000
34.67200000
33.80200000
35.56400000
33.87400000
35.99800000
31.98800000
35.21200000
33.52200000
37.32400000
32.60600000
35.89200000
31.76000000
33.55600000
33.42600000
33.52200000
34.64800000
31.88600000
37.01600000
30.55400000
32.88000000
33.32600000
34.71800000
36.03200000
29.62400000
33.17000000
34.20200000
37.24800000
30.61000000
35.57200000
31.66600000
36.29200000
31.76000000
33.35600000
36.00400000
36.46400000
32.72800000
31.44800000
33.89600000
32.30000000
34.24800000
33.65600000
34.90600000
32.53600000
32.42400000
33.03000000
38.23800000
29.10800000
35.08600000
30.77800000
32.67600000
35.77400000
34.34200000
32.10800000
37.49600000
30.35200000
33.27000000
34.76600000
35.84600000
34.71800000
32.06600000
35.10800000
30.97800000
33.81800000
36.15200000
31.55000000
36.83800000
31.22000000
32.55800000
33.24000000
34.08000000
32.93400000
33.12200000
35.74800000
34.15400000
31.45000000
32.48800000
32.79400000
32.86400000
34.88400000
33.14600000
37.27600000
33.61600000
30.32800000
32.86400000
33.07600000
32.84000000
35.29200000
32.60600000
31.91200000
35.14200000
32.73800000
32.84000000
36.03200000
33.78000000
33.54400000
33.37000000
34.32000000
32.39400000
37.81600000
38.52200000
33.40400000
36.26800000
32.84000000
35.28200000
34.03800000
37.13200000
35.77400000
31.30600000
33.25200000
33.54000000
34.06200000
35.49200000
36.97200000
30.21200000
35.82200000
33.86800000
34.28200000
38.75000000
37.18000000
30.70400000
33.92000000
36.43200000
31.31400000
34.38400000
36.36200000
33.66200000
34.43600000
33.66200000
33.56800000
39.11200000
32.93400000
31.66600000
35.33000000
32.40400000
33.94400000
34.57800000
36.10400000
31.57400000
34.65400000
33.84600000
34.20000000
34.27200000
34.02000000
35.83800000
31.83400000
34.01400000
33.87400000
33.04000000
34.31600000
37.70000000
33.91600000
31.90200000
34.72600000
35.30600000
33.82600000
34.32000000
38.66200000
33.33400000
38.28600000
31.52600000
34.62400000
33.97600000
35.66200000
35.91600000
33.33400000
36.43200000
33.54400000
35.61200000
37.74600000
33.24000000
31.70600000
34.77200000
32.92000000
34.01400000
37.86400000
31.52600000
34.10800000
36.24400000
38.43200000
33.15600000
36.37000000
31.26800000
34.95400000
34.28800000
33.49800000
34.71800000
34.42800000
38.70600000
31.08000000
36.73800000
33.70400000
34.05800000
33.53400000
33.52200000
34.48400000
34.39200000
31.92400000
33.77600000
37.58600000
30.97000000
33.67200000
41.03400000
34.17000000
33.47400000
34.73000000
35.16400000
36.62000000
36.65400000
29.95000000
33.46000000
35.30400000
34.67200000
37.44200000
34.60000000
36.25600000
32.53600000
36.22000000
33.44000000
31.66600000
33.17000000
33.75600000
35.00000000
33.63800000
34.86000000
34.30800000
33.14600000
36.17400000
35.19800000
34.86600000
31.73800000
35.33000000
31.80200000
33.26200000
33.14600000
34.97600000
33.59200000
35.08200000
36.45600000
32.09200000
34.36600000
35.58600000
32.82800000
34.98400000
32.09600000
31.52600000
35.51600000
31.99600000
34.46000000
30.77400000
34.78800000
34.04000000
34.72200000
35.79800000
34.60000000
30.79800000
33.32600000
34.46000000
36.23200000
36.47800000
33.55600000
33.21600000
34.46000000
35.37600000
30.21200000
36.05600000
29.27000000
32.81400000
32.65200000
32.94200000
33.41600000
37.56000000
36.15800000
30.65800000
35.89200000
34.22600000
33.12200000
34.84000000
30.82200000
34.96800000
32.27600000
35.77400000
30.54000000
34.75000000
35.18800000
31.33800000
37.25400000
35.46800000
31.49000000
32.97800000
37.63600000
28.20400000
32.67600000
32.93400000
33.82000000
33.38200000
35.00000000
31.20200000
34.70200000
37.41200000
33.54400000
34.01400000
33.80000000
32.11200000
33.99000000
34.82400000
33.70800000
34.62400000
33.88800000
39.99400000
33.49800000
31.54000000
32.79000000
32.98200000
32.65200000
35.28200000
32.41800000
31.76000000
34.62400000
33.42800000
33.33400000
32.76400000
37.37400000
31.92200000
31.76000000
35.49200000
35.51600000
34.57800000
34.62000000
32.09600000
32.01800000
36.31400000
31.47800000
35.58600000
32.80000000
33.95000000
35.82400000
38.87400000
36.05400000
33.26200000
33.54400000
33.56800000
33.45000000
34.88200000
33.47400000
36.59600000
33.00200000
32.58200000
37.60000000
33.43800000
33.29200000
35.94200000
33.48400000
33.00400000
33.51400000
35.30600000
34.32000000
34.76600000
33.07600000
34.28200000
33.59200000
32.27600000
38.85200000
32.88200000
33.21600000
34.23400000
32.58200000
35.28200000
36.94800000
31.47200000
33.61400000
34.40000000
35.00800000
33.07000000
35.11600000
34.45200000
31.39000000
33.51200000
33.47000000
37.74600000
31.69000000
33.67000000
36.20800000
32.04200000
37.29800000
30.32800000
35.84600000
37.56600000
33.04000000
34.64200000
32.12400000
35.35200000
34.53600000
32.46400000
37.34800000
31.38400000
34.71800000
34.34200000
35.16400000
35.32800000
34.86000000
37.28800000
31.07200000
36.03200000
33.39400000
33.00400000
35.41800000
35.47000000
31.05600000
33.09800000
33.31000000
33.24800000
35.96200000
32.74400000
31.52800000
34.62400000
34.78800000
32.56800000
35.00400000
34.52000000
34.01400000
32.46400000
32.04200000
34.03800000
34.56600000
35.28200000
34.66400000
39.23600000
28.33800000
33.49400000
34.76600000
34.64800000
31.73800000
35.28200000
32.39400000
32.53600000
34.76600000
32.57000000
33.42400000
37.18400000
32.86400000
33.94400000
33.95400000
33.88400000
33.18000000
33.17000000
35.28200000
32.34400000
33.40600000
34.90600000
31.94400000
36.07800000
33.81400000
34.39600000
35.00000000
33.38000000
37.12600000
33.39200000
36.66600000
31.72600000
34.40600000
32.79400000
34.00600000
36.66600000
32.36000000
33.63600000
37.13600000
31.93200000
34.64800000
32.24200000
33.40400000
36.21200000
39.30600000
34.82800000
31.31400000
35.30800000
33.49800000
34.78800000
33.72000000
36.99600000
30.93800000
32.74600000
34.46000000
33.98400000
35.65600000
34.43600000
31.15000000
35.58600000
33.60800000
34.69400000
34.90600000
38.35600000
32.65200000
33.07600000
37.60600000
32.71200000
34.70600000
37.12000000
31.71400000
36.78400000
33.70800000
38.24000000
33.92000000
35.45200000
31.62000000
33.59200000
34.81200000
33.83800000
35.23600000
29.97800000
33.09400000
35.94600000
33.52200000
33.30400000
35.08200000
33.56200000
34.48400000
38.28600000
32.10200000
32.37000000
33.89600000
34.24400000
33.78000000
35.07800000
35.35000000
31.80800000
35.25800000
34.80600000
32.26400000
37.18400000
32.43000000
35.50400000
31.24400000
33.89600000
34.78800000
34.09800000
34.13200000
35.82200000
35.69200000
36.35400000
35.09400000
33.60000000
34.71800000
32.49600000
35.79800000
32.13600000
33.31000000
37.53600000
31.03200000
33.80200000
37.63000000
37.25400000
31.13000000
33.28600000
33.04600000
33.12200000
38.39200000
30.28200000
32.20600000
35.14000000
36.22000000
33.59200000
35.76200000
36.85800000
32.11200000
37.69000000
29.79000000
33.91600000
33.99800000
36.16400000
32.12800000
35.87200000
33.78200000
37.41800000
34.93000000
33.64400000
32.46400000
35.66000000
31.16200000
33.33800000
35.47200000
32.67600000
32.79400000
34.88200000
35.35400000
32.14000000
34.88200000
35.73800000
34.55800000
33.89600000
30.93800000
33.25600000
33.59400000
33.62800000
34.40600000
41.05600000
32.61800000
32.00800000
35.39000000
33.09400000
37.48800000
31.98000000
34.88200000
35.84600000
31.61400000
31.90200000
36.15000000
34.55400000
33.26200000
33.21000000
34.57800000
36.29200000
32.72400000
32.40800000
33.03400000
34.35400000
33.63800000
33.42800000
33.19200000
38.20400000
29.68200000
33.66200000
36.76000000
33.61600000
35.08800000
32.82200000
33.65400000
33.05200000
35.56600000
32.96200000
31.74400000
35.20800000
33.21600000
33.54800000
40.05800000
30.07000000
35.60000000
35.86800000
31.75400000
33.72200000
34.06200000
35.47000000
31.24400000
35.72800000
34.46000000
34.34200000
33.05200000
32.98200000
32.57000000
34.74200000
30.98600000
32.80600000
33.15600000
33.00400000
32.40800000
35.61000000
33.54400000
31.01000000
34.14600000
35.42200000
30.23400000
36.22000000
32.70000000
35.21200000
31.36200000
34.32000000
31.50200000
34.50800000
32.63000000
32.94000000
35.72800000
39.95400000
30.48800000
32.63000000
32.73800000
33.78000000
32.92400000
35.18800000
34.90200000
32.41800000
32.79400000
34.24800000
33.02800000
35.35200000
32.60200000
34.81200000
30.56400000
33.27400000
33.46200000
33.02800000
32.66800000
34.31600000
33.00400000
36.90200000
32.54400000
30.65800000
32.84000000
35.35200000
34.43600000
32.93400000
33.07600000
32.62200000
35.98600000
31.19800000
35.16400000
30.37200000
37.01800000
32.91000000
32.60600000
34.55400000
32.01600000
31.85400000
33.94400000
33.13200000
32.74600000
34.46600000
32.80600000
33.07600000
34.43600000
35.30600000
32.08800000
33.50000000
32.81400000
33.24400000
32.74600000
32.80200000
32.72400000
34.30800000
34.56200000
32.37600000
35.91600000
31.62000000
35.26200000
34.57200000
33.33400000
35.49200000
31.76000000
52.61250000
55.39400000
34.15400000
32.25400000
33.60200000
34.69200000
32.09000000
31.88600000
37.74200000
30.90800000
88.20200000
99.55200000
98.94400000
98.81600000
98.42400000
98.73000000
98.54400000
98.49800000
98.23800000
98.92000000
99.62000000
99.39000000
99.01400000
98.49800000
99.06200000
99.25000000
99.52800000
99.22600000
99.27200000
98.72400000
99.55400000
98.70600000
99.41400000
99.53000000
99.20200000
98.91800000
99.43600000
99.41400000
98.73200000
99.46000000
99.52800000
99.57800000
99.43400000
98.90400000
98.75600000
99.08800000
99.22600000
99.31800000
98.99000000
99.24800000
99.27000000
99.41400000
98.49800000
98.89600000
99.20200000
99.43600000
98.61600000
98.63800000
99.38800000
98.42800000
99.32000000
99.29600000
99.36600000
99.03800000
99.48400000
99.67000000
99.29600000
99.20200000
99.43600000
98.89600000
99.53400000
99.46000000
99.03800000
99.03800000
99.39200000
99.17800000
99.20200000
98.90400000
98.85000000
99.06200000
98.75600000
99.30000000
99.25000000
99.04400000
98.52200000
98.70600000
99.50800000
99.39000000
99.41400000
99.53000000
99.36400000
99.04200000
99.27000000
99.43600000
99.13200000
99.32000000
99.24800000
99.03800000
98.90000000
99.50800000
99.43600000
99.41200000
98.52200000
99.46000000
99.01400000
98.45000000
99.41400000
99.45800000
98.80600000
98.18200000
99.08200000
98.82600000
99.34200000
99.57400000
99.18000000
99.50800000
99.43600000
99.67200000
99.31600000
98.89400000
99.32000000
99.67200000
99.36600000
99.27000000
99.30000000
98.49800000
98.89400000
99.53000000
99.39000000
98.96800000
99.74200000
99.31800000
99.50800000
98.63800000
99.27200000
99.48400000
99.57800000
98.82600000
98.42600000
98.47400000
99.34200000
99.67200000
99.43600000
98.55600000
98.38000000
99.41400000
98.75600000
99.46000000
99.48400000
99.04600000
99.27200000
98.28800000
99.41400000
99.55400000
99.22600000
99.67200000
99.17800000
98.97200000
99.59800000
98.66800000
99.33800000
99.27000000
98.92000000
99.06200000
99.13200000
99.50600000
99.41400000
99.32000000
99.62400000
98.80200000
99.55400000
98.82600000
98.78000000
98.96400000
99.20200000
98.71400000
99.45800000
99.10400000
98.92000000
98.68800000
99.32000000
99.11000000
98.75600000
98.70800000
98.92000000
99.03600000
99.41200000
98.87400000
99.05800000
99.53000000
99.25200000
99.27200000
99.15400000
99.27400000
98.94400000
98.52200000
99.39000000
99.50800000
98.96800000
99.71800000
99.20200000
99.39000000
98.68600000
98.63800000
98.64000000
99.24800000
99.22600000
99.24800000
99.36600000
99.48400000
99.39000000
99.32000000
99.43600000
99.27600000
98.99000000
98.92200000
99.24800000
99.22600000
98.87400000
99.62400000
98.75400000
99.29800000
99.20200000
99.41400000
99.20200000
99.39000000
98.82600000
99.04000000
98.99000000
99.36600000
99.38600000
98.38000000
99.03800000
99.34200000
99.43600000
99.36600000
99.15400000
99.10800000
99.08400000
99.15400000
98.92000000
98.78000000
98.80200000
99.39000000
99.27200000
99.46000000
99.17800000
98.66200000
99.27200000
99.20200000
99.39000000
98.70600000
99.24600000
99.13200000
98.94400000
99.43600000
98.64800000
98.75600000
99.20400000
99.13200000
99.29600000
99.17800000
99.50800000
98.87400000
98.99000000
99.10800000
99.15200000
99.13000000
99.13000000
99.55400000
98.28600000
98.28600000
99.62400000
98.84800000
98.88600000
98.62600000
98.82600000
98.33400000
99.03800000
99.22600000
99.43600000
99.32000000
99.50400000
99.62400000
98.75600000
99.32000000
99.41400000
98.54400000
99.67200000
99.11200000
97.98200000
98.52200000
98.31000000
98.33400000
99.53000000
99.43800000
99.20200000
98.59200000
99.08800000
99.32000000
99.15600000
99.24800000
99.57800000
98.61600000
97.72400000
98.78000000
98.40400000
99.60000000
99.03600000
99.67200000
99.62400000
99.39000000
99.01400000
99.17800000
99.17600000
99.03800000
98.73200000
98.60000000
99.08400000
99.36400000
99.24800000
99.32000000
99.48600000
98.75600000
98.99000000
99.55200000
99.01400000
98.54400000
99.53000000
99.29600000
98.92000000
99.20600000
98.89600000
98.77200000
99.41000000
99.39000000
98.89600000
99.01400000
99.34200000
99.10600000
99.16200000
99.10800000
99.13200000
98.85000000
98.73200000
99.01400000
98.92400000
99.03800000
99.03800000
98.82600000
99.27400000
98.94400000
98.99200000
99.34600000
98.72600000
99.34200000
98.28600000
98.96800000
98.35600000
99.22800000
99.43600000
99.36000000
99.39000000
98.58800000
99.06200000
99.41400000
99.22600000
98.81000000
99.20200000
99.20200000
99.24800000
98.89600000
98.66200000
99.03800000
99.24800000
98.75800000
98.33400000
98.20200000
99.01800000
99.08400000
99.39000000
98.54600000
99.03400000
99.30400000
98.66200000
99.03800000
99.29600000
98.59200000
98.31000000
98.89600000
98.63800000
99.31600000
99.22400000
98.89600000
99.36600000
99.22600000
99.24800000
97.80000000
99.06200000
99.34400000
98.85000000
99.13200000
99.20200000
99.41200000
99.20000000
99.69400000
99.06200000
99.43600000
98.47400000
98.76400000
99.01400000
98.96800000
99.04000000
98.05200000
99.05800000
98.80200000
98.59200000
97.27600000
98.28600000
99.27000000
98.78800000
97.98200000
98.83000000
98.49600000
98.71200000
99.46000000
98.68600000
98.66400000
99.29600000
98.42800000
99.29600000
99.15400000
99.03800000
99.34200000
99.08400000
99.01400000
99.36600000
98.82600000
98.42400000
98.69000000
99.13200000
98.96800000
98.94400000
98.92000000
99.48400000
99.36600000
98.75600000
98.75600000
99.04000000
98.38000000
99.22600000
98.78000000
98.89400000
98.74000000
98.47400000
98.57200000
99.08400000
97.48800000
99.22600000
98.99000000
99.29600000
99.06200000
99.43400000
99.13200000
99.24800000
98.55200000
99.22200000
