0.06800000
0.10200000
0.10000000
0.09800000
0.10200000
0.20000000
0.10000000
29.13800000
92.35800000
89.30600000
89.81000000
20.24000000
0.10000000
0.10200000
0.10200000
0.06600000
0.09800000
0.10000000
0.10200000
0.09800000
0.09800000
0.06600000
0.09800000
0.10200000
0.06800000
0.10000000
0.10200000
0.10000000
0.10200000
0.06800000
0.10000000
0.10200000
73.17000000
84.05000000
94.87000000
68.82800000
0.10200000
0.06600000
0.10000000
8.10000000
94.50400000
0.13600000
0.06800000
0.10200000
0.10200000
0.09800000
95.16000000
7.53200000
76.47200000
86.22200000
94.07600000
64.88200000
0.10200000
0.06600000
0.10200000
0.10000000
0.10000000
9.86600000
0.10000000
0.10000000
0.06800000
0.10000000
0.06600000
0.10000000
0.10000000
0.10200000
0.06800000
0.10200000
0.10200000
0.06800000
0.09800000
0.10200000
0.10000000
0.10200000
0.06600000
0.10200000
0.10200000
0.06800000
0.10000000
0.10200000
0.10200000
0.10200000
0.06800000
0.10000000
34.43200000
92.86600000
91.15600000
89.10000000
15.30000000
0.10000000
0.23400000
1.06800000
97.77000000
80.83400000
93.61200000
51.61000000
0.06800000
63.90600000
83.06800000
97.16400000
74.74800000
6.16600000
0.10200000
0.06600000
0.10000000
0.09800000
0.06800000
0.10200000
0.10200000
0.10200000
0.10000000
0.06800000
0.09800000
0.10000000
0.10000000
0.10200000
0.09800000
0.10200000
9.90400000
0.10200000
0.10000000
0.10000000
0.06800000
55.35400000
87.16400000
97.52800000
76.98800000
8.37200000
0.06800000
0.10200000
0.10000000
0.06600000
0.10000000
0.10200000
0.06800000
0.10000000
0.10200000
0.06800000
0.10000000
0.10000000
0.10200000
0.10000000
0.06600000
0.10000000
0.10000000
0.06800000
0.10000000
0.10000000
0.06800000
0.10000000
0.06800000
0.10000000
0.06600000
0.10200000
0.10200000
0.06800000
0.10000000
0.10200000
0.06800000
0.10200000
0.06600000
0.10200000
0.10200000
0.06600000
0.10200000
0.06800000
0.10000000
0.10000000
0.06800000
0.10200000
0.06600000
0.10200000
0.10000000
0.06800000
0.10200000
0.10200000
0.06800000
27.70400000
59.96600000
0.10200000
0.10000000
0.10000000
0.06800000
0.10200000
0.10200000
0.06800000
0.10200000
14.56600000
92.90400000
88.82600000
91.58600000
36.09600000
0.10200000
0.06800000
41.69800000
89.44800000
94.73400000
84.74200000
13.87400000
0.10000000
0.06800000
0.09800000
0.10000000
0.13400000
0.06600000
0.10000000
0.10200000
0.10000000
0.06600000
0.10200000
0.10000000
85.03400000
85.18800000
92.80400000
63.37400000
0.10200000
0.10000000
0.06800000
0.10000000
0.10000000
0.10200000
81.76400000
83.39200000
94.17600000
68.88400000
0.10000000
0.10200000
0.06600000
0.10200000
0.10200000
0.10000000
0.10000000
0.06800000
0.10200000
0.06800000
0.26800000
0.10000000
0.10000000
0.10200000
0.06800000
0.10200000
0.10000000
0.06800000
0.10200000
0.10200000
0.06800000
0.10000000
0.06800000
0.10000000
0.10000000
0.06800000
0.10000000
0.06800000
0.10000000
0.10200000
0.06800000
0.10200000
0.10000000
0.06800000
0.10200000
0.09800000
0.06800000
0.10000000
0.10000000
0.06600000
0.10200000
0.06800000
0.10000000
0.10200000
0.06800000
0.10200000
0.06600000
0.09800000
0.10200000
0.06800000
0.10000000
0.10000000
0.06600000
0.10200000
0.10000000
0.06800000
0.10000000
0.09800000
0.06600000
0.10200000
0.10000000
0.10000000
0.06600000
0.10200000
0.10000000
0.06800000
0.10000000
0.10200000
0.09800000
0.06800000
0.10000000
0.10000000
0.06600000
0.09800000
0.10200000
0.06800000
0.10000000
0.10000000
0.06800000
0.10000000
0.10000000
0.06600000
0.10200000
0.10200000
0.06800000
0.10200000
0.09800000
0.06400000
0.10200000
70.07400000
84.44800000
96.39600000
71.28800000
4.30400000
0.10000000
82.35200000
85.35000000
92.73800000
66.72800000
0.10200000
0.09800000
0.10200000
0.10200000
0.06800000
0.10000000
0.09800000
0.10000000
0.06600000
0.10000000
0.30400000
0.09800000
0.09800000
0.06400000
0.09800000
0.10000000
0.10000000
0.10000000
76.33800000
83.70200000
94.23200000
73.16200000
1.66600000
0.10200000
0.10000000
0.06600000
0.10200000
0.10000000
0.10000000
0.09800000
0.06800000
0.10200000
0.09800000
35.11800000
92.42200000
89.13600000
88.04400000
28.73400000
0.10000000
0.06600000
0.10200000
0.10000000
0.09800000
0.09800000
0.06600000
0.10000000
0.09800000
0.10000000
57.01000000
85.39400000
97.36600000
78.89000000
75.30000000
84.13200000
97.44200000
75.22600000
8.33200000
1.05200000
0.09800000
0.06600000
0.10200000
0.09800000
0.10200000
0.06800000
0.09800000
0.10200000
0.10000000
1.83200000
99.01600000
85.57800000
92.56400000
51.05600000
0.10200000
0.10200000
0.06600000
0.10000000
0.10200000
0.10000000
0.06800000
0.10200000
0.10200000
0.10000000
45.10600000
88.39800000
92.80200000
87.72000000
16.73600000
0.10200000
0.06800000
0.10200000
0.10000000
0.06600000
0.10000000
0.10200000
1.43400000
0.06800000
0.10200000
0.06800000
0.10200000
0.10000000
0.06800000
0.13600000
0.06800000
0.10200000
0.10000000
0.06600000
0.10200000
0.10200000
0.06600000
0.10000000
0.10000000
0.10000000
0.10000000
0.10200000
0.10200000
0.06600000
0.10200000
0.10000000
0.06800000
0.10200000
0.09800000
0.10200000
0.06600000
0.10200000
0.06800000
0.10200000
0.10000000
0.06800000
0.10000000
0.06800000
0.10000000
0.10000000
0.06800000
0.10200000
0.06800000
0.10200000
0.10200000
0.06800000
0.10200000
0.06800000
0.23400000
0.10000000
0.10000000
0.06800000
0.10000000
0.10200000
0.09800000
0.10200000
0.10000000
0.06800000
0.10200000
9.80400000
0.06600000
0.10200000
74.80400000
86.67000000
93.70400000
72.57600000
4.20000000
0.10200000
0.06600000
0.10000000
0.06800000
0.10200000
0.10200000
0.06800000
0.10200000
0.06600000
0.10000000
0.06600000
0.10200000
0.06800000
0.10200000
0.06800000
0.06600000
0.10000000
0.10200000
0.06800000
0.10200000
0.06800000
0.09800000
0.10000000
0.06800000
0.10000000
0.06800000
0.10200000
0.10000000
0.10000000
0.10000000
0.06800000
0.10200000
0.06800000
0.10000000
0.06800000
0.10200000
0.23400000
0.23600000
0.06800000
0.13400000
0.10000000
0.06600000
0.10200000
0.10200000
0.10200000
0.06800000
0.10200000
0.06800000
0.10200000
0.06600000
95.06600000
82.08600000
93.21800000
61.16800000
0.10200000
0.06600000
0.10200000
0.06800000
0.10200000
0.10000000
0.06800000
0.10000000
0.06800000
0.10000000
0.10000000
0.06800000
0.10200000
0.06800000
0.10200000
0.06800000
0.10200000
0.06800000
0.10200000
0.06800000
0.10200000
0.06800000
0.09800000
0.06800000
0.10200000
0.10200000
0.06600000
0.10200000
0.06600000
0.10000000
0.06800000
0.10200000
0.10000000
0.10200000
0.10200000
0.10000000
0.06800000
0.10200000
0.10000000
0.06800000
0.10200000
0.06800000
0.10200000
0.10000000
0.10000000
0.06800000
0.10200000
0.10200000
0.06800000
0.10000000
0.10200000
0.10000000
0.06600000
0.10000000
0.10200000
0.10000000
0.06600000
0.10200000
0.10000000
0.09800000
0.10000000
0.06800000
0.10000000
0.10200000
0.10200000
0.06800000
0.10000000
0.10000000
0.10200000
0.10000000
0.06800000
0.10200000
0.10000000
0.10200000
0.83200000
0.06800000
7.85400000
0.10200000
2.17000000
0.10200000
0.06800000
0.10000000
0.20000000
0.10000000
0.13600000
0.06600000
0.10200000
0.10200000
9.95800000
0.10000000
0.33400000
96.94800000
85.77800000
93.94800000
55.79400000
0.06800000
0.10000000
0.10000000
0.10000000
0.10200000
0.06600000
91.80000000
83.82200000
94.57200000
67.68000000
0.10200000
0.06600000
0.10200000
10.02400000
0.23200000
7.50000000
0.06800000
0.10000000
0.10000000
0.26400000
0.09800000
12.65600000
93.37800000
86.74200000
90.30000000
87.99200000
67.71200000
3.73400000
0.09800000
0.06800000
0.09800000
0.10200000
0.10000000
0.10000000
1.05200000
9.28600000
8.18200000
0.10000000
0.06600000
0.09800000
0.10000000
0.06600000
0.10000000
0.10200000
0.06600000
0.10000000
0.10000000
0.06800000
0.10200000
18.02600000
93.11400000
92.18800000
90.47600000
40.73800000
0.06600000
0.10000000
0.10000000
0.06800000
0.10200000
0.10200000
0.09800000
0.10000000
0.06400000
0.10000000
0.09800000
0.06800000
0.10200000
0.10200000
0.10000000
0.06800000
0.10200000
0.09800000
0.10000000
0.06800000
0.10000000
0.06800000
0.13400000
0.10200000
0.06800000
0.10000000
0.06800000
0.10000000
0.09800000
0.06600000
0.10000000
0.10200000
0.06800000
0.10000000
0.10000000
0.06800000
0.10000000
0.10000000
0.06800000
0.10200000
0.10000000
0.06800000
0.10000000
0.10200000
0.06800000
0.10200000
0.10000000
0.06800000
0.10200000
0.06800000
0.10200000
0.10000000
0.06600000
0.10000000
0.06800000
0.10000000
0.10200000
0.06600000
0.10000000
0.10000000
0.06800000
0.10200000
0.06600000
0.10200000
0.10000000
0.06800000
0.10000000
0.06600000
0.10200000
0.06800000
5.93200000
97.47200000
80.64600000
93.50200000
57.48800000
0.06800000
0.10200000
0.06800000
0.10000000
0.10000000
0.06800000
0.10200000
0.10000000
0.06800000
0.10000000
0.06600000
0.10200000
0.10200000
0.06800000
0.10200000
0.06800000
0.10000000
0.06800000
0.10000000
0.10000000
0.06800000
0.10200000
0.06600000
0.10200000
0.06800000
0.10200000
0.06800000
0.10000000
0.06600000
0.10200000
0.06600000
0.10000000
0.06800000
0.10000000
0.10200000
0.06800000
0.10000000
0.06800000
0.10200000
0.06800000
0.10200000
0.06800000
0.10200000
0.10000000
0.06800000
0.09800000
0.06800000
0.10200000
0.06800000
0.10200000
0.10000000
0.06600000
0.10200000
0.10000000
0.10000000
0.06800000
0.10200000
0.06600000
0.10000000
0.10200000
0.06800000
0.10200000
0.06800000
0.10000000
0.06800000
0.10000000
0.06800000
0.13400000
0.06600000
0.10200000
0.06800000
0.10000000
0.06800000
0.10000000
0.06600000
0.10200000
0.06800000
0.10200000
0.10000000
0.06800000
0.10000000
0.06800000
0.10000000
0.06800000
0.10000000
0.10200000
0.06600000
0.10200000
0.06800000
0.10000000
0.10200000
0.06600000
0.10200000
0.06800000
0.10000000
0.10200000
0.06800000
0.10000000
0.10000000
0.06800000
0.10200000
0.09800000
0.06800000
0.10000000
0.10200000
0.06800000
0.10200000
0.10200000
0.06800000
0.10000000
0.10000000
0.06600000
0.10000000
0.09800000
0.06800000
0.09800000
0.06800000
0.10200000
0.10200000
0.06600000
0.10200000
0.10000000
0.06800000
0.10200000
0.10200000
0.10200000
0.06600000
0.10200000
0.10000000
0.06800000
0.09800000
76.57400000
83.19800000
94.14000000
74.66800000
7.54200000
0.10000000
0.10000000
0.06800000
0.10200000
0.10000000
0.10000000
0.06800000
0.10000000
0.10200000
0.06800000
0.10000000
0.10200000
0.10000000
0.06800000
0.10200000
0.06800000
0.10200000
0.06800000
0.10200000
0.06800000
0.10200000
0.06800000
0.10000000
0.10200000
0.06600000
0.10000000
0.10000000
0.06600000
0.10200000
0.10000000
0.06800000
0.10200000
0.10200000
0.06800000
0.10000000
0.10000000
0.10000000
0.06800000
0.10000000
0.06800000
0.10200000
0.10000000
0.06800000
0.10000000
0.10000000
0.10000000
0.06600000
0.10000000
0.10000000
0.10000000
0.06800000
0.10000000
0.06600000
0.10000000
0.10200000
0.10200000
0.06800000
0.10200000
56.71600000
85.35000000
97.39200000
82.53000000
15.80600000
0.10000000
0.06800000
0.10200000
0.10200000
0.06800000
0.10000000
0.10000000
34.93600000
91.75400000
89.74200000
89.23400000
35.85800000
0.10200000
0.06800000
0.09800000
0.10200000
0.06800000
0.10200000
0.10000000
0.06800000
0.13600000
0.06800000
0.10000000
0.10000000
0.06800000
56.69200000
82.63600000
96.37800000
84.55200000
18.25800000
0.10200000
0.10000000
0.06600000
0.10000000
0.10200000
0.06600000
0.10000000
0.10000000
0.06600000
0.10000000
0.10200000
0.06800000
0.10000000
0.10000000
0.06600000
0.10000000
0.06800000
0.10000000
0.06600000
0.10200000
0.06800000
0.10000000
0.06800000
0.10200000
0.10000000
0.06800000
0.10200000
0.09800000
0.10200000
0.06800000
0.10000000
0.06800000
0.10000000
0.10200000
0.06800000
0.10200000
0.06800000
0.10000000
0.06800000
0.10000000
0.10200000
0.06800000
0.10000000
0.06800000
0.10200000
0.10200000
0.06800000
0.10000000
0.10000000
0.10200000
0.06800000
0.10200000
0.10000000
0.06800000
0.10000000
0.10200000
0.10000000
0.06600000
77.11800000
81.11400000
95.00400000
76.56600000
10.82400000
0.06800000
0.10200000
0.10000000
0.06800000
0.10200000
0.10000000
0.06800000
0.10000000
0.10000000
0.10000000
0.06800000
0.10000000
0.10000000
0.10000000
0.06800000
0.10200000
0.10200000
0.06600000
0.10000000
0.10000000
0.06800000
0.10000000
0.10200000
0.06600000
0.10200000
0.10000000
0.06800000
0.10000000
0.06600000
0.10000000
0.06800000
0.10000000
0.06800000
0.10000000
0.10200000
0.06600000
0.10000000
0.06800000
0.10200000
0.06600000
0.13400000
0.10200000
0.06800000
0.10000000
0.06600000
0.10200000
0.09800000
0.10000000
0.06600000
0.10200000
0.06800000
0.10200000
0.10000000
0.06800000
0.10200000
0.10000000
0.10000000
0.10200000
0.10000000
0.10200000
0.10200000
0.10200000
0.06600000
0.10000000
0.10000000
0.10000000
0.10200000
0.10000000
0.09800000
0.10000000
0.10000000
0.06600000
0.10000000
0.10000000
0.10200000
0.09800000
0.10000000
0.10000000
0.10000000
0.06800000
0.10000000
0.10000000
0.10000000
0.10000000
0.10200000
0.10200000
0.06800000
0.10000000
0.10000000
0.10200000
0.10200000
0.10000000
0.10200000
0.10000000
0.10000000
0.10000000
0.10000000
0.10000000
0.10000000
0.06800000
0.10200000
0.10200000
0.10200000
0.10000000
0.10000000
0.10000000
0.10000000
0.10000000
0.10000000
0.06600000
0.10200000
0.26600000
0.10000000
0.06800000
0.10000000
0.10000000
0.10000000
0.10000000
0.10000000
0.10000000
0.10000000
0.09800000
0.06800000
0.10000000
0.10000000
0.10200000
0.09800000
0.06600000
0.10000000
0.10200000
0.10000000
0.10200000
0.06800000
0.10000000
0.10200000
0.09800000
0.10000000
0.10200000
0.06800000
0.10000000
0.10200000
0.10000000
0.10000000
0.06800000
0.10000000
0.09800000
0.10200000
0.10200000
0.09800000
0.10200000
0.10000000
0.06600000
0.10200000
0.10000000
0.06800000
0.10000000
0.09800000
0.06800000
0.10000000
0.10200000
0.06800000
0.10000000
0.06800000
0.10200000
0.10200000
0.06800000
0.09800000
0.10200000
0.06600000
0.10000000
0.10200000
0.10000000
0.10200000
0.10200000
0.06800000
0.10000000
0.09800000
0.06600000
0.10000000
0.10000000
0.10000000
0.06800000
0.09800000
0.10200000
0.06600000
0.10000000
0.10200000
0.10200000
0.06600000
0.10000000
0.06800000
0.10000000
0.10200000
0.10200000
0.06800000
0.10200000
0.06600000
0.10200000
0.10000000
0.06600000
0.10000000
0.06600000
0.10000000
0.10000000
0.06600000
0.10200000
0.10200000
0.10000000
0.06800000
0.10000000
0.10200000
0.06800000
0.10200000
0.10000000
0.06800000
0.10000000
0.09800000
0.10000000
0.06800000
0.10000000
0.10200000
0.06800000
0.10200000
0.06800000
0.10200000
0.06600000
0.10000000
0.10000000
0.10200000
0.06800000
0.09800000
0.10000000
0.06800000
0.10200000
0.06800000
0.10000000
0.10000000
0.06800000
0.10000000
0.10200000
0.10000000
0.06800000
0.10200000
0.06800000
0.10200000
0.10000000
0.06600000
0.10200000
0.10000000
0.06800000
0.10000000
0.10000000
0.06800000
0.10000000
0.06800000
0.10000000
0.09800000
0.10200000
0.06800000
0.10000000
0.06600000
0.10200000
16.96800000
92.04600000
89.33400000
91.00600000
51.31200000
0.10200000
0.10200000
0.06800000
0.10200000
0.06800000
0.10200000
0.10200000
0.06600000
0.10000000
0.10200000
0.06600000
0.10000000
0.06800000
0.10200000
0.10200000
0.06800000
0.10200000
0.10000000
0.06800000
0.10000000
0.10200000
0.10000000
0.06800000
0.10200000
0.10000000
0.10000000
0.06800000
0.10000000
0.06800000
0.10000000
0.10200000
0.06800000
0.10200000
0.06800000
0.10200000
0.10000000
0.10200000
0.10200000
0.06800000
0.10200000
0.06600000
0.10200000
0.06800000
58.98400000
14.68000000
0.06800000
0.10200000
0.06600000
0.10000000
0.06800000
0.09800000
0.06800000
0.10000000
0.06600000
0.10200000
0.06800000
0.10000000
0.06800000
0.10200000
0.06800000
0.10000000
0.10000000
0.10000000
0.10000000
0.06600000
0.10200000
0.10200000
0.10000000
0.10200000
0.06800000
0.10000000
0.10000000
0.10000000
0.20200000
0.10000000
0.09800000
0.06800000
0.10000000
0.10000000
0.06800000
0.10000000
0.09800000
0.23400000
0.06600000
0.10000000
0.10000000
0.06600000
0.10000000
0.06800000
0.10200000
0.06800000
0.10000000
0.06600000
0.10000000
0.06600000
0.10000000
0.06600000
0.10000000
0.10000000
0.06600000
0.10200000
0.09800000
0.06800000
0.10000000
0.06800000
0.10000000
0.10000000
0.10000000
0.06800000
0.09800000
0.10200000
0.10000000
0.06800000
0.10000000
0.10000000
0.06800000
0.10000000
0.10000000
0.10200000
0.06800000
0.10000000
0.09800000
0.10000000
0.10000000
0.06400000
0.09800000
0.09800000
0.10000000
0.06800000
0.10200000
0.10000000
0.10200000
0.10000000
0.06800000
0.10200000
81.16800000
81.95200000
95.56600000
72.88600000
5.73400000
0.10000000
0.10200000
0.10000000
0.10000000
0.09800000
0.09800000
0.06800000
0.10000000
0.09800000
0.09800000
0.10200000
0.09800000
0.10000000
0.10000000
0.06400000
0.10200000
0.10000000
0.10200000
0.10000000
16.79800000
93.12600000
87.41200000
91.24600000
50.73800000
0.06400000
0.09800000
0.09800000
0.10000000
0.09600000
0.10000000
0.06600000
0.09800000
0.10000000
0.09600000
0.10000000
10.65800000
96.16200000
86.25200000
91.29400000
56.96200000
0.10200000
0.10000000
0.10000000
0.10000000
0.06600000
0.10000000
0.10000000
0.09800000
0.06800000
0.10200000
0.09800000
0.06800000
0.10200000
0.10200000
0.10000000
0.06800000
0.10200000
0.10200000
0.10200000
0.10200000
0.06800000
0.09800000
0.09800000
0.10000000
0.10200000
0.06400000
0.10000000
0.10200000
0.10000000
0.10000000
0.06800000
0.10000000
0.09800000
0.10000000
0.09800000
0.06600000
0.10200000
0.10000000
0.06800000
0.10000000
0.36800000
0.36800000
8.33000000
0.10000000
0.09800000
0.10000000
0.10000000
0.10200000
0.06800000
0.10200000
0.10000000
0.10000000
0.06800000
0.10200000
0.09800000
0.06800000
0.10200000
0.10000000
0.09800000
0.06800000
0.10000000
0.10200000
0.10200000
0.06600000
0.10200000
0.10000000
0.06800000
0.10200000
0.10200000
0.06600000
0.10000000
0.09800000
0.06800000
0.09800000
0.10000000
0.06800000
0.10000000
0.06800000
0.10000000
0.06800000
0.10000000
0.10200000
0.06800000
0.10000000
0.10000000
0.06800000
0.10200000
0.10200000
0.06800000
0.10200000
0.06800000
0.10000000
0.06600000
0.10200000
0.06800000
0.10200000
0.09800000
0.06800000
0.10200000
0.06800000
0.10200000
0.06800000
0.10200000
0.10200000
0.06600000
0.09800000
0.10200000
0.10200000
0.10200000
0.06800000
0.10200000
0.10200000
0.06800000
0.10200000
0.06600000
0.10000000
0.10200000
0.06600000
0.10200000
0.06800000
0.10200000
0.10200000
0.06600000
0.10200000
0.10200000
0.06800000
0.10200000
0.06800000
0.10200000
0.10200000
0.06600000
0.10200000
0.06800000
0.32800000
0.16800000
0.06800000
0.10000000
0.06800000
0.10200000
0.10200000
0.10000000
0.10000000
0.06800000
0.10200000
0.06800000
0.10200000
0.06600000
0.10000000
0.10200000
0.10000000
0.23400000
0.16600000
0.10000000
0.06800000
0.09800000
0.10200000
0.06800000
0.10200000
0.10000000
0.06800000
0.26800000
0.09800000
0.10000000
0.10000000
0.10000000
0.06600000
0.10200000
0.10000000
0.06600000
0.10200000
0.10200000
0.06800000
0.09800000
0.10000000
0.06600000
0.09800000
0.10200000
0.06600000
0.10000000
0.10000000
0.10000000
0.06600000
0.09800000
0.10000000
0.10000000
0.06600000
0.10200000
0.09800000
0.10000000
0.06600000
0.10000000
0.09800000
0.10000000
0.06600000
0.10200000
0.10200000
0.10200000
0.06600000
0.10200000
0.10200000
0.10200000
0.10200000
0.06800000
0.10000000
0.10200000
0.10200000
0.06800000
0.10200000
0.10200000
0.10000000
0.10200000
0.10200000
0.06600000
0.10200000
0.10000000
0.10000000
0.10000000
0.10200000
0.23200000
0.26600000
0.10000000
0.10000000
0.10200000
0.10000000
0.10000000
0.13400000
0.10200000
0.50400000
0.09800000
0.10000000
0.09800000
0.10200000
0.10000000
0.10000000
0.10000000
0.10000000
0.10000000
0.10200000
0.10000000
0.10000000
0.10000000
0.10000000
0.10200000
0.10000000
0.09800000
0.10200000
0.10000000
0.06600000
0.10200000
0.09800000
0.10000000
0.10200000
0.10200000
0.09800000
0.06800000
0.10200000
0.10000000
0.10000000
0.09800000
0.10200000
0.10000000
0.10200000
0.09800000
0.10000000
0.13600000
0.09800000
0.10000000
0.10000000
0.10200000
43.27800000
90.15400000
94.47000000
87.60400000
28.80000000
0.10000000
0.10000000
0.09800000
0.13200000
0.10000000
0.10200000
0.10200000
0.10200000
0.10200000
0.10000000
0.10000000
0.13200000
0.23400000
3.09400000
0.10000000
0.13400000
0.10200000
0.10000000
21.30400000
95.43800000
88.13400000
92.76200000
58.30800000
0.10000000
0.10200000
0.10000000
0.10000000
0.13400000
0.10000000
0.10200000
0.10200000
0.10000000
0.09800000
0.13400000
0.09800000
0.10000000
0.10000000
0.10000000
0.09800000
0.13200000
32.23400000
92.69800000
89.51400000
89.21200000
42.80400000
9.60200000
33.25400000
92.43200000
92.60600000
88.97400000
39.21200000
0.10200000
78.75400000
83.12000000
94.47000000
79.39200000
13.37000000
16.46800000
98.22400000
84.43200000
93.16800000
67.72200000
0.09800000
0.10200000
0.10000000
0.10000000
0.13200000
0.13200000
0.10000000
0.10000000
0.09800000
0.10200000
0.09800000
0.06800000
0.10200000
0.10200000
0.10200000
0.10000000
0.10200000
0.06600000
0.10200000
0.10000000
0.10000000
0.10000000
31.25600000
98.43200000
87.54000000
82.25000000
99.50600000
89.07400000
68.30000000
0.10000000
0.09800000
0.10000000
30.84600000
98.02200000
84.75000000
80.10800000
99.44400000
88.30200000
67.60000000
0.13200000
0.09800000
0.10000000
0.10000000
58.66400000
98.29000000
75.92200000
91.89600000
99.67000000
84.56600000
41.52200000
0.09800000
0.10200000
0.10200000
0.06800000
68.86000000
93.75400000
79.19400000
95.52800000
96.93400000
80.48200000
20.81600000
0.10200000
0.10000000
0.10200000
0.10200000
0.10200000
0.06600000
0.10000000
0.10200000
0.06800000
0.10000000
0.06600000
0.10200000
0.10000000
0.06600000
0.10000000
0.06600000
0.10000000
0.06600000
0.10000000
0.10000000
0.06600000
0.10000000
0.06800000
0.10000000
0.10200000
0.06600000
0.10200000
0.06600000
0.10200000
0.10000000
0.06800000
0.10000000
0.10200000
0.06600000
0.10000000
0.06800000
0.10200000
0.10200000
0.06600000
0.10200000
0.06800000
0.10200000
0.10200000
0.06600000
0.10000000
0.06600000
0.10200000
0.10000000
0.06800000
0.10000000
0.06800000
0.10200000
0.10200000
0.06600000
0.10200000
0.06800000
0.10000000
0.10000000
0.06600000
0.10200000
0.10200000
0.23400000
0.30000000
0.60000000
0.66400000
0.86800000
1.34200000
0.93600000
26.65800000
34.86600000
11.73400000
0.06600000
0.10000000
0.10000000
0.06800000
0.10200000
0.10200000
0.20200000
0.93200000
2.03400000
0.10200000
13.29800000
23.01400000
0.06800000
19.20000000
40.82800000
17.23400000
32.09800000
0.10200000
0.06600000
0.10000000
0.10000000
0.10200000
0.06800000
0.10200000
0.10200000
0.06800000
0.10200000
0.06800000
0.09800000
0.10000000
0.10000000
0.10200000
0.10000000
0.10000000
0.09800000
0.10200000
0.06800000
0.10000000
0.10200000
0.10200000
0.10200000
0.06800000
0.10000000
0.10200000
0.10000000
0.10000000
0.06800000
0.09800000
0.10200000
0.10000000
0.10000000
0.06800000
0.10000000
0.10200000
0.09800000
0.10200000
0.10000000
0.06600000
0.10200000
0.10000000
0.10200000
0.09800000
0.10000000
0.10200000
0.06800000
0.10200000
0.10000000
0.10200000
0.10200000
0.10000000
0.06800000
0.10000000
0.10200000
16.56600000
97.22600000
84.33600000
82.86400000
99.70400000
87.31800000
66.31000000
3.18400000
0.10200000
0.10200000
0.09800000
0.10000000
0.06800000
0.10000000
0.10200000
0.10000000
0.09800000
0.09800000
0.10000000
0.10200000
0.10200000
0.10000000
0.10200000
0.06600000
0.10200000
0.10200000
0.10200000
0.10200000
0.10000000
0.06800000
0.10000000
0.10000000
0.10000000
0.10000000
0.06800000
0.10200000
0.10200000
0.10200000
0.10200000
0.10000000
0.10200000
0.10000000
0.06800000
0.10200000
0.10000000
0.10200000
0.10000000
0.10000000
0.10200000
0.06800000
0.10000000
89.96400000
92.30000000
76.96600000
99.46600000
89.86600000
75.74600000
14.17000000
0.10200000
0.10000000
0.10200000
68.84800000
98.50000000
74.73200000
93.60000000
99.80000000
80.37800000
67.00200000
72.24400000
8.70200000
0.10200000
0.06600000
10.98000000
97.10400000
86.83400000
84.58600000
94.40400000
77.16800000
89.22800000
83.39000000
42.98600000
0.10200000
0.06800000
0.10000000
0.10200000
0.06800000
0.10000000
0.10000000
0.06600000
0.09800000
0.10000000
0.06800000
0.10200000
0.10200000
0.06600000
0.10200000
0.10200000
0.06600000
0.10200000
0.10200000
0.10200000
0.06800000
0.10200000
0.10000000
0.06800000
0.10000000
0.10200000
0.06800000
0.10200000
0.10200000
0.06600000
0.10200000
0.10000000
0.06800000
0.10000000
0.10200000
0.10000000
0.09800000
0.10000000
0.09800000
0.09800000
0.10000000
0.10000000
0.10000000
0.10000000
0.06600000
0.10200000
0.10200000
0.09600000
0.10200000
0.06800000
0.10200000
0.10200000
0.06800000
0.10200000
0.10200000
0.06800000
0.10200000
0.10200000
0.10000000
0.10200000
0.10200000
0.06800000
0.10200000
0.10200000
0.06800000
0.10000000
0.10000000
0.06800000
0.10200000
0.06800000
0.10200000
0.06600000
0.10200000
0.10000000
0.06800000
0.06800000
73.50000000
91.24600000
80.80200000
95.67000000
93.63800000
84.76600000
25.13600000
0.06800000
0.10000000
0.10200000
0.06800000
0.10200000
0.06800000
0.10200000
0.10200000
0.06800000
0.10200000
0.10000000
0.10200000
0.23200000
0.10000000
0.06800000
0.10000000
0.10000000
0.09800000
0.10200000
0.06800000
0.10200000
0.10000000
0.06800000
0.33400000
0.36800000
0.60600000
0.39800000
0.10200000
0.56600000
0.33400000
0.46800000
8.63200000
29.80800000
35.53200000
40.48000000
0.10000000
0.26600000
0.30200000
38.00200000
0.09800000
0.06800000
0.10200000
0.10200000
0.06800000
0.10000000
0.10200000
0.10000000
0.06800000
0.10000000
0.10000000
0.06800000
0.10000000
0.06600000
0.23200000
27.68600000
37.30000000
16.91400000
70.16600000
91.30400000
48.07600000
28.44800000
20.54800000
38.01800000
0.26600000
0.29800000
37.83400000
38.66600000
35.90400000
2.03400000
0.06800000
0.10200000
0.10000000
0.06800000
0.10200000
16.63400000
22.50000000
38.16200000
23.04400000
15.46800000
74.41400000
98.80000000
83.53800000
61.81200000
38.43200000
16.88800000
57.00000000
99.50400000
96.46600000
60.30000000
33.70200000
1.41800000
0.33400000
8.29800000
74.88400000
1.29800000
0.10200000
0.13600000
0.06600000
1.49000000
97.45000000
92.03600000
76.61600000
89.95800000
99.63800000
86.87000000
72.02000000
14.63200000
0.10000000
0.10200000
0.10000000
0.06600000
0.10000000
0.10200000
0.10200000
0.10000000
0.10000000
0.10000000
0.26800000
0.06800000
0.10000000
0.10000000
0.09800000
0.10200000
0.10000000
34.17400000
97.32800000
74.50000000
0.10200000
0.10000000
12.04000000
99.00400000
93.65400000
73.14800000
92.26200000
99.70400000
88.80000000
66.24000000
10.23800000
0.13600000
0.10200000
0.10000000
0.09800000
0.10000000
0.06600000
0.10200000
0.10000000
37.13600000
97.56200000
84.33400000
74.20600000
99.31000000
99.77000000
84.41200000
55.49200000
8.73600000
0.13200000
0.10000000
0.10200000
0.10000000
0.10000000
0.06800000
0.33800000
9.96800000
0.10200000
0.10000000
24.24000000
97.47800000
90.29600000
75.72600000
96.62000000
99.40800000
85.11600000
64.15200000
0.10000000
0.10000000
42.20000000
97.41200000
82.53000000
76.99800000
99.20800000
99.73800000
89.65800000
63.75600000
11.83600000
0.09800000
0.10000000
0.10000000
0.10200000
0.13400000
0.10000000
0.06800000
0.10000000
0.10200000
0.13600000
0.10000000
0.10200000
0.10000000
5.56800000
97.32600000
91.86400000
75.73000000
91.06200000
99.73800000
89.03400000
71.18200000
14.48200000
8.94600000
0.20200000
0.10000000
0.10200000
0.06800000
0.10200000
0.10200000
0.06800000
0.10200000
0.10200000
81.46800000
98.67000000
60.68800000
87.11200000
99.60600000
93.10000000
86.89600000
29.08800000
0.10200000
0.10000000
0.10200000
0.06800000
0.10200000
0.10200000
0.06600000
0.10000000
0.10200000
0.06800000
0.10200000
87.63800000
95.16400000
66.32800000
91.14400000
99.60600000
89.86600000
82.60000000
25.40800000
0.09800000
0.10200000
0.06800000
0.10200000
0.06600000
0.10000000
0.10200000
0.10000000
0.06600000
0.10000000
0.10200000
0.10200000
0.23400000
0.10000000
0.10200000
0.06800000
0.10200000
0.10200000
0.06800000
0.10200000
0.06800000
0.10200000
0.10200000
0.06800000
0.09800000
0.10200000
0.06800000
0.10000000
75.10000000
98.61800000
71.73800000
89.51000000
99.89800000
90.36600000
84.22400000
25.79600000
0.10200000
0.10000000
0.06800000
0.10200000
0.10200000
0.06800000
0.10200000
0.06800000
0.10200000
0.10200000
0.06800000
0.10200000
0.06800000
1.03800000
0.09800000
0.06800000
0.10000000
0.10200000
0.10200000
0.06800000
0.13600000
0.06800000
0.10000000
0.10200000
0.06800000
0.10200000
0.06400000
0.10200000
0.10200000
0.06800000
0.10200000
0.10000000
0.06600000
0.10200000
0.06800000
0.10200000
0.06800000
0.10200000
0.10000000
0.06800000
0.10200000
0.10200000
0.06800000
0.10200000
0.10200000
0.06800000
0.10000000
0.30200000
1.23400000
40.28800000
3.43400000
0.23400000
37.96400000
1.76600000
0.13400000
14.95000000
0.10000000
0.19800000
0.33600000
7.13200000
65.60800000
98.42000000
70.85400000
85.70000000
99.64000000
96.21800000
85.16000000
40.36000000
33.66400000
23.19400000
54.91400000
42.07800000
0.10200000
40.64000000
0.10000000
0.10200000
0.06800000
0.37200000
40.72400000
3.90200000
37.38000000
0.06800000
0.50200000
0.10200000
2.49400000
20.79800000
62.33400000
98.75400000
94.93200000
63.98800000
72.18400000
99.30800000
99.77000000
76.08200000
0.10000000
0.10200000
0.10000000
0.10000000
0.06600000
0.10200000
0.09800000
0.06800000
0.10200000
37.86200000
97.27800000
83.27600000
72.67200000
98.07000000
99.83400000
61.86200000
0.10000000
0.06800000
0.10000000
0.10000000
0.10200000
0.20200000
0.13400000
0.10000000
0.10200000
0.10000000
0.10200000
0.10000000
0.30200000
0.10000000
0.06600000
0.10000000
0.10000000
0.10000000
0.23600000
0.10000000
0.10000000
0.06600000
0.10200000
0.10000000
0.10000000
0.10000000
0.06600000
0.09800000
0.26400000
0.10200000
0.10000000
0.10200000
0.13200000
0.13200000
0.13400000
0.30000000
60.56800000
94.50200000
97.27200000
43.89600000
2.27200000
2.06800000
77.90200000
98.47400000
98.17400000
98.69800000
98.47800000
98.93400000
98.43600000
98.28200000
98.84400000
99.11200000
72.71000000
54.03800000
1.93200000
1.79800000
1.89000000
1.90600000
1.89800000
1.89800000
1.93200000
1.89200000
1.89600000
1.80400000
0.69600000
0.10000000
0.10200000
0.10000000
0.23800000
2.91600000
21.11400000
35.86800000
98.57000000
88.39000000
71.70600000
95.57000000
99.70400000
82.55400000
83.04400000
97.05600000
96.52400000
96.77600000
96.47600000
96.32800000
23.75200000
0.10200000
0.10000000
0.10000000
0.10200000
1.33600000
1.63200000
0.83400000
0.06800000
0.10000000
21.03800000
97.31200000
90.96600000
68.82000000
94.06000000
99.63800000
90.60400000
14.86800000
0.10000000
0.10000000
0.06600000
0.10200000
0.10200000
0.10000000
0.10000000
0.10000000
0.06800000
0.10200000
0.09800000
0.09800000
13.80400000
97.05200000
92.18200000
62.25600000
90.63400000
99.40800000
88.26600000
29.46800000
0.06800000
0.10000000
0.10200000
0.10200000
0.06800000
0.10000000
0.10000000
0.10200000
0.10200000
0.10200000
0.06800000
78.13800000
99.53000000
72.26200000
90.72600000
99.10800000
89.50000000
41.33400000
0.10000000
0.06800000
0.10000000
0.13600000
0.06800000
0.10000000
0.10200000
0.10200000
0.06800000
0.10200000
0.09800000
0.10000000
0.06800000
0.10200000
0.10200000
0.06600000
0.10200000
0.10000000
0.06800000
0.10200000
0.10200000
0.10200000
0.06800000
0.10000000
0.10000000
0.10000000
0.10000000
0.06800000
0.10200000
0.10200000
0.10200000
0.10200000
0.06800000
0.10200000
0.10200000
0.10000000
0.06800000
0.10200000
0.10000000
0.10200000
0.06800000
0.10200000
0.10200000
0.06800000
0.10200000
0.10200000
0.06800000
0.10200000
0.10200000
0.06800000
0.10200000
0.10000000
0.06600000
0.10000000
0.06800000
0.10000000
0.10000000
0.06800000
0.10200000
0.10200000
0.10200000
0.06600000
0.10200000
0.10200000
0.06800000
0.10000000
0.10200000
0.06600000
0.10200000
0.10000000
0.06600000
0.10200000
0.10200000
0.06800000
0.10200000
0.10200000
0.10200000
0.06800000
0.10200000
0.10200000
0.10000000
0.06800000
0.10200000
0.10200000
0.06800000
0.10000000
0.10200000
0.10200000
0.06800000
0.10200000
0.10200000
0.10000000
0.06800000
0.10200000
0.06600000
0.10200000
0.10200000
0.06800000
0.10200000
0.06800000
0.10200000
0.10200000
0.06800000
0.10000000
0.06800000
0.10200000
0.10000000
0.06600000
0.10200000
0.10000000
0.10000000
0.06800000
0.10200000
0.10000000
0.06600000
0.10000000
0.10200000
0.06800000
0.10200000
0.10000000
0.10200000
0.06800000
0.10200000
0.10200000
0.06800000
0.10000000
0.10000000
0.10200000
0.10000000
0.10000000
0.06800000
0.10200000
0.10200000
0.10200000
0.06800000
0.10000000
0.10000000
0.10000000
0.06600000
0.10000000
0.10200000
0.10200000
0.06600000
0.10200000
0.10000000
0.10000000
0.06600000
0.13400000
0.10000000
0.06600000
0.10000000
0.06800000
0.10200000
0.10200000
0.10200000
0.10000000
0.06800000
0.10000000
0.10000000
0.06800000
0.10200000
0.10200000
0.06800000
0.10000000
0.10000000
0.06800000
0.10200000
0.10000000
0.06600000
0.10000000
0.10200000
0.06800000
0.10200000
0.10000000
0.06800000
0.10200000
0.10200000
0.06800000
0.10000000
0.10200000
0.06600000
0.10200000
0.10200000
0.06800000
0.10000000
0.06600000
0.10200000
0.10200000
0.06800000
0.10000000
0.10000000
0.06800000
0.10000000
0.10200000
0.10200000
0.06800000
0.10200000
0.10200000
0.06800000
0.10000000
0.10000000
0.10000000
0.06800000
0.10000000
0.10200000
0.06800000
0.10000000
0.10000000
0.10200000
0.06600000
0.10000000
0.10200000
0.10200000
0.06800000
0.10000000
0.10200000
0.10000000
0.06800000
0.10000000
0.10200000
0.10000000
0.06800000
0.10200000
0.10000000
0.06800000
0.10000000
0.10000000
0.10000000
0.06800000
0.10200000
0.10000000
0.10000000
0.06800000
0.10000000
0.10200000
0.06800000
0.10000000
0.10000000
0.06600000
0.10200000
0.10000000
0.06800000
0.10000000
0.10000000
0.10200000
0.06800000
0.10000000
0.10200000
0.10000000
0.06800000
0.10200000
0.10200000
0.06600000
0.09800000
0.10200000
0.06800000
0.10000000
0.10000000
0.10000000
0.06800000
0.10000000
0.10200000
0.10000000
0.10200000
0.06800000
0.10000000
0.10200000
0.10200000
0.10200000
0.06600000
0.10000000
0.10200000
0.06800000
0.10200000
0.10000000
0.09800000
0.06600000
0.10000000
0.06800000
0.10000000
0.09800000
0.06800000
0.10000000
0.10000000
0.06800000
0.10200000
0.10200000
0.10200000
0.06800000
0.10200000
0.10200000
0.06800000
0.09800000
0.10200000
0.10200000
0.10000000
0.06600000
0.10000000
0.10000000
0.06800000
0.10200000
0.10000000
0.10200000
0.06800000
0.10200000
0.10200000
0.10000000
0.06800000
0.10200000
0.10000000
0.06800000
0.10200000
0.10200000
0.06800000
0.10200000
0.06800000
0.10000000
0.10200000
0.10000000
0.06800000
0.10000000
0.10200000
0.06800000
0.10200000
0.06600000
0.10200000
0.10200000
0.10000000
0.06600000
0.10200000
0.10200000
0.10200000
0.06800000
0.10000000
0.10200000
0.06800000
0.10200000
0.10200000
0.10200000
0.06800000
0.10200000
0.10200000
0.10200000
0.10200000
0.06600000
0.10200000
0.10000000
0.10200000
0.10200000
0.06800000
0.10200000
0.10200000
0.10200000
0.06800000
0.10200000
0.10200000
0.10200000
0.06800000
0.10000000
0.10200000
0.10000000
0.06800000
0.10200000
0.10000000
0.10200000
0.06800000
0.10000000
0.10000000
0.10200000
0.06600000
0.10200000
0.10000000
0.06800000
0.10200000
0.10000000
0.10000000
0.06600000
0.10200000
0.10000000
0.06800000
0.10200000
0.10000000
0.06800000
0.10000000
0.10200000
0.10200000
0.06800000
0.10200000
0.10200000
0.06600000
0.10000000
0.10200000
0.10200000
0.06800000
0.10000000
0.10000000
0.06600000
0.13600000
0.10200000
0.06800000
0.10000000
0.10200000
0.10200000
0.06800000
0.10200000
0.10200000
0.10200000
0.06800000
0.10000000
0.10200000
0.10000000
0.06800000
0.10200000
0.10000000
0.10200000
0.06800000
0.10000000
0.10200000
0.10200000
0.06600000
0.10000000
0.10000000
0.06800000
0.10000000
0.10000000
0.10200000
0.06600000
0.10200000
0.10200000
0.10000000
0.09800000
0.10200000
0.10000000
0.06600000
0.10000000
0.10200000
0.10200000
0.06800000
0.10200000
0.10200000
0.06800000
0.10000000
0.10200000
0.10200000
0.06800000
0.10000000
0.10000000
0.06600000
0.10000000
0.10200000
0.06800000
0.10200000
0.10000000
0.10000000
0.06800000
0.10000000
0.10200000
0.10000000
0.06800000
0.10000000
0.10200000
0.10000000
0.06800000
0.10000000
0.10000000
0.10000000
0.10000000
0.06800000
0.10200000
0.10000000
0.06800000
0.10200000
0.10000000
0.10200000
0.06800000
0.10000000
0.10000000
0.10200000
0.06600000
0.10000000
0.10000000
0.10200000
0.06800000
0.10000000
0.10000000
0.10000000
0.06800000
0.10000000
0.10200000
0.10200000
0.06800000
0.10000000
0.10000000
1.08200000
6.66600000
0.06800000
0.10200000
0.10000000
0.10000000
0.06800000
0.66800000
7.50000000
0.10000000
8.22000000
0.10200000
41.04800000
97.27000000
83.47400000
76.66600000
99.53400000
99.70400000
74.34000000
2.62600000
0.09800000
0.09800000
0.10200000
0.46200000
8.20200000
0.10000000
0.06800000
0.10000000
0.10000000
0.06800000
89.96600000
94.52000000
76.73400000
89.91200000
99.67200000
87.89200000
38.97600000
0.10200000
0.06600000
0.09800000
0.10000000
0.06800000
0.10200000
0.06800000
0.10200000
0.10200000
0.06800000
0.10000000
0.06600000
0.10000000
0.10200000
0.10200000
8.18800000
0.10200000
8.33400000
0.10200000
0.10200000
1.25000000
15.35000000
9.67800000
0.06600000
0.10000000
0.10000000
0.06800000
0.10000000
21.71000000
64.71200000
0.10000000
0.09800000
0.10000000
0.06800000
0.10000000
0.10200000
0.09800000
0.10000000
0.06800000
0.26800000
0.10200000
0.06800000
0.13600000
0.06800000
0.10000000
0.10000000
0.10200000
0.10200000
0.06800000
0.10200000
0.10200000
0.10000000
0.10000000
0.06800000
0.10000000
0.10000000
0.10200000
0.06600000
0.10200000
0.10200000
0.10200000
0.10000000
0.06800000
0.10200000
0.10200000
0.06800000
0.10000000
0.10000000
0.06800000
0.10000000
0.10200000
0.10200000
0.06800000
0.10000000
0.10200000
0.10200000
0.06800000
0.10000000
0.10000000
0.10000000
0.06800000
0.10000000
0.10000000
0.10000000
27.31000000
0.06800000
0.10000000
3.96600000
23.50000000
23.84800000
3.48800000
5.79600000
21.93400000
27.58600000
0.10200000
0.06600000
27.13800000
27.16800000
0.10000000
27.68600000
26.16600000
14.05000000
14.50200000
0.06800000
24.82800000
2.67800000
0.06800000
0.10000000
0.10000000
0.10000000
0.06600000
0.10200000
0.10000000
0.06800000
0.10200000
41.45000000
0.10000000
0.13400000
0.10200000
0.06800000
0.10200000
0.10000000
0.10200000
0.06600000
0.10000000
0.10200000
0.10200000
0.06800000
0.10200000
0.10200000
0.10200000
0.06400000
0.23600000
0.06800000
0.10200000
27.50000000
0.10000000
0.06800000
0.10200000
0.10200000
0.10200000
27.51200000
0.10200000
0.06800000
0.10000000
0.06800000
0.37200000
27.50000000
0.10000000
0.10200000
19.14600000
8.33400000
27.76600000
0.10000000
0.10200000
0.09800000
0.10000000
0.06600000
0.10200000
0.10200000
0.10200000
0.10000000
0.06800000
0.10000000
0.10200000
0.10200000
0.10200000
0.06800000
0.10000000
0.10000000
0.10000000
20.03200000
7.63200000
0.10000000
0.09800000
12.81400000
14.86200000
0.10200000
0.10000000
0.10000000
0.06600000
0.10000000
0.10200000
0.10200000
0.06800000
0.10000000
0.10000000
0.06800000
0.10200000
0.09800000
20.68800000
7.20000000
0.06400000
0.10200000
0.10000000
27.28400000
0.10000000
0.10200000
0.10000000
25.56200000
2.07000000
0.10200000
0.06800000
0.10200000
0.10200000
0.09800000
0.10200000
0.06800000
0.10000000
0.10000000
0.10000000
0.10200000
0.10000000
0.10000000
0.06800000
0.10000000
0.10000000
0.10200000
0.09600000
0.10200000
0.10000000
0.06800000
0.10200000
0.09800000
0.10200000
0.10000000
0.10000000
0.06600000
22.58800000
21.34200000
0.13400000
14.15800000
0.10000000
0.10200000
0.09800000
0.10000000
0.26800000
8.00000000
71.45000000
98.45400000
73.35000000
86.04600000
99.77000000
97.80600000
75.83000000
0.10200000
0.10000000
0.10200000
0.06800000
0.10000000
0.10000000
0.10000000
0.10200000
0.10200000
0.10000000
0.10200000
0.10200000
0.06400000
0.10200000
0.10000000
0.10000000
0.09800000
0.10000000
0.06800000
0.09800000
0.10200000
0.10000000
0.06600000
0.10000000
0.09800000
0.06600000
0.10200000
0.10200000
0.10000000
0.06600000
0.10000000
3.50200000
0.10000000
0.10200000
0.10000000
0.10200000
0.10200000
0.06600000
0.10000000
0.10200000
0.10000000
0.10200000
0.06600000
0.10200000
0.10200000
0.10000000
0.10200000
0.06800000
0.10000000
0.23800000
1.00000000
0.06800000
4.00200000
0.10000000
0.10200000
0.10000000
0.10200000
0.80200000
7.50000000
0.10200000
0.10000000
0.09800000
0.10200000
0.10200000
0.10200000
0.10200000
0.10200000
0.10200000
0.10000000
0.06800000
0.10000000
0.10000000
0.10000000
0.10200000
0.06800000
0.10200000
0.10000000
0.10200000
0.10000000
0.10000000
0.06800000
0.10200000
0.10200000
0.10000000
0.06800000
0.10200000
0.10200000
0.10200000
0.06600000
0.10000000
0.10200000
0.10200000
0.10200000
0.10200000
0.06800000
0.10200000
0.10200000
0.06600000
0.10200000
0.10200000
0.06600000
0.10000000
0.10200000
0.10200000
0.06800000
0.09800000
0.10200000
0.06800000
0.10200000
0.10200000
0.10200000
0.06800000
0.10200000
0.10000000
0.10200000
0.06800000
0.10200000
1.53400000
6.73400000
0.10200000
0.06600000
0.10200000
0.10200000
0.10000000
0.06600000
0.10200000
0.10200000
0.10000000
0.06800000
0.23600000
0.10200000
0.10200000
0.06800000
0.10200000
0.09800000
74.44800000
98.38800000
70.09000000
89.26600000
99.73400000
93.73000000
62.76800000
0.10200000
0.10200000
0.06800000
0.10000000
0.10200000
0.10000000
0.06800000
0.10000000
0.10200000
0.10000000
28.60000000
2.33200000
0.73400000
0.56600000
0.33400000
19.26800000
11.22200000
0.83400000
0.63600000
1.02800000
13.33400000
0.16800000
0.10200000
0.10200000
0.36800000
0.10200000
0.10200000
0.10000000
0.06800000
0.10000000
0.10200000
0.10200000
0.10200000
0.06600000
0.10200000
0.10200000
0.06600000
0.10200000
0.10000000
0.10200000
0.06800000
0.10000000
0.10200000
0.06800000
0.10200000
0.10200000
0.23400000
0.10000000
0.10200000
0.06800000
61.24000000
98.42000000
77.52200000
80.38200000
99.73600000
97.90200000
68.31200000
30.55800000
1.51600000
0.63600000
0.47000000
0.10200000
0.06600000
0.10200000
0.10200000
0.10200000
0.10000000
0.23200000
0.10000000
0.06800000
0.10000000
0.13400000
0.06600000
0.10200000
0.10200000
0.10200000
0.06400000
0.10200000
0.10200000
0.10200000
0.10200000
0.10000000
0.10000000
0.06800000
0.09800000
0.10000000
0.09800000
0.10000000
26.90000000
4.47400000
0.89600000
0.60200000
0.60400000
0.56800000
0.20000000
0.10000000
0.09800000
0.06800000
0.10000000
0.10000000
0.10000000
0.06800000
0.10000000
0.99800000
0.10200000
0.06800000
0.09800000
0.10000000
0.10200000
0.10200000
0.09800000
0.09800000
0.10000000
0.10000000
30.06800000
1.90600000
0.89800000
0.63400000
0.47000000
0.10000000
0.10200000
0.10000000
0.10000000
1.44400000
0.09800000
0.09800000
0.06600000
0.10000000
0.10200000
0.10000000
30.02600000
1.68600000
0.83800000
0.66600000
1.93600000
4.06600000
1.48600000
97.95600000
92.75000000
76.69800000
91.27800000
99.60800000
89.05400000
38.98200000
0.09800000
0.10000000
76.54600000
99.17200000
83.55400000
76.19800000
99.63800000
99.60600000
77.43600000
13.32200000
0.10200000
0.10200000
0.06800000
0.10200000
0.10200000
0.10000000
0.09600000
0.10200000
8.23800000
25.19800000
0.83800000
0.63200000
0.60400000
0.33600000
0.10000000
0.06600000
0.10000000
0.13200000
0.10000000
0.06600000
0.26400000
0.54000000
12.20200000
0.10000000
0.10000000
0.10000000
0.10000000
0.10000000
0.10000000
10.46400000
0.10000000
0.09800000
0.10000000
0.10200000
0.10200000
0.10000000
0.10000000
0.10200000
0.10200000
0.06800000
0.09800000
0.10200000
0.10200000
9.68400000
0.10200000
0.10000000
16.72400000
97.32400000
92.27600000
73.64000000
93.44000000
99.77000000
86.02200000
29.93600000
0.10200000
0.10200000
0.10200000
0.10200000
0.10200000
0.10200000
0.10200000
0.06800000
34.90000000
96.90400000
11.67400000
0.10200000
0.10200000
0.06800000
0.10200000
0.10200000
0.10000000
0.06800000
0.10200000
0.10000000
0.06800000
0.10200000
0.10200000
0.10200000
0.06800000
0.09800000
0.10200000
0.10000000
98.51400000
92.20400000
79.26600000
91.23400000
99.33600000
87.91000000
38.16600000
0.10200000
0.10200000
0.10000000
0.06600000
0.10200000
0.10000000
0.10200000
9.25200000
97.33200000
88.69800000
78.07400000
92.13400000
99.83400000
87.40600000
37.73400000
0.10200000
0.10200000
0.06800000
0.10200000
81.06600000
98.66600000
73.83200000
91.50200000
99.73400000
89.22200000
57.60000000
0.10200000
0.10200000
0.10200000
0.10200000
0.06800000
0.10000000
0.10200000
0.10200000
0.06800000
0.23400000
30.09800000
48.14400000
24.56600000
0.46800000
0.39600000
0.46600000
29.13000000
17.00800000
12.97200000
2.76800000
0.10000000
0.06800000
0.10000000
0.10200000
0.10000000
0.10000000
0.06600000
0.13400000
0.10000000
17.36600000
17.67000000
0.50000000
0.53400000
0.53400000
0.73400000
32.33800000
1.92600000
0.83200000
0.73600000
0.59800000
0.10200000
16.82800000
21.67200000
0.66400000
23.45200000
18.17800000
0.77000000
0.60200000
0.73400000
0.63600000
0.40200000
33.14800000
12.37000000
0.27000000
5.10200000
28.37600000
0.16800000
0.10200000
0.10200000
32.58000000
0.26800000
1.13400000
32.50800000
1.63400000
0.53400000
0.10200000
0.06800000
0.10000000
0.10000000
0.10200000
0.10200000
0.06800000
0.10000000
0.10200000
1.00400000
0.10200000
0.09800000
0.10000000
0.10200000
0.10200000
0.06800000
0.10200000
0.10200000
0.20000000
0.10200000
0.10200000
20.42600000
13.82800000
1.40400000
0.53400000
0.10000000
0.10000000
0.10200000
0.10000000
0.10000000
0.09800000
0.06800000
0.10200000
0.10200000
1.03200000
0.17000000
0.09600000
0.10000000
0.09800000
0.10200000
0.06400000
0.10200000
0.09800000
0.10200000
0.10200000
0.10000000
0.10200000
