2.29600000
2.14400000
2.27400000
2.06600000
2.35000000
2.13600000
2.36600000
2.25200000
2.40000000
2.18000000
2.35200000
3.43400000
2.43000000
2.03400000
2.29600000
2.05200000
2.31400000
2.07000000
2.40000000
2.07000000
3.58800000
2.19200000
2.30000000
2.13400000
2.28400000
2.12000000
2.35000000
2.16600000
2.31400000
2.18600000
2.33000000
2.10800000
2.32800000
3.43400000
2.42400000
2.15800000
2.34200000
2.05600000
2.37600000
2.10600000
2.40800000
2.15600000
2.46400000
2.22400000
2.42800000
2.23400000
2.40800000
3.37200000
2.31800000
2.16600000
2.38600000
2.13800000
2.33600000
2.23000000
2.45200000
2.15000000
2.38600000
2.23400000
2.73200000
2.91600000
2.24600000
2.08400000
2.24800000
2.09600000
2.26600000
2.50400000
52.26600000
54.80600000
55.73600000
11.05800000
20.21600000
71.30600000
55.49800000
25.36600000
6.99400000
5.03400000
5.45000000
5.40000000
5.65000000
7.99200000
5.42000000
7.80200000
5.66600000
5.16400000
7.20000000
5.08200000
5.54600000
5.28200000
5.56600000
4.00200000
3.51200000
1.98000000
2.27800000
2.01600000
3.52400000
2.03400000
2.25000000
2.06800000
2.30400000
2.09200000
2.33200000
2.12400000
53.69200000
51.46600000
51.85000000
5.37200000
3.00200000
3.98400000
3.24600000
4.70000000
2.86400000
2.42600000
3.11200000
2.84000000
3.08400000
3.55600000
2.03400000
2.06400000
3.53400000
2.27000000
2.29200000
2.09000000
2.23400000
4.73000000
2.63400000
2.76600000
2.70000000
2.72800000
2.61600000
2.47400000
3.79000000
2.45800000
2.42200000
2.43400000
2.45200000
2.28800000
2.57800000
2.39600000
2.76800000
2.34600000
2.46400000
3.55800000
2.36000000
2.21600000
2.29200000
2.15200000
2.33400000
2.16600000
2.36800000
2.05200000
2.34200000
2.38600000
2.31800000
2.08000000
2.76600000
2.89800000
2.20000000
2.08600000
2.25000000
2.06600000
2.16800000
2.08000000
2.26600000
2.08400000
2.21800000
2.14800000
3.50600000
2.18200000
2.23600000
2.13200000
2.30000000
2.08600000
2.20200000
2.06400000
2.29600000
2.08000000
2.26400000
3.35200000
2.33400000
1.99800000
2.26000000
1.98800000
2.18400000
1.99600000
2.21600000
2.00000000
2.19800000
1.96600000
2.16400000
3.29800000
2.18000000
1.98400000
2.25800000
1.95200000
2.18400000
1.98400000
2.22000000
1.95800000
2.23400000
2.13200000
2.26400000
2.00000000
2.21800000
3.37800000
2.29200000
2.07800000
2.54200000
2.01800000
2.14400000
2.04800000
2.29600000
2.16400000
2.36600000
2.11400000
3.61000000
2.05000000
2.37600000
2.06600000
2.18000000
2.06800000
2.21400000
2.04800000
2.35600000
2.10800000
2.30000000
2.04400000
2.31200000
3.31800000
2.25800000
2.00200000
2.21200000
2.04400000
2.24400000
2.06200000
2.33200000
2.05000000
2.29800000
3.30000000
2.30200000
2.03600000
2.28400000
2.15200000
2.28400000
2.16400000
2.25000000
2.12600000
2.32600000
2.13400000
2.31600000
2.11400000
3.56600000
2.11000000
2.17000000
1.92400000
2.11800000
2.04200000
2.17200000
1.94400000
2.29200000
2.00000000
2.17000000
3.21800000
2.14600000
1.94600000
2.15800000
1.94000000
2.20200000
1.98000000
2.19400000
1.95000000
2.24600000
2.05200000
2.26600000
1.98400000
3.52800000
1.99600000
2.21400000
2.03000000
2.21600000
2.01400000
2.19600000
2.06400000
2.26200000
2.06000000
2.30600000
1.98200000
3.43400000
1.94600000
2.15200000
1.88600000
2.10200000
1.93000000
2.24400000
1.95600000
2.23400000
1.99400000
2.15800000
1.98000000
3.44600000
2.00000000
2.23000000
1.95200000
2.22200000
1.97400000
2.24200000
1.97400000
2.25800000
1.98800000
2.20200000
2.04600000
2.24400000
3.30200000
2.23600000
1.94200000
2.15000000
2.07000000
2.33400000
2.01000000
2.24200000
1.99600000
2.18600000
2.00200000
3.45600000
2.03000000
2.21600000
2.05200000
2.15000000
2.04800000
2.23400000
2.06200000
2.27600000
2.03400000
2.22600000
3.29000000
2.21800000
2.06000000
2.22600000
2.06200000
2.30800000
2.05200000
2.23000000
2.06600000
2.23800000
2.04000000
2.20000000
2.06400000
2.30000000
3.32200000
2.20800000
1.92200000
2.13400000
1.97800000
2.15800000
2.01400000
2.26600000
2.18000000
2.26400000
2.08200000
3.64000000
2.07200000
2.23600000
2.11800000
2.32600000
2.05600000
2.26800000
2.16400000
2.34600000
37.13400000
61.11600000
52.37800000
12.26800000
2.80200000
4.03400000
3.06600000
4.79400000
2.96000000
2.72200000
2.91200000
4.30000000
3.74600000
2.44600000
2.05000000
3.58400000
2.11600000
2.33000000
2.13600000
2.35000000
2.21600000
2.36600000
2.18200000
2.36200000
2.22600000
3.65600000
2.25200000
2.38200000
2.20000000
2.38200000
2.20600000
2.39200000
2.33400000
2.31600000
2.13400000
2.33400000
2.11800000
2.35000000
2.23400000
2.33400000
3.56600000
2.31000000
2.14000000
2.36000000
2.10600000
2.27200000
2.16200000
2.41200000
2.11600000
2.31800000
3.52600000
2.41400000
2.22000000
2.41200000
2.12000000
2.37600000
2.12400000
2.42600000
2.28800000
2.31800000
2.11600000
2.30000000
3.37600000
2.33400000
2.05000000
2.32800000
2.10000000
2.36600000
2.16400000
2.33400000
2.11400000
2.39600000
2.12000000
2.33600000
2.20000000
2.26600000
3.74200000
2.39600000
2.08400000
2.33800000
2.12200000
2.33400000
2.33000000
2.40400000
2.05200000
2.28400000
2.11800000
2.26400000
3.43000000
2.30000000
2.09600000
2.33600000
2.07200000
2.23400000
2.17000000
2.36800000
2.05000000
2.34200000
3.38000000
2.32800000
2.10200000
2.33400000
2.06600000
2.20000000
2.09400000
2.42400000
2.08000000
2.28000000
2.09600000
3.63400000
2.05000000
2.18400000
2.09800000
2.28400000
2.12000000
2.33600000
2.10200000
2.30200000
2.14600000
2.37800000
2.15000000
2.35200000
3.46000000
2.29200000
2.08000000
2.25200000
2.14400000
2.64400000
2.06200000
2.16200000
1.93600000
2.19600000
1.99600000
2.25400000
1.93200000
2.17200000
3.22600000
2.11600000
1.98000000
2.19600000
1.95000000
2.20800000
1.93400000
2.29600000
2.00200000
2.16200000
3.26800000
2.26000000
2.00600000
2.16800000
2.23400000
2.16600000
2.01600000
2.06600000
1.99800000
2.21600000
1.96200000
2.14600000
1.96600000
3.44000000
1.94600000
2.13800000
1.99400000
2.15600000
1.94400000
2.26000000
1.98400000
2.25000000
2.02000000
2.23400000
2.06600000
3.67000000
2.01600000
2.20200000
2.01000000
2.12600000
1.91600000
2.11600000
1.93600000
2.15200000
2.05000000
2.15200000
2.01200000
2.11600000
3.29800000
2.11600000
2.01000000
2.25200000
1.93600000
2.18200000
2.01600000
2.34600000
1.98400000
2.20200000
3.33400000
2.23000000
2.01800000
2.10200000
1.96600000
2.16800000
1.93400000
2.11600000
1.93400000
2.20000000
2.03200000
2.18000000
3.26600000
2.24800000
2.04600000
2.39600000
1.91800000
2.13600000
2.03200000
2.16600000
1.99600000
2.15200000
1.99600000
2.10000000
1.98000000
3.47400000
1.99000000
2.11600000
1.94400000
2.19200000
1.99600000
2.19600000
1.95600000
2.21400000
2.02200000
2.14200000
1.92400000
3.45000000
1.88600000
2.12400000
1.95600000
2.19200000
1.93800000
2.15400000
1.90600000
2.15000000
2.00000000
3.40000000
2.03600000
2.18200000
1.86800000
2.24200000
2.04000000
2.13600000
2.03400000
2.24400000
1.95600000
2.11200000
1.96600000
2.08400000
1.91800000
2.06200000
3.23600000
2.11200000
2.01600000
2.13000000
1.96200000
2.14800000
1.95000000
2.33400000
1.93400000
2.09600000
2.02000000
2.10000000
3.19200000
2.06200000
1.89400000
2.08800000
1.96600000
2.13400000
1.96800000
2.21600000
1.94000000
2.14200000
1.99800000
3.35000000
2.06400000
2.04200000
1.91600000
2.12400000
1.85400000
2.04600000
1.89400000
2.11000000
1.88400000
2.11400000
1.92400000
2.07400000
3.21800000
2.08600000
1.88400000
2.10800000
1.98800000
2.03400000
1.89600000
3.41600000
1.91800000
2.11000000
1.85400000
2.03600000
3.16200000
2.03000000
1.89800000
2.00000000
1.86400000
2.04600000
1.93000000
2.10600000
2.02000000
2.01600000
3.14600000
2.05000000
1.81600000
2.04600000
1.83400000
2.09600000
1.86200000
2.05400000
1.91000000
2.17200000
1.98600000
2.15200000
1.98600000
3.53200000
1.85400000
2.14400000
1.87200000
2.03600000
1.86400000
2.04200000
1.84600000
2.14200000
1.84000000
3.33800000
1.80600000
2.03200000
1.81600000
2.11600000
2.03400000
2.03400000
1.86600000
1.99600000
1.88600000
2.15200000
1.90200000
2.16000000
1.90600000
3.35200000
2.00200000
2.18600000
1.97400000
2.19200000
2.11000000
2.09200000
1.91600000
2.20000000
4.53400000
2.71600000
3.97400000
2.57600000
2.36600000
2.39800000
2.16600000
2.33200000
2.07000000
2.34600000
2.17000000
2.32400000
2.10600000
2.28400000
3.49000000
2.29000000
2.22400000
2.67400000
2.13400000
4.62400000
2.42400000
2.35800000
2.20400000
2.46400000
2.23200000
2.37400000
6.09000000
2.87200000
2.62000000
2.70000000
2.66600000
2.83400000
6.41200000
60.19000000
54.00000000
48.91600000
8.41000000
67.94800000
53.92200000
63.72200000
61.07600000
53.79400000
44.36600000
61.79400000
56.26200000
55.51200000
57.26600000
54.30200000
35.43600000
66.04400000
55.62600000
20.18000000
19.20600000
72.37600000
53.28400000
25.74000000
8.93200000
67.42600000
53.76200000
43.28400000
8.71600000
3.44600000
3.33400000
4.59800000
3.29800000
3.18400000
3.33000000
3.16600000
3.33000000
3.13200000
3.28400000
6.55000000
8.91600000
3.06800000
3.06400000
4.36400000
3.04600000
3.09200000
3.05000000
2.98400000
3.13000000
2.99800000
3.05400000
3.16800000
3.17600000
3.18400000
4.31400000
3.04800000
3.06600000
3.23400000
3.14200000
3.08000000
3.06400000
3.01600000
3.20000000
3.08400000
3.23200000
3.20000000
3.16600000
5.90000000
8.87200000
10.22200000
11.10000000
12.00000000
72.78400000
55.62000000
28.18200000
3.15000000
3.16400000
3.01600000
3.21800000
4.43600000
3.14800000
3.06600000
3.16600000
3.18400000
3.21400000
3.18200000
3.23200000
3.13000000
3.31400000
3.18200000
3.16600000
4.34600000
3.28400000
3.23200000
3.11600000
3.05000000
3.23400000
3.16600000
3.18000000
3.18400000
3.18200000
3.95000000
68.16200000
56.24200000
45.32400000
4.00000000
4.80600000
5.96600000
5.85000000
4.41600000
4.09600000
3.96800000
3.98000000
3.93400000
5.83400000
5.21400000
3.06000000
3.21600000
3.33400000
3.23400000
3.46600000
3.25000000
3.45000000
3.52200000
3.31000000
4.51800000
3.61400000
3.12400000
3.09800000
3.08000000
3.23800000
3.19600000
3.25000000
3.20000000
3.13400000
3.12800000
3.28600000
3.26600000
3.22800000
4.21600000
3.41600000
3.03400000
3.25000000
3.38200000
3.32200000
3.12600000
4.36200000
4.08200000
4.33200000
4.23600000
8.78400000
5.50400000
3.95200000
4.24400000
4.18400000
4.36600000
4.31400000
4.29600000
5.68000000
3.19000000
3.06600000
2.98400000
4.44200000
3.11400000
3.08400000
3.01600000
3.19800000
3.09800000
3.18200000
3.11600000
3.23200000
3.15200000
3.31600000
4.41200000
3.25200000
3.24200000
3.18400000
3.15000000
3.43600000
3.29400000
3.28200000
3.45000000
3.29800000
3.23200000
3.26600000
3.28800000
4.42600000
3.11600000
3.31400000
3.15200000
3.25000000
3.19600000
3.25000000
3.19800000
3.16600000
4.63200000
3.21400000
3.26800000
3.11000000
4.39600000
3.36600000
3.29000000
3.07400000
3.21600000
3.04800000
3.18400000
3.05000000
3.21800000
3.06600000
3.05000000
3.28000000
4.59000000
64.63800000
52.11800000
44.85000000
3.73400000
4.18400000
5.00000000
9.29400000
7.38000000
37.98400000
62.83800000
53.72000000
15.46600000
4.25000000
5.61600000
2.76600000
8.58200000
4.30000000
4.53200000
19.87400000
68.75400000
53.20400000
23.21600000
2.69800000
2.53400000
3.79600000
2.45000000
2.61800000
2.55800000
2.34000000
8.76600000
6.13400000
4.56600000
10.94800000
6.91600000
11.52800000
5.37200000
3.07600000
3.07200000
6.24800000
3.28800000
3.07600000
2.91200000
4.93200000
11.84000000
6.98800000
9.30000000
4.59800000
5.85000000
4.18200000
2.70000000
2.82800000
2.58400000
2.60600000
2.54000000
2.52200000
2.59200000
2.51600000
2.63400000
6.66000000
4.51600000
7.18200000
3.73400000
4.81000000
3.71600000
5.73000000
3.55000000
3.76600000
3.62800000
3.75000000
5.11600000
5.42200000
3.12600000
4.40400000
2.91400000
2.92200000
3.82600000
6.93200000
6.95000000
5.18400000
15.56000000
72.22000000
54.06400000
34.29600000
6.54000000
55.95000000
51.33200000
56.05000000
8.06800000
3.83000000
6.44600000
4.08600000
15.54800000
3.71600000
6.37600000
3.46600000
3.14200000
3.42000000
3.12200000
3.34200000
2.80000000
3.20800000
2.85000000
3.17000000
2.76600000
3.01400000
2.54000000
4.13400000
2.39200000
2.87600000
2.93400000
2.73400000
2.32400000
2.67200000
2.23800000
2.64000000
2.36800000
2.56000000
14.75200000
4.53600000
3.47200000
3.27600000
2.61800000
3.13000000
4.48400000
4.10800000
14.65400000
13.98400000
11.20000000
14.37200000
19.97800000
8.65600000
9.71600000
29.11400000
23.83200000
3.58400000
3.04000000
3.45000000
3.04000000
3.47600000
3.03400000
3.50000000
3.02400000
4.78800000
2.97200000
3.44400000
2.96600000
3.31800000
2.83000000
3.36000000
2.76600000
3.29400000
2.83400000
3.29000000
2.98800000
3.23400000
4.08400000
3.25800000
2.79400000
3.32600000
2.75000000
3.26800000
2.79400000
3.27600000
2.79000000
3.29000000
4.19000000
3.29000000
2.82800000
3.49000000
2.78800000
3.30000000
2.78200000
3.29400000
2.79000000
3.30000000
2.86200000
3.31600000
2.86000000
4.56000000
2.80600000
3.25000000
2.85200000
3.26600000
2.77200000
3.25600000
2.76200000
3.30600000
2.84800000
3.31600000
3.15400000
5.58800000
8.87600000
3.45000000
2.70800000
3.01200000
2.62200000
2.99200000
2.56600000
2.95800000
2.57400000
2.90800000
2.55800000
2.95800000
3.91200000
2.94200000
2.56600000
2.93400000
2.57600000
2.93400000
2.57600000
2.94200000
2.62400000
2.93800000
2.59600000
2.92400000
2.52600000
4.26600000
2.53600000
2.88000000
2.49200000
2.94200000
2.55800000
2.90400000
2.60600000
2.86000000
2.54200000
4.18800000
2.55600000
2.97600000
2.63600000
2.95400000
2.60000000
3.00800000
9.90800000
70.77200000
50.81400000
32.36000000
4.20600000
5.28400000
4.45000000
3.89000000
5.20000000
3.50800000
3.19400000
3.62400000
3.25000000
3.69200000
4.30000000
2.97800000
2.64800000
4.26400000
2.62600000
2.98400000
2.62600000
2.93800000
2.53000000
2.94000000
2.55800000
2.95000000
2.64200000
2.94200000
2.60800000
2.85400000
3.78800000
2.88400000
2.50400000
2.94000000
2.57600000
2.95000000
2.55000000
2.93400000
4.26000000
2.94200000
3.91600000
3.00000000
2.65800000
2.98400000
2.58400000
3.00000000
2.62600000
2.96600000
2.64200000
2.99600000
43.42000000
57.06600000
55.43200000
14.45000000
5.20200000
5.36000000
3.99000000
5.65000000
3.65000000
3.96200000
3.67400000
4.01800000
4.73000000
24.50000000
65.64800000
52.96200000
20.70000000
59.45800000
55.82600000
54.90000000
5.59000000
9.64000000
2.93200000
3.68400000
3.36600000
9.03800000
6.58400000
5.09800000
3.48200000
4.68400000
3.57600000
6.85800000
2.97600000
2.93800000
7.67200000
6.11600000
4.94000000
6.03400000
5.68800000
4.36800000
3.26600000
5.05800000
3.50000000
3.82600000
4.59800000
2.94200000
2.59200000
3.03400000
2.67800000
3.03800000
2.62400000
3.05000000
2.67800000
5.84600000
2.69200000
12.20400000
2.64200000
3.13800000
2.76000000
3.40000000
4.65000000
3.22600000
2.71000000
3.11000000
2.73400000
4.43400000
2.69200000
3.08600000
2.70000000
3.10600000
2.65000000
3.02800000
2.72200000
5.12800000
3.28000000
4.05400000
10.35600000
71.15400000
52.05000000
31.18400000
3.40800000
5.41600000
3.46200000
3.71800000
5.07600000
3.33600000
4.77400000
3.74200000
4.76000000
5.35600000
2.73600000
3.15600000
2.69000000
3.08400000
2.62400000
3.03400000
2.65800000
5.50400000
43.20400000
66.85800000
51.54200000
16.36000000
3.49200000
4.76600000
3.42400000
3.68400000
5.04200000
3.35800000
3.20200000
3.62600000
3.34200000
5.08400000
3.18400000
3.62600000
3.23400000
3.66000000
3.25000000
4.46200000
2.54600000
2.91600000
2.60000000
2.92600000
2.53400000
2.96600000
3.23400000
4.29800000
4.95000000
3.07600000
2.60800000
3.00800000
8.09400000
3.02600000
2.64200000
2.97800000
3.87600000
2.92800000
2.57200000
2.95000000
2.51800000
2.93400000
2.52600000
2.87600000
2.54200000
2.90000000
2.57600000
2.89400000
2.60000000
2.96600000
2.58400000
4.21600000
2.58400000
2.96800000
2.55000000
2.92400000
2.55000000
2.91600000
2.59400000
2.93000000
2.56600000
3.00800000
3.92800000
3.00000000
2.56600000
2.97400000
2.57800000
2.96800000
2.58200000
2.99200000
2.65000000
2.97000000
2.60600000
2.99400000
2.58000000
4.30000000
2.61000000
2.97600000
2.58400000
2.93400000
2.57000000
2.98800000
2.76000000
3.00800000
2.56600000
2.92000000
2.55600000
4.32000000
2.48000000
2.85400000
4.71600000
9.85000000
3.74400000
5.41000000
4.15800000
6.04200000
3.79600000
4.06800000
7.70800000
4.22600000
5.18400000
3.10000000
2.66000000
3.16000000
2.64200000
3.12600000
2.68600000
3.10800000
2.67400000
4.39200000
2.64000000
3.06800000
2.65200000
3.10000000
2.69800000
3.09200000
2.71600000
3.10400000
2.68800000
3.06600000
2.67000000
3.10800000
3.96600000
3.08400000
2.67400000
3.11200000
2.69800000
3.10800000
42.76600000
57.81000000
53.39000000
11.30400000
3.42000000
4.91600000
5.20000000
7.96400000
3.70000000
4.26000000
3.66600000
4.36600000
3.95000000
27.95000000
66.32400000
53.57000000
23.28200000
5.64800000
6.25800000
4.75200000
5.60800000
4.59800000
3.83400000
4.54000000
4.10000000
4.37400000
4.40600000
3.66000000
2.82600000
3.17600000
2.72200000
4.48400000
2.72600000
3.17400000
2.70800000
3.18400000
5.24200000
3.37600000
3.06000000
3.40000000
8.73000000
5.93600000
3.97000000
4.84600000
3.46600000
5.88600000
3.40200000
3.96000000
3.63400000
4.40800000
6.47600000
3.08400000
2.73400000
4.43400000
2.77000000
3.10800000
2.67600000
3.15800000
2.72600000
3.14200000
2.70800000
3.23400000
4.73600000
59.08400000
52.91600000
52.61600000
6.61600000
4.59200000
5.06600000
4.71000000
5.88000000
4.30200000
4.01400000
6.46400000
4.23800000
4.63400000
5.50800000
3.21600000
4.48600000
3.18400000
2.72800000
3.21000000
2.74200000
3.21000000
3.31600000
27.96600000
65.55400000
53.72200000
20.33400000
5.89600000
6.97600000
3.15000000
7.05800000
4.07800000
4.38400000
58.62600000
55.31400000
49.66800000
3.32400000
3.81000000
4.03600000
4.31800000
14.50000000
6.11600000
6.74200000
4.43400000
5.75600000
4.11000000
3.68000000
4.04200000
3.72600000
5.21600000
2.53400000
2.90800000
3.68000000
2.80800000
2.34200000
2.80800000
2.31400000
2.73000000
2.23600000
2.64600000
2.26000000
2.67600000
2.24000000
3.90400000
2.17800000
2.58400000
2.49200000
2.70000000
2.24200000
2.69600000
2.18400000
2.61800000
2.28800000
2.73400000
4.90000000
4.52400000
2.77600000
3.18400000
2.78600000
3.15800000
4.62800000
3.21000000
2.76200000
3.19000000
2.72000000
3.11000000
2.61600000
25.56600000
68.38600000
56.54200000
23.20000000
4.41800000
5.13000000
4.76200000
5.65400000
8.70000000
3.91800000
4.55000000
5.26000000
6.23400000
4.59200000
3.17600000
2.67400000
3.10800000
2.61800000
2.99000000
2.80800000
2.83400000
2.42000000
2.73800000
2.29200000
2.67200000
3.54600000
2.62600000
2.18400000
2.60000000
2.20000000
2.57200000
2.20000000
2.59600000
2.27000000
2.60800000
2.21600000
3.85000000
2.63400000
2.69400000
2.32000000
2.48800000
2.06600000
2.44000000
2.06000000
2.38400000
2.10000000
5.13400000
2.73400000
3.15600000
2.71000000
4.37600000
2.60800000
2.95800000
2.46600000
2.87400000
2.57600000
2.91600000
2.46600000
2.77600000
2.34200000
2.72200000
3.55000000
2.72200000
2.30200000
2.75800000
2.32400000
2.76600000
2.26600000
8.86600000
2.72400000
3.11800000
2.66600000
3.05000000
3.91400000
2.87800000
2.42200000
2.72600000
2.35200000
2.74200000
6.76200000
7.28000000
2.97000000
3.21600000
2.78600000
4.32200000
2.52400000
2.84200000
2.45000000
2.76400000
2.35000000
2.70400000
2.29200000
2.70800000
2.28400000
2.67400000
3.53400000
2.59200000
2.16600000
2.65800000
2.25000000
2.63400000
2.28400000
2.58400000
2.33000000
7.28400000
2.83400000
3.17200000
2.68400000
4.32000000
2.54800000
2.90000000
2.45800000
2.80800000
2.37600000
2.77600000
2.30400000
2.75400000
2.32400000
25.30000000
64.79000000
52.52000000
20.16800000
4.73000000
4.13400000
3.63400000
4.77200000
3.33800000
2.63600000
3.44000000
3.01000000
3.29400000
3.76400000
3.71600000
2.01600000
2.42400000
2.02600000
2.35000000
2.02600000
2.36600000
1.99000000
2.38400000
2.14600000
2.39400000
2.03400000
3.61200000
2.07800000
2.41800000
2.09400000
2.48400000
2.18400000
2.55800000
2.17800000
2.46600000
2.18400000
2.46000000
2.10600000
3.59400000
41.71600000
57.11400000
53.19600000
9.98400000
2.71600000
4.14400000
2.91600000
5.03400000
2.60600000
2.76200000
2.65800000
4.35000000
2.79400000
3.05000000
3.89400000
2.25600000
1.92200000
2.25000000
1.91000000
2.22400000
2.65400000
2.97800000
4.33400000
2.97200000
2.59000000
3.15600000
2.88400000
3.52200000
3.13400000
3.01600000
3.09600000
3.49400000
4.64000000
4.27800000
1.92400000
2.23400000
1.96800000
58.50800000
51.88400000
47.73400000
3.73200000
2.43400000
2.10400000
2.43800000
2.13400000
2.35600000
3.31600000
2.36000000
2.01000000
2.39000000
2.07600000
2.35600000
2.03800000
2.42200000
2.21600000
2.36400000
38.08000000
60.40200000
52.47800000
13.09400000
2.38800000
3.71600000
1.96800000
2.31600000
1.91600000
2.25600000
2.01000000
3.93400000
64.88200000
52.37800000
59.60600000
63.96800000
53.13000000
18.99400000
2.69400000
4.81600000
2.54600000
3.04200000
2.84600000
3.09400000
6.25000000
3.21600000
3.93400000
3.24000000
5.84600000
3.00600000
2.48400000
3.15600000
2.90000000
3.21600000
4.71600000
2.28400000
1.99200000
2.24000000
2.65400000
27.63600000
64.30400000
52.55000000
18.66800000
2.98800000
3.74000000
3.13800000
4.47400000
3.04400000
2.41000000
3.02400000
2.70600000
4.30400000
3.87000000
2.21000000
1.93400000
2.26600000
1.94400000
2.26600000
1.94400000
2.24000000
2.05600000
2.32600000
2.02200000
3.55600000
1.99600000
2.32600000
2.04600000
2.36600000
4.71000000
2.90800000
2.62000000
3.06800000
2.64600000
3.00400000
2.55000000
2.85000000
58.95400000
52.16600000
53.15000000
2.67600000
2.23000000
2.59600000
2.15800000
2.55000000
2.23400000
2.58400000
2.21000000
2.75800000
3.31600000
2.62400000
2.25400000
3.54600000
66.85800000
53.03000000
37.99400000
3.20800000
3.84600000
3.72400000
2.81600000
4.88400000
2.60000000
9.15400000
3.29400000
3.75800000
6.53600000
3.09200000
2.69200000
6.88400000
2.72200000
3.02000000
3.83800000
5.51600000
3.04200000
2.97600000
4.46600000
3.13600000
2.63800000
2.97600000
2.48600000
2.84200000
2.45000000
2.77200000
2.36600000
3.99600000
2.32000000
2.65400000
2.19200000
2.65800000
2.25000000
2.65800000
2.21600000
2.62600000
2.25800000
2.61000000
2.19600000
2.56200000
3.53400000
2.66000000
2.29200000
2.55000000
2.19200000
2.53400000
2.18400000
2.47600000
2.20200000
2.55600000
2.22800000
6.66600000
2.69400000
3.09000000
2.63400000
2.86000000
2.49200000
2.78000000
2.35400000
2.69400000
2.34200000
2.57600000
2.15800000
3.83800000
2.19600000
2.59000000
2.18400000
2.52400000
2.19000000
5.07600000
2.74200000
3.19200000
2.75800000
3.01600000
2.55800000
2.92400000
5.28000000
4.50800000
2.72600000
9.22600000
4.80800000
3.13400000
2.65000000
3.00800000
2.58200000
2.84200000
2.38400000
2.78400000
3.63400000
2.73000000
2.31200000
2.57600000
2.14600000
2.57800000
2.16000000
2.55800000
2.22600000
2.59200000
2.24200000
2.62200000
3.67000000
2.63400000
2.25800000
2.59400000
38.36600000
60.40000000
52.62600000
13.93600000
2.96400000
4.22600000
4.33000000
3.24000000
4.67600000
2.83800000
2.93800000
3.12200000
2.81400000
4.32800000
2.05600000
2.39000000
2.23000000
2.45600000
2.07800000
2.60000000
3.19400000
2.41200000
2.10600000
2.41200000
2.15200000
2.49400000
2.22000000
2.48400000
2.20600000
2.48400000
2.26600000
3.91600000
2.12800000
2.51600000
2.14000000
2.42800000
2.16200000
2.44400000
2.15600000
2.49400000
2.23400000
2.44400000
2.25600000
3.73400000
2.10600000
2.38400000
2.08800000
2.38800000
2.11200000
2.40600000
2.14000000
2.41200000
2.16600000
2.41800000
2.13400000
3.76600000
2.08400000
3.15000000
3.55000000
2.34000000
2.02600000
2.34400000
2.09000000
2.36200000
3.76200000
2.29400000
2.03400000
2.29000000
2.02200000
4.27600000
2.02800000
2.30000000
2.05600000
25.52400000
64.19800000
52.66600000
25.48000000
70.67200000
53.74200000
28.49800000
5.76600000
3.05000000
2.46200000
4.02400000
67.20400000
53.14200000
42.57200000
57.86000000
75.24600000
99.66800000
70.58200000
28.51000000
2.45000000
2.88400000
38.87400000
61.25800000
53.48400000
29.21800000
4.50800000
3.89600000
3.26600000
5.34400000
2.87600000
3.32200000
3.13400000
4.70000000
14.38400000
8.65800000
4.75000000
4.68400000
5.37400000
4.70800000
5.76200000
4.33400000
3.78400000
4.34000000
5.27000000
4.09200000
5.14800000
3.55000000
3.15000000
4.68400000
2.24200000
2.59600000
2.34400000
2.64000000
2.38400000
2.61600000
2.50000000
3.81000000
2.24400000
2.52200000
2.20600000
2.47800000
2.18400000
2.49000000
2.27800000
2.51200000
3.49600000
2.51600000
2.28400000
2.57200000
2.30000000
2.59000000
2.21000000
2.45000000
2.00600000
2.30600000
2.04400000
2.34000000
2.10000000
2.37400000
2.12600000
3.64200000
2.09000000
2.37200000
2.13400000
2.35600000
2.02600000
2.35000000
2.05600000
2.25800000
3.38200000
2.29000000
2.00400000
2.30600000
2.04000000
2.33400000
2.07200000
2.32200000
2.05600000
2.33400000
2.15400000
2.36600000
2.09000000
2.31000000
3.31200000
2.32600000
2.05000000
2.38400000
2.09400000
2.40600000
2.09400000
2.39000000
2.15800000
2.41200000
3.14400000
2.74400000
2.11200000
2.40000000
2.13800000
2.44000000
2.13400000
2.43400000
2.14000000
2.46600000
2.27800000
2.45600000
2.36600000
3.52800000
2.48800000
2.36000000
2.04600000
2.36000000
2.05000000
2.36600000
2.06000000
2.36200000
2.06600000
2.34000000
2.07200000
2.34000000
2.53800000
3.18000000
2.07600000
2.29600000
2.02600000
2.35000000
2.05600000
2.53400000
2.05000000
2.33800000
2.00600000
3.54400000
2.00600000
2.32600000
2.08400000
2.37800000
2.12200000
2.39000000
2.09400000
2.38800000
2.16600000
2.40000000
2.15600000
3.69800000
2.11000000
2.40000000
2.12800000
2.41200000
2.11600000
2.39400000
2.12200000
2.44400000
2.19400000
2.42800000
2.12800000
2.37800000
2.07800000
3.71600000
2.09600000
2.42800000
2.10200000
2.38800000
2.07400000
2.34000000
2.11800000
2.39000000
2.10200000
2.38400000
3.38800000
2.40000000
2.05000000
2.35600000
2.05600000
2.35600000
2.09000000
2.35000000
2.16600000
2.43400000
2.16000000
2.41200000
2.13800000
3.72800000
2.12200000
2.38400000
2.11000000
2.41800000
2.11600000
2.40000000
2.16600000
2.33800000
2.08800000
2.26600000
3.31600000
2.44400000
1.91000000
2.20800000
1.94200000
2.21200000
1.93800000
2.21600000
1.97600000
2.25600000
1.98400000
2.27200000
1.96600000
3.62400000
2.03200000
2.26600000
1.96000000
2.25000000
1.95600000
2.27200000
2.02800000
2.27600000
2.01000000
2.28800000
3.22400000
2.30600000
2.05600000
2.24600000
2.00400000
2.30600000
2.04400000
2.35600000
2.13400000
2.36600000
2.11600000
2.36800000
3.35000000
2.36600000
2.09600000
2.32600000
2.03400000
2.31600000
2.02200000
2.35600000
2.08400000
2.30000000
2.08400000
2.35000000
2.31000000
2.25000000
1.98400000
2.26400000
2.04400000
2.35600000
2.06200000
2.34400000
2.07800000
2.29000000
2.04000000
2.50800000
1.96600000
2.25600000
2.00600000
2.26600000
1.98400000
2.31600000
2.05000000
2.40800000
3.50000000
2.21600000
1.95600000
2.22800000
1.95200000
3.57200000
1.89400000
2.21200000
1.96000000
2.20000000
1.97200000
2.21200000
2.02800000
2.23400000
1.96800000
3.60000000
2.00600000
2.28600000
2.03800000
2.30000000
1.98800000
2.26200000
2.01200000
2.32200000
2.10600000
2.33200000
2.02200000
2.27800000
3.33000000
2.26200000
2.03800000
2.28000000
2.02600000
2.30000000
2.05000000
2.33400000
2.12600000
2.39400000
2.14400000
3.64000000
2.05000000
2.31200000
2.05200000
2.31200000
2.06000000
2.29000000
1.95600000
2.28800000
2.10800000
2.33800000
2.06600000
2.37800000
2.10600000
3.66600000
2.11200000
2.40600000
2.15000000
2.37800000
2.06200000
2.30000000
2.18200000
2.46600000
3.31600000
2.26600000
1.98800000
2.20000000
1.93000000
2.23800000
1.93400000
2.20000000
1.96600000
2.22400000
2.08800000
2.30000000
2.03400000
2.28400000
3.27000000
2.24400000
1.97800000
2.21200000
2.05200000
2.28800000
2.02200000
2.28400000
2.05000000
2.25800000
2.01000000
3.58000000
1.99400000
2.24600000
1.99600000
2.29400000
2.01800000
2.30400000
2.00200000
2.29600000
2.08800000
2.34400000
2.17400000
3.55000000
2.00000000
2.23400000
1.99400000
2.28800000
2.02400000
2.27400000
2.03800000
2.28800000
2.12200000
2.30000000
2.09400000
2.33800000
3.38400000
2.36600000
2.08400000
2.31600000
2.02800000
2.38800000
1.93400000
2.22800000
1.99400000
2.19400000
1.93400000
2.15600000
3.16600000
2.16200000
1.91600000
2.21200000
1.94400000
2.24600000
1.97600000
2.26600000
2.00000000
2.18400000
1.92400000
2.17600000
3.58200000
2.28400000
1.90600000
2.18400000
1.90000000
2.17800000
1.95000000
2.21600000
2.00000000
2.19400000
1.96600000
2.20000000
3.27200000
2.23400000
2.03800000
2.29600000
2.01600000
2.22800000
2.00000000
2.31600000
2.07200000
2.28400000
2.04000000
2.32600000
2.08800000
3.65000000
1.97200000
2.21600000
1.96600000
2.21600000
1.96800000
2.24600000
2.05000000
2.28400000
2.00200000
3.56600000
1.96200000
2.25800000
2.01800000
1.92000000
1.93800000
2.18400000
1.83800000
2.24200000
1.98800000
2.20000000
1.98400000
2.20800000
1.85400000
3.56000000
1.98400000
2.27800000
1.95200000
2.38400000
1.97800000
2.16400000
2.18400000
2.29400000
2.02600000
2.25800000
3.30800000
2.25000000
1.84600000
2.06800000
2.14400000
2.27000000
1.94400000
2.23400000
2.05000000
2.26600000
1.90000000
2.36600000
3.30000000
2.23400000
1.98400000
2.24400000
1.96200000
2.23400000
1.93400000
2.19000000
2.08800000
2.30600000
2.03400000
2.21200000
3.28800000
2.18400000
1.92800000
2.20000000
1.94600000
2.23800000
1.93000000
2.30800000
1.96600000
2.14600000
1.91400000
3.48600000
1.87800000
2.15000000
1.90000000
2.16600000
1.91200000
2.19200000
1.86200000
2.30800000
2.00000000
2.23800000
3.30400000
2.18400000
2.09400000
2.19400000
1.93800000
2.15000000
2.06200000
2.28400000
2.03400000
2.30400000
2.07800000
2.21600000
2.00000000
2.23400000
3.25600000
2.26400000
1.98400000
2.22400000
1.99400000
2.29600000
1.95400000
2.23400000
2.03600000
2.24600000
2.02200000
2.28000000
2.08400000
3.66600000
2.08400000
2.36600000
2.13400000
2.47200000
2.02800000
2.16600000
1.92000000
2.15400000
1.97200000
3.50000000
1.96600000
2.20600000
1.95600000
2.20400000
1.99600000
2.24200000
1.96000000
2.22800000
3.49600000
2.17600000
1.94000000
3.55200000
1.94000000
2.24800000
1.99600000
2.27600000
2.04600000
2.26200000
2.02200000
2.25400000
2.05400000
2.23400000
1.96200000
3.53000000
1.94600000
2.22200000
1.98400000
2.26800000
1.97800000
2.30000000
2.08400000
2.35600000
2.13200000
2.28400000
2.08400000
3.56600000
2.06600000
2.26600000
2.12800000
2.44400000
2.07800000
2.46000000
1.96600000
2.23800000
2.00200000
2.22200000
1.97200000
3.47800000
1.95000000
2.20000000
2.01200000
2.20400000
1.96600000
2.20400000
1.97800000
2.23800000
1.97200000
2.21000000
2.02200000
3.53600000
1.96600000
2.23000000
2.03400000
2.30400000
2.04000000
2.32600000
2.05000000
2.31800000
2.12200000
2.37400000
2.12200000
2.36200000
3.61600000
2.34600000
2.10000000
2.36200000
2.12600000
2.35000000
2.08400000
2.33400000
2.13600000
2.36600000
2.10000000
2.36200000
3.31600000
2.43400000
2.01600000
2.23400000
1.98800000
2.31000000
2.04600000
2.28800000
2.10600000
2.33800000
2.09400000
5.36600000
3.88400000
3.00000000
2.58400000
2.82800000
2.34600000
2.66600000
2.16600000
2.47200000
2.24600000
2.52600000
2.13400000
2.45000000
3.42400000
3.11600000
6.10800000
3.71800000
3.20000000
3.48600000
3.11400000
3.33400000
2.99000000
3.33400000
4.36400000
2.48800000
3.40000000
2.44000000
2.11200000
2.48400000
2.12200000
2.46200000
2.18800000
2.72800000
3.08400000
4.93400000
2.03800000
3.66600000
2.01800000
2.36600000
2.07400000
2.43400000
2.09000000
2.41000000
2.07200000
2.37200000
2.13600000
2.31600000
2.03400000
3.30000000
2.35000000
2.15800000
1.88800000
2.23400000
1.97200000
2.29400000
2.04600000
2.25400000
2.06600000
2.22400000
2.04400000
3.54600000
2.11800000
2.20000000
2.02200000
2.27800000
1.95400000
2.16600000
1.90800000
2.16000000
1.98600000
2.20800000
1.96600000
2.21200000
3.26800000
2.23800000
1.99000000
2.27600000
2.02400000
2.28200000
1.97800000
2.21200000
2.01200000
3.18200000
1.89400000
2.11200000
3.20600000
2.13600000
1.93400000
2.19600000
1.99000000
2.31000000
2.02200000
2.22200000
2.01600000
2.19000000
2.01000000
2.28800000
3.26600000
2.22200000
1.95000000
2.22800000
1.97800000
2.19600000
1.96600000
2.20400000
2.05000000
2.28000000
2.03800000
2.24600000
3.34000000
2.26000000
2.01200000
2.26200000
2.02200000
2.26600000
2.01800000
5.01600000
4.51800000
2.93800000
2.54200000
3.61600000
2.92600000
2.67400000
2.24400000
2.58800000
2.18800000
2.52200000
2.14600000
2.54200000
2.22600000
2.54000000
2.20200000
2.53400000
3.53600000
2.65000000
2.31000000
2.61000000
2.22600000
2.48200000
2.13800000
2.43400000
2.16600000
2.44000000
2.12800000
2.38400000
3.41200000
2.38400000
2.06200000
2.32200000
2.01200000
2.28400000
1.97400000
2.21000000
2.00600000
2.23800000
1.99000000
3.60000000
42.89600000
57.97600000
52.31600000
38.57000000
65.18000000
53.65000000
21.67800000
6.65000000
6.96200000
3.92600000
4.36600000
3.81400000
6.13200000
3.17600000
39.68400000
60.81200000
53.17600000
17.30800000
2.80600000
3.27400000
4.00800000
3.22600000
4.64600000
2.97200000
11.07000000
70.86600000
55.21600000
37.15600000
3.88400000
5.27800000
3.90000000
4.10000000
5.18200000
3.51600000
3.50600000
5.03400000
3.38200000
11.67000000
3.35000000
3.58200000
2.93400000
3.26600000
2.98400000
3.28400000
4.64200000
3.00600000
3.52400000
4.20200000
3.13600000
3.84200000
5.16000000
2.27400000
1.86600000
2.14400000
1.87800000
2.16400000
1.91600000
2.21600000
39.13400000
59.98400000
52.19000000
14.19000000
2.51200000
3.93800000
2.80000000
4.46600000
2.63000000
2.55600000
2.76200000
2.80600000
3.55800000
2.79400000
2.34400000
3.71200000
66.52200000
53.16000000
37.91600000
25.23400000
65.58800000
53.49000000
19.35000000
4.58400000
2.35000000
4.15000000
2.56800000
2.82200000
5.35800000
57.93200000
54.01400000
49.03200000
4.73400000
2.60600000
2.40400000
2.95000000
2.60600000
6.87200000
2.55000000
3.74200000
2.96600000
2.92400000
41.28800000
63.56000000
55.11800000
14.95000000
3.32600000
8.72000000
5.86400000
4.53400000
5.03600000
5.60000000
5.41600000
3.89000000
3.53200000
4.31600000
3.66800000
4.21600000
4.81000000
3.16400000
4.14200000
2.33000000
3.28800000
2.26600000
1.92400000
2.26000000
1.97200000
2.46600000
2.01000000
2.30600000
2.10000000
2.35000000
2.01000000
2.26600000
3.21600000
2.16200000
1.91800000
2.19600000
1.95400000
2.16600000
1.98800000
2.20400000
2.01600000
2.18800000
1.93400000
2.20000000
1.91200000
6.59600000
2.55000000
3.22600000
2.51000000
2.76600000
2.33400000
2.80800000
4.80800000
5.43800000
3.42200000
3.26200000
2.41600000
2.68000000
2.26200000
2.61000000
2.10800000
2.46600000
2.10200000
2.41400000
2.12000000
2.43400000
2.11600000
2.50800000
2.21600000
3.76200000
2.13400000
2.37800000
2.09400000
2.44000000
2.13400000
2.36200000
2.07200000
2.35000000
2.00000000
2.25800000
2.34400000
3.48400000
2.07200000
2.18400000
1.85200000
2.21600000
5.47800000
3.05400000
2.65000000
2.86600000
2.38400000
3.93400000
2.18400000
2.45600000
2.03400000
2.36600000
1.95400000
2.34000000
2.00000000
2.35600000
2.09600000
2.37800000
2.02200000
3.68800000
2.10600000
2.32800000
2.01600000
2.26600000
1.97800000
2.22600000
2.00600000
2.29400000
1.95400000
2.16600000
1.93400000
2.21000000
3.26600000
2.17800000
1.94000000
2.16000000
1.92200000
2.17800000
1.93000000
2.16400000
1.99400000
2.24600000
1.85400000
3.43800000
2.08400000
2.19800000
1.83400000
2.09600000
1.87400000
2.14800000
1.95000000
2.18400000
2.00400000
2.22200000
1.97800000
3.59200000
1.98400000
5.66600000
2.56800000
2.93400000
2.54200000
2.75400000
2.34600000
2.61000000
2.28400000
2.53400000
2.09400000
2.44000000
3.42000000
2.45600000
2.18400000
2.58400000
2.13400000
2.49400000
2.15600000
2.43800000
2.15200000
2.36000000
1.99000000
2.27800000
2.04000000
3.61400000
2.07200000
2.37800000
2.06000000
2.23800000
2.10000000
2.11800000
1.95000000
2.06200000
3.15400000
2.06600000
1.82400000
2.07000000
1.84600000
2.09200000
1.83800000
2.10000000
1.95000000
2.15000000
2.03400000
2.20400000
1.89600000
2.14600000
3.19600000
2.17600000
1.90800000
2.18800000
7.58000000
2.89000000
2.48400000
2.72400000
2.33800000
2.57200000
2.17800000
3.79000000
2.14600000
2.36800000
1.96200000
2.31800000
2.00000000
2.33400000
2.06000000
2.33400000
2.07600000
2.30000000
2.05600000
3.57400000
1.97200000
2.17400000
1.95000000
2.17800000
1.95000000
2.21600000
2.04400000
2.08800000
1.92200000
2.15000000
1.84600000
2.09200000
1.86800000
3.34600000
1.87800000
2.15400000
2.00600000
2.26400000
1.97800000
2.18400000
3.50000000
2.22200000
1.94600000
3.51400000
1.99000000
2.22600000
1.94000000
2.23000000
1.97800000
2.25000000
2.00000000
2.21800000
2.58400000
2.17200000
1.96600000
2.36600000
1.94400000
3.45800000
1.94200000
24.91200000
64.25200000
52.26400000
19.45600000
2.87800000
6.03800000
3.12400000
4.34000000
2.98400000
4.24000000
2.56200000
2.61000000
3.05400000
2.76200000
4.16800000
1.84000000
2.11000000
1.98400000
2.17200000
1.95000000
2.18800000
1.93400000
3.54200000
9.54200000
70.01800000
52.10400000
29.06400000
2.61800000
3.91600000
2.86600000
4.66600000
3.98400000
2.52000000
2.91200000
2.91600000
2.77200000
5.03000000
1.81600000
2.16400000
1.83400000
2.11200000
1.96000000
2.13600000
2.02600000
6.14000000
2.51600000
4.66600000
2.37600000
4.28400000
2.53400000
6.11600000
2.91600000
2.38400000
2.06400000
2.39400000
2.03800000
58.33600000
52.78400000
51.78200000
27.96600000
52.08400000
16.52800000
3.38400000
4.53200000
2.86400000
2.58400000
3.19600000
2.73800000
6.31600000
2.83600000
4.70600000
2.75000000
3.09400000
2.51600000
2.75000000
2.37000000
2.80800000
9.35800000
2.97600000
42.94400000
57.25200000
55.48400000
10.90800000
2.72400000
59.86600000
53.63800000
49.39200000
2.54000000
2.80600000
2.73600000
2.98400000
6.05600000
3.10000000
5.38200000
3.13400000
4.50800000
2.75600000
2.33400000
3.07800000
2.84400000
4.58400000
1.86600000
2.09600000
1.89600000
2.08000000
2.75400000
2.50400000
1.82200000
2.01200000
1.80800000
2.05400000
1.86600000
2.08400000
1.94600000
2.11000000
1.89600000
2.12600000
3.55600000
2.48000000
2.03800000
2.16600000
1.95000000
2.20000000
2.83400000
2.37800000
2.10600000
2.01600000
1.85000000
2.13000000
3.16600000
2.18200000
1.80800000
2.09200000
1.90800000
2.15400000
1.91600000
2.13000000
1.96200000
2.18800000
1.97200000
3.48400000
1.90800000
2.14600000
1.94600000
2.20000000
1.90000000
2.23000000
1.97800000
2.26000000
2.06200000
2.28400000
2.05400000
2.24600000
3.18000000
2.09600000
7.71600000
2.98800000
2.55600000
2.69000000
2.28400000
2.42800000
2.10800000
2.29000000
1.95600000
3.51400000
1.94400000
2.27200000
2.05600000
2.23800000
1.92800000
2.21200000
1.90600000
2.14600000
2.03400000
2.22600000
2.02800000
2.27200000
3.28800000
2.23400000
2.06200000
2.32600000
2.02200000
2.21200000
2.00400000
2.27400000
2.09400000
2.28800000
2.07800000
2.32200000
3.37200000
2.24600000
2.01200000
2.29800000
2.13800000
2.09600000
1.87800000
2.10600000
1.94400000
2.10800000
1.92600000
2.13000000
3.20400000
2.12200000
1.90000000
2.15400000
2.78800000
2.05400000
1.80000000
2.06200000
1.98000000
2.15400000
1.91200000
3.48400000
1.92800000
2.14200000
2.01000000
2.21600000
47.06600000
60.74600000
52.14200000
12.93000000
3.16800000
4.46600000
3.24000000
4.98400000
3.99600000
3.06800000
2.77200000
3.16600000
4.10200000
2.32400000
2.00600000
2.30600000
2.09400000
2.36200000
44.39600000
56.25000000
56.33400000
9.37600000
3.20200000
4.72400000
3.36600000
5.28600000
2.80600000
2.98400000
3.05800000
3.23400000
2.87400000
3.99000000
3.38800000
2.52400000
2.15000000
2.50000000
2.24000000
2.49000000
2.19400000
2.46600000
2.13400000
2.41000000
3.34000000
2.35600000
2.11600000
2.38000000
2.07200000
2.31600000
1.92800000
2.19800000
1.99000000
2.22600000
3.46400000
2.21200000
1.88800000
3.41600000
1.92200000
2.13400000
1.90600000
2.90000000
66.90600000
52.79400000
37.71800000
2.82800000
3.21600000
3.72800000
2.62600000
4.68800000
3.70000000
2.90800000
2.70600000
2.91600000
5.08600000
5.06600000
2.66600000
3.86600000
66.26600000
52.61600000
40.45200000
4.64400000
3.67400000
3.94800000
4.04000000
9.63800000
3.29200000
3.35000000
2.72000000
3.49000000
2.99000000
3.27000000
4.30600000
3.73200000
42.46200000
56.48400000
52.34200000
8.79000000
4.20600000
25.65600000
65.59800000
52.58400000
21.13600000
3.46200000
5.42400000
3.48000000
4.75800000
3.13600000
2.72400000
3.57400000
3.13400000
4.71000000
2.40000000
2.62800000
2.37600000
2.72800000
2.37600000
2.87600000
3.60400000
2.57200000
2.26800000
2.59600000
2.30400000
2.70600000
2.40000000
2.68800000
2.42200000
2.70600000
2.39000000
2.67600000
3.63400000
7.61200000
2.67200000
3.02800000
2.62200000
3.48000000
2.96000000
3.23400000
2.74000000
3.16600000
4.68400000
3.29200000
2.88600000
3.24000000
5.05200000
3.79200000
2.71200000
3.08000000
2.59200000
2.75600000
11.99800000
3.08800000
5.13400000
2.98400000
4.37400000
2.71600000
2.32200000
2.57200000
2.19400000
2.40000000
1.97400000
2.31600000
2.10600000
2.41000000
3.32600000
2.36600000
2.06000000
2.25600000
1.94400000
2.22800000
2.00600000
2.21000000
1.98800000
2.23000000
1.97800000
2.17200000
2.00400000
2.20400000
3.22200000
2.21600000
2.00600000
2.21600000
1.94600000
2.15000000
1.92200000
2.17800000
1.96200000
2.22600000
1.98400000
2.16600000
2.30600000
3.43400000
1.89400000
2.14600000
1.93800000
2.14600000
1.88600000
2.18800000
1.94400000
2.15000000
5.58400000
3.12600000
4.06400000
3.16400000
2.72000000
2.98000000
2.52600000
2.84200000
2.42400000
2.82800000
2.33000000
2.65000000
2.36000000
2.61600000
2.43400000
3.65200000
2.16600000
2.48400000
2.11600000
2.38000000
2.11000000
2.35800000
2.02200000
3.45200000
3.15000000
3.30200000
4.22200000
3.34200000
3.11400000
3.31200000
3.09600000
3.13400000
3.08800000
3.32200000
3.14600000
4.21600000
1.85400000
8.15000000
9.66600000
4.10000000
3.66600000
6.08400000
3.68600000
4.05800000
3.63200000
3.83600000
3.49400000
3.49400000
3.34200000
3.64400000
3.23400000
6.24800000
2.07600000
3.55000000
2.67000000
2.88400000
2.69400000
5.80000000
3.44200000
3.89200000
6.37600000
3.47600000
3.34000000
3.78400000
3.06000000
4.46000000
2.12600000
2.49000000
2.16000000
3.68600000
2.30600000
2.71600000
46.01600000
78.81000000
42.74200000
11.05000000
4.10200000
5.22400000
4.07600000
6.42800000
3.34200000
4.66200000
7.40000000
5.81600000
9.17000000
8.63400000
2.63400000
3.03400000
2.61200000
3.02200000
4.81600000
3.32600000
2.89200000
3.47400000
2.89200000
3.30000000
2.85000000
4.40800000
2.59200000
2.97600000
2.56800000
3.00800000
2.64600000
3.17200000
2.73400000
3.10800000
2.74400000
3.09800000
2.71600000
4.33600000
48.67600000
76.50000000
38.44600000
3.77400000
4.33400000
3.91800000
5.40800000
3.81800000
3.15000000
3.70200000
3.46000000
3.87400000
6.48400000
3.06200000
2.65600000
3.03400000
2.64400000
3.05600000
5.31000000
3.01800000
2.74200000
3.01600000
2.59200000
2.97600000
44.63000000
79.72400000
41.58400000
3.80000000
4.36600000
3.88400000
5.40000000
3.74400000
4.56600000
3.51600000
3.14400000
3.60000000
3.21600000
5.84400000
2.59200000
3.02600000
2.58600000
2.99600000
2.56600000
31.93800000
82.89000000
45.17400000
3.95200000
6.13800000
3.51600000
3.74200000
5.37800000
3.40000000
3.18800000
3.66600000
3.23400000
4.88200000
2.59200000
2.95800000
3.87000000
3.11400000
2.69200000
3.05000000
2.64200000
3.04200000
2.67000000
3.12200000
2.63400000
3.07600000
2.72200000
3.09600000
2.73600000
4.47800000
2.80000000
3.18400000
43.10000000
79.08400000
42.14200000
3.89000000
4.46600000
4.00800000
3.50800000
5.85000000
3.05200000
3.62600000
7.34400000
5.56200000
5.72600000
3.54200000
2.90000000
9.86600000
4.34200000
5.58400000
4.46000000
6.75800000
4.34200000
4.15000000
5.14200000
4.55800000
3.96600000
5.53200000
2.90200000
3.35000000
2.92600000
3.30800000
2.95000000
3.44200000
2.93400000
4.70000000
3.01600000
3.39400000
3.11800000
16.60000000
2.97600000
3.35800000
2.95000000
3.44200000
3.05000000
3.40800000
13.73400000
91.00200000
56.19400000
12.76600000
4.60600000
8.76600000
3.50200000
6.10000000
3.25000000
3.84600000
3.74200000
3.98400000
4.68400000
3.21000000
4.02400000
3.25200000
2.77800000
3.20600000
2.75200000
3.16800000
2.78400000
3.19000000
2.73400000
3.11600000
2.70000000
4.51400000
2.67600000
3.13400000
2.65800000
3.09200000
2.68800000
3.14000000
2.76000000
3.18400000
2.76600000
3.17000000
2.91600000
6.73400000
2.74200000
6.16600000
2.95000000
3.33400000
2.78400000
3.26600000
2.77400000
3.24200000
2.79400000
3.19200000
4.62400000
3.16600000
3.12400000
3.12400000
2.69200000
3.15800000
2.69400000
3.12600000
5.05800000
3.07600000
2.70800000
3.12400000
2.72800000
3.13400000
3.99400000
3.08400000
2.65000000
3.07800000
2.71000000
3.10000000
5.33200000
3.14200000
2.73400000
3.14200000
2.73800000
3.13000000
3.85800000
2.77000000
2.34400000
2.59400000
2.20800000
2.51600000
2.10000000
2.46000000
2.13000000
2.53600000
2.09400000
2.42600000
3.31600000
2.38400000
2.04000000
2.44400000
2.11600000
2.41800000
2.08000000
2.41200000
2.09600000
2.42000000
3.36600000
2.39000000
4.94000000
5.76600000
2.66600000
3.01400000
2.54800000
2.75000000
2.35400000
2.60000000
2.26200000
2.45600000
2.09800000
2.37600000
2.42600000
3.25200000
