91.95800000
94.79800000
92.20800000
93.72200000
93.04200000
92.95800000
95.70800000
95.25000000
94.45800000
92.75000000
94.20800000
92.75000000
94.37600000
92.79200000
91.66600000
87.54200000
90.75000000
91.65000000
90.06200000
93.41600000
89.90400000
90.54200000
90.62800000
91.16600000
90.50000000
89.16600000
90.29200000
90.20800000
93.62600000
93.62400000
93.75600000
93.54200000
92.04200000
90.93800000
91.37600000
92.66600000
94.42000000
95.58400000
90.62000000
93.47800000
94.12600000
93.33800000
93.45800000
92.16600000
91.58400000
94.33000000
95.08400000
93.95800000
94.71400000
92.23200000
95.20000000
92.45800000
94.44400000
86.73600000
93.07200000
95.87600000
93.99400000
94.10400000
93.75000000
90.85200000
89.58400000
94.54200000
91.97400000
93.00000000
92.26200000
93.25000000
93.62400000
93.43600000
92.77400000
91.62400000
93.04200000
91.54200000
93.74800000
93.04200000
92.80000000
90.11000000
94.64400000
90.54200000
93.29200000
91.14000000
91.12600000
91.50000000
95.04200000
95.71200000
91.50600000
94.96250000
91.84800000
92.41600000
95.12600000
93.58400000
93.83400000
94.70800000
94.50000000
93.45200000
88.08600000
91.08000000
89.58400000
91.23800000
91.93200000
89.45800000
87.75000000
92.66600000
94.50000000
92.16200000
92.64800000
94.35200000
92.91600000
90.87400000
92.33400000
93.75000000
93.77000000
93.48000000
94.22000000
94.01400000
94.66600000
94.51600000
96.75000000
93.83400000
91.66600000
90.80000000
96.04200000
85.42200000
91.73000000
90.61000000
90.25000000
90.03400000
89.33200000
91.76600000
94.08400000
91.65250000
93.75000000
93.71800000
94.11200000
93.46600000
95.41600000
94.50000000
96.67400000
93.21200000
91.16600000
93.67800000
93.55000000
93.37400000
95.55400000
94.29200000
90.16400000
88.75000000
92.45800000
96.21000000
91.64600000
94.79200000
92.53400000
89.08400000
91.75000000
92.75000000
89.56800000
90.65800000
88.02400000
91.54200000
94.25000000
94.12400000
91.70800000
92.58400000
92.63800000
93.79400000
96.51400000
95.20200000
96.18800000
89.30000000
90.74600000
88.25000000
88.83400000
89.83400000
93.50000000
95.50000000
89.54200000
89.05200000
87.45400000
86.87600000
86.95800000
89.92800000
90.50000000
90.12400000
90.58000000
92.00000000
88.70800000
89.96200000
92.50200000
94.00000000
94.80400000
89.54200000
94.00000000
94.29200000
93.91600000
91.45800000
92.14000000
93.20800000
96.29200000
90.66600000
89.45800000
95.29200000
95.62600000
93.00000000
93.75000000
95.29200000
95.20800000
95.54200000
93.00000000
92.23600000
94.25000000
92.28200000
94.71400000
94.12600000
96.25000000
93.83400000
94.46000000
95.54200000
98.04200000
95.76600000
93.45800000
92.85800000
95.58400000
93.12800000
91.88800000
92.98400000
94.32600000
95.87600000
93.58400000
95.15800000
95.41600000
93.16600000
96.25000000
93.37600000
93.08400000
93.14600000
95.59600000
94.33600000
91.45800000
93.29200000
95.12600000
92.97600000
94.32600000
89.53800000
92.12800000
94.14400000
89.48800000
90.31400000
95.00000000
93.20800000
94.04200000
92.62600000
95.39800000
93.52800000
93.50000000
95.63000000
93.29200000
95.29200000
95.01000000
92.38400000
93.75000000
96.12400000
93.42000000
91.85400000
90.50000000
92.66600000
93.95600000
91.79200000
95.00000000
95.62600000
95.08400000
94.83400000
95.56600000
94.45400000
95.00000000
93.33400000
94.10800000
93.59600000
92.92200000
92.41400000
92.47800000
92.22000000
93.87600000
95.58000000
95.16600000
94.50000000
95.04800000
93.42400000
93.01000000
93.77400000
95.70400000
95.21600000
93.57200000
92.05600000
93.90400000
95.79200000
93.37400000
91.66600000
95.70800000
93.04200000
96.00000000
95.10800000
93.77800000
91.71600000
91.66600000
95.75000000
97.04200000
93.62400000
93.40000000
89.75400000
94.33400000
96.52200000
93.51600000
95.25000000
95.91400000
97.08400000
94.91800000
93.76600000
96.05600000
96.37600000
96.16600000
94.16600000
96.49600000
95.04200000
95.58400000
96.72600000
96.05600000
95.17200000
93.87600000
95.95800000
95.70800000
94.00800000
92.08400000
96.93200000
92.79000000
94.00600000
94.87400000
93.12600000
95.83400000
93.62400000
95.55400000
95.75800000
95.40200000
93.91600000
98.04200000
93.29000000
92.79200000
97.37400000
97.37400000
96.38600000
95.58400000
96.61800000
94.50000000
93.79200000
96.08400000
97.58400000
97.21600000
92.91600000
97.04200000
97.16600000
94.85200000
92.62600000
96.91600000
95.41600000
92.77000000
93.62600000
95.70800000
94.52800000
93.56200000
94.10200000
93.98600000
94.58400000
92.22400000
92.95800000
93.04200000
88.54200000
92.04200000
94.54200000
95.95800000
96.87600000
94.70800000
94.00000000
93.95800000
95.34200000
91.30400000
92.35200000
90.41000000
92.47600000
94.71600000
94.54200000
93.04200000
91.29200000
95.60400000
96.78200000
96.45800000
94.91600000
92.91600000
92.41600000
96.42800000
95.37400000
93.10600000
91.39000000
93.37400000
92.74400000
96.12000000
95.54200000
96.40000000
94.24600000
93.13000000
92.40400000
96.16600000
93.59400000
89.41600000
94.08400000
94.52400000
94.49200000
93.58400000
92.95800000
92.75000000
93.41600000
94.75000000
93.67200000
93.37400000
95.12200000
92.66600000
95.66600000
96.83400000
94.25600000
93.39400000
94.12600000
96.17200000
93.70000000
93.06400000
96.00000000
95.43600000
95.98000000
94.53400000
87.50000000
91.20800000
93.39200000
91.52400000
93.83200000
90.66800000
92.25000000
93.99600000
91.50000000
92.81600000
91.14800000
89.06200000
91.10000000
93.00000000
87.83400000
90.58400000
92.62400000
89.29200000
91.41600000
91.62400000
88.50000000
91.50000000
93.12600000
91.53600000
92.89200000
89.35000000
88.58400000
89.52800000
89.04200000
92.55000000
90.71200000
92.20800000
93.08400000
90.82000000
88.54200000
89.75000000
96.70800000
93.75000000
92.45800000
94.53400000
95.45400000
92.08400000
92.58400000
90.12400000
88.48200000
89.37600000
90.62600000
86.06400000
89.01200000
87.65600000
91.63400000
87.08000000
88.95800000
90.08400000
92.12600000
93.62400000
88.41600000
90.75000000
90.10400000
90.50000000
88.91600000
88.66600000
90.39400000
92.66600000
92.75000000
90.33400000
92.25000000
97.08400000
93.01200000
94.21200000
95.61200000
95.83400000
96.08400000
93.75400000
95.04200000
95.75000000
95.83400000
96.29200000
95.91800000
95.33400000
93.29200000
95.37600000
95.62600000
96.67400000
92.43000000
93.54200000
94.95800000
96.41600000
96.81800000
94.07400000
94.98000000
97.25000000
94.96000000
96.70800000
95.37400000
94.37600000
93.08600000
93.45800000
94.95800000
95.71800000
95.14200000
95.49400000
93.79200000
95.37600000
92.14400000
93.46600000
94.64200000
93.89400000
93.54200000
94.20800000
91.16600000
90.12600000
95.61800000
91.71000000
94.01400000
93.95800000
90.75000000
93.70800000
89.78400000
92.87400000
91.18400000
94.91600000
89.66600000
90.45800000
90.08400000
91.04800000
90.79200000
90.62600000
88.70800000
92.33000000
91.29200000
93.41600000
90.50000000
89.87400000
91.12400000
91.58400000
94.70800000
91.50000000
91.44600000
90.70800000
93.32800000
90.86400000
96.83600000
94.40200000
95.47000000
94.41600000
96.17600000
95.79200000
92.20000000
95.96200000
96.79800000
91.95200000
91.14800000
96.45800000
95.04200000
95.45800000
95.16200000
92.08400000
96.97000000
97.04200000
94.25000000
97.04200000
94.91600000
95.12600000
95.21000000
96.66600000
95.63000000
95.18800000
94.41600000
95.78000000
96.95800000
94.07600000
96.33400000
96.07400000
95.70800000
95.30000000
92.12600000
94.57600000
94.67400000
94.08400000
94.83400000
97.12600000
97.79200000
97.45800000
96.20800000
96.91600000
96.79200000
95.21200000
97.42000000
95.09400000
95.30600000
96.24600000
94.57600000
94.50000000
95.91600000
96.25000000
96.37600000
95.61400000
93.96800000
96.88000000
96.13200000
96.16600000
95.84600000
95.54800000
94.00000000
93.58400000
97.67600000
95.75000000
95.41600000
92.62600000
97.62600000
95.16600000
93.29200000
92.05200000
92.39200000
93.24800000
90.45800000
93.02200000
93.08400000
93.33400000
94.20800000
89.66600000
94.70800000
92.77200000
94.77400000
96.50000000
95.04200000
92.58400000
93.33000000
96.04200000
93.50000000
95.70800000
95.12600000
96.00000000
93.91600000
94.70800000
95.33400000
97.17000000
95.60400000
95.64400000
93.23800000
95.72000000
95.70800000
96.41600000
95.70800000
95.58400000
96.72600000
96.71400000
95.23200000
94.42600000
93.62600000
95.95800000
94.66600000
93.59600000
93.33400000
94.29200000
95.20800000
96.41600000
94.17200000
94.87000000
93.50000000
91.45800000
91.29200000
92.91600000
95.33400000
94.20800000
96.29200000
94.41600000
92.97400000
94.25000000
97.70800000
95.09600000
95.40600000
94.57200000
95.49400000
94.20800000
94.12400000
95.04600000
96.58400000
94.43200000
96.43000000
97.04200000
96.31200000
95.29200000
94.04200000
96.78000000
95.66600000
95.00000000
94.67200000
95.75000000
96.83400000
95.87600000
95.83400000
95.95800000
93.03000000
93.04200000
96.16600000
96.00000000
96.33400000
95.12600000
94.25000000
93.33400000
95.12400000
95.62600000
95.54200000
96.12600000
92.71800000
96.29200000
94.91600000
96.41600000
92.16600000
93.66600000
95.29200000
95.25000000
94.33400000
93.12600000
96.87600000
94.45800000
93.95800000
96.37600000
92.76600000
95.49000000
92.45200000
92.12600000
95.06200000
95.06400000
92.75000000
94.85400000
96.81200000
93.45600000
94.49600000
94.63800000
94.87400000
94.87600000
93.08400000
94.66600000
94.86800000
95.12600000
91.54200000
88.97200000
91.78800000
93.12600000
93.95600000
94.33400000
93.23800000
94.04200000
97.25000000
93.87600000
97.38200000
96.66400000
97.00400000
96.87600000
95.04200000
95.45800000
96.79200000
93.04200000
96.64200000
95.43600000
95.31200000
94.50000000
94.78200000
94.65000000
89.28400000
90.51000000
91.33400000
95.16600000
94.29200000
93.83400000
95.54200000
94.79400000
95.01800000
94.87600000
96.08400000
95.04200000
93.58400000
95.66800000
95.66600000
95.04200000
95.70200000
94.91200000
94.51200000
94.54200000
93.20400000
96.50600000
93.88000000
95.70200000
93.66600000
91.83400000
95.57200000
94.33400000
95.54200000
96.08400000
95.33400000
94.37600000
92.24800000
95.62600000
93.62400000
92.38000000
92.37400000
95.70800000
94.58600000
92.58600000
91.45800000
95.29200000
96.00000000
96.70800000
91.70800000
93.77200000
96.73400000
94.41600000
94.00000000
95.54000000
95.16600000
95.58000000
96.41800000
92.85600000
94.60400000
91.87600000
92.70800000
94.41600000
92.40200000
96.62400000
96.58400000
94.66600000
96.04200000
93.97200000
99.11800000
95.04200000
95.31800000
96.12600000
94.34000000
95.85000000
94.04200000
94.00000000
93.54200000
96.66600000
97.29200000
95.75000000
96.41600000
95.52800000
96.13600000
95.14800000
93.51800000
94.45800000
96.04200000
95.87400000
95.59800000
96.04200000
95.75000000
93.16600000
97.17600000
93.87400000
93.66600000
96.39000000
94.12400000
93.73600000
95.70800000
96.16600000
95.70800000
95.66600000
96.20800000
95.16600000
96.64200000
96.66600000
93.62400000
94.50000000
95.39600000
92.77400000
94.95800000
94.91600000
94.33400000
95.94000000
92.35600000
96.75000000
95.54200000
95.12600000
95.21000000
93.88800000
93.01200000
95.29200000
94.00000000
95.04200000
94.12400000
89.91600000
94.13800000
95.08400000
94.81600000
95.81400000
93.79400000
92.14200000
92.34800000
96.01000000
94.70800000
94.75000000
93.83400000
97.04200000
94.87400000
93.65000000
93.94000000
95.46600000
96.53800000
94.54200000
92.19200000
95.37200000
94.58400000
97.03600000
93.08400000
94.40000000
92.40200000
94.82000000
92.35400000
91.81400000
87.95800000
93.20600000
94.90200000
88.83400000
90.66600000
90.58400000
92.37400000
93.50000000
92.37600000
85.81800000
91.72000000
89.25000000
91.16600000
90.50000000
90.91600000
90.58400000
93.29200000
93.87600000
92.12600000
90.29200000
91.63600000
91.21000000
93.15600000
90.08400000
88.41600000
90.04200000
90.12600000
88.58400000
90.62600000
89.83400000
92.33400000
88.08400000
94.96400000
94.41600000
89.66600000
90.08400000
87.29200000
93.83400000
92.00000000
91.11000000
88.07000000
90.54200000
93.83400000
92.54200000
90.12600000
90.70800000
91.08400000
91.70800000
92.12400000
90.95800000
90.62600000
90.50000000
92.75000000
93.44000000
95.26200000
92.20800000
93.33800000
94.29200000
94.83600000
94.62400000
93.16600000
96.37600000
93.82400000
95.54200000
94.58400000
93.24000000
93.09400000
94.45800000
92.41600000
92.97000000
98.07800000
94.17200000
93.00600000
93.95600000
95.12600000
93.36000000
91.70800000
94.54200000
93.11000000
93.91600000
93.79200000
94.82000000
95.65400000
94.47000000
93.77200000
95.45800000
94.41600000
94.29800000
91.84200000
94.79800000
96.28000000
95.04200000
95.25000000
96.37600000
95.20800000
93.47800000
94.58600000
93.62200000
93.83400000
94.83400000
93.65200000
93.76200000
92.76200000
94.58400000
92.79200000
94.08400000
92.76600000
94.91600000
93.80000000
93.12400000
93.20800000
94.62400000
97.16600000
96.20800000
93.56200000
93.34000000
94.19200000
95.04200000
93.83400000
95.37400000
95.87200000
97.16600000
93.82200000
94.99200000
93.54200000
96.48000000
94.54200000
94.46200000
94.82800000
94.95800000
95.83400000
96.62600000
95.33400000
94.58400000
92.63000000
97.55800000
96.29400000
94.91600000
94.45800000
93.93600000
95.12600000
95.50000000
94.69200000
95.08600000
94.54200000
95.62600000
94.08400000
97.58400000
94.30800000
93.92000000
94.13400000
93.67200000
95.27800000
95.10200000
93.91600000
94.60600000
94.16800000
95.75000000
94.67800000
95.16600000
95.18000000
94.37600000
92.95800000
95.08400000
95.12600000
93.96000000
93.58400000
94.15600000
93.99000000
93.27400000
94.16200000
94.00000000
95.00000000
96.58400000
92.75000000
94.45800000
97.29000000
93.75000000
94.66600000
95.08200000
93.71400000
93.89400000
93.96600000
96.23800000
94.00600000
94.99600000
96.00000000
93.41600000
94.19000000
97.69400000
95.83400000
92.50200000
94.86200000
95.62800000
95.15000000
93.75000000
94.16600000
94.37400000
96.50800000
94.92400000
95.58400000
93.05400000
93.66600000
93.12600000
92.95800000
91.54200000
92.00400000
95.16600000
93.66600000
92.80400000
93.75000000
94.59600000
95.20800000
93.91600000
93.33400000
93.70800000
93.29200000
93.16200000
96.00400000
95.85800000
93.70800000
94.92800000
95.56600000
95.37400000
96.39600000
97.08400000
95.04200000
94.58400000
97.37400000
96.12400000
93.70800000
94.50000000
95.32000000
94.29200000
94.75800000
93.70800000
94.50000000
94.79200000
92.54200000
93.97000000
96.62600000
96.79200000
92.27400000
93.66600000
96.83400000
94.82800000
96.91400000
92.91600000
93.29200000
95.76800000
95.64600000
94.14800000
93.64800000
96.09800000
94.79200000
93.91600000
93.29200000
94.33400000
95.28200000
94.87400000
95.83400000
94.79200000
95.62600000
96.66600000
96.00000000
95.70800000
94.46800000
94.20800000
94.29200000
97.77000000
97.24800000
96.87200000
92.90800000
94.38600000
95.82200000
93.70800000
93.73200000
93.97800000
95.37600000
93.12800000
94.16600000
97.24800000
94.62600000
97.26000000
95.37600000
94.54200000
97.87400000
93.45600000
94.50000000
96.70800000
94.30400000
93.93200000
93.16800000
96.42400000
95.60000000
95.08400000
96.13600000
95.41600000
93.42400000
94.63600000
95.08400000
94.95800000
94.29200000
94.70800000
96.46800000
95.95800000
94.41600000
93.25000000
94.41600000
94.62600000
94.85000000
92.29400000
95.50000000
94.04200000
93.50800000
92.77000000
92.63000000
94.86200000
93.66600000
94.53400000
94.25000000
96.12400000
93.33400000
96.53000000
91.95800000
93.70800000
95.95800000
94.50000000
95.70800000
93.16600000
91.45800000
96.32800000
94.18400000
96.18200000
91.90000000
92.54200000
94.22000000
94.41600000
98.21200000
94.54600000
93.33400000
93.88000000
92.86800000
95.30600000
93.87600000
94.71200000
93.87600000
95.87600000
96.70800000
95.33400000
93.57600000
94.29200000
94.25000000
93.26000000
94.07200000
94.00000000
94.33400000
94.66200000
96.96600000
93.62600000
93.87400000
95.50000000
94.87400000
95.41600000
93.75000000
93.12600000
94.00000000
91.70800000
92.46800000
96.37600000
93.12000000
90.60600000
94.95800000
94.91600000
98.20800000
94.50400000
93.12600000
95.54200000
94.16600000
94.25000000
95.29200000
96.91600000
93.50000000
96.25000000
96.00000000
94.38400000
96.08400000
94.38400000
95.04200000
95.43600000
96.25000000
96.41600000
96.87600000
94.00000000
93.47000000
95.22400000
94.08400000
93.79200000
95.50000000
93.79200000
92.47400000
93.83400000
92.37200000
94.95800000
94.54200000
93.20800000
94.48200000
93.19200000
93.64200000
92.96400000
94.81400000
95.17800000
94.50000000
95.58200000
96.20400000
95.83400000
93.20800000
93.00200000
92.95800000
96.27200000
95.40400000
93.79200000
95.04200000
96.33400000
97.87400000
95.75000000
93.52200000
93.19800000
95.20800000
92.50000000
93.24800000
93.58400000
94.36400000
93.36200000
94.21600000
93.96000000
94.57000000
93.44600000
93.27000000
93.23200000
95.50000000
94.37400000
93.11600000
93.40200000
92.44000000
93.75200000
91.79200000
95.00000000
94.16600000
94.20800000
92.75000000
94.50000000
92.86400000
95.91600000
90.27600000
93.22000000
97.04200000
95.40000000
92.54200000
93.12200000
94.59200000
93.88200000
94.00000000
93.08400000
95.29200000
98.46600000
94.99600000
95.63200000
96.78200000
95.57800000
92.87000000
96.20800000
91.79200000
95.16600000
95.58400000
94.87400000
95.87600000
96.33400000
92.91600000
95.54200000
94.41600000
92.83400000
93.95800000
93.26600000
95.25000000
95.14200000
94.30600000
95.79200000
94.91600000
93.19800000
94.37600000
95.46000000
95.95600000
95.68200000
93.21800000
94.58400000
96.58400000
96.45800000
93.79200000
93.08400000
93.79200000
94.75000000
91.94200000
94.33400000
92.92000000
93.95800000
91.47800000
94.70800000
93.62800000
91.75000000
93.83400000
94.39400000
92.83400000
95.85200000
94.40600000
93.58400000
92.25000000
96.76400000
96.77200000
93.58400000
93.50000000
93.79200000
95.96400000
93.81000000
95.55600000
92.96600000
93.85800000
95.35400000
92.40800000
93.08400000
95.12400000
97.04200000
93.76200000
94.45800000
95.79200000
93.79200000
95.81200000
94.12600000
93.75000000
90.25000000
97.70800000
95.21800000
95.48000000
92.91600000
94.87400000
93.37600000
92.08400000
95.45600000
95.54200000
93.75000000
92.32800000
95.04200000
95.74600000
94.92200000
94.53200000
96.33600000
93.58400000
94.17600000
94.25000000
96.51200000
92.70800000
94.66600000
92.45800000
95.03400000
93.50000000
92.34600000
91.45400000
92.00000000
92.00000000
93.69800000
94.20800000
93.82400000
88.37600000
94.00000000
91.16600000
91.51400000
90.02800000
88.97400000
95.29800000
93.72600000
91.54200000
92.41600000
95.47000000
97.54200000
92.55200000
93.41600000
89.87000000
92.41000000
91.73000000
93.62400000
93.13400000
92.33400000
94.37600000
94.07800000
93.04200000
93.95800000
94.12400000
91.45800000
93.37600000
94.25000000
95.83400000
94.56400000
93.25000000
94.34800000
97.18800000
95.11400000
95.95800000
95.70800000
91.83000000
93.58400000
93.16600000
92.70800000
93.04200000
95.08400000
97.04200000
93.95800000
94.12400000
92.41600000
95.16600000
93.08400000
95.43000000
93.90400000
94.05400000
93.33400000
93.05800000
93.92000000
94.20800000
95.80600000
90.75000000
93.58400000
93.33400000
94.29200000
95.27200000
93.95800000
90.75000000
95.44600000
93.73200000
91.16200000
92.19000000
93.87000000
92.91800000
93.20800000
92.79200000
96.75000000
93.37400000
94.35800000
93.27000000
93.54000000
93.02400000
95.16600000
95.04000000
93.90400000
93.83400000
94.40600000
94.37600000
95.33400000
95.08400000
89.95800000
91.10000000
93.82200000
93.60800000
90.50400000
88.38400000
91.12400000
93.54200000
86.72800000
91.44000000
93.17200000
92.63400000
95.80400000
92.91600000
89.94800000
92.83400000
91.66600000
92.00000000
89.92000000
94.02400000
91.87600000
92.04200000
76.87400000
86.12400000
84.62600000
82.37400000
85.52800000
90.23000000
90.45800000
90.58400000
91.62600000
90.00000000
93.40400000
95.76600000
93.76800000
89.29200000
54.95800000
54.77750000
90.03200000
93.18000000
88.17800000
87.99800000
87.98600000
87.54200000
89.08400000
89.87600000
87.04400000
88.00000000
88.49800000
89.32200000
88.16600000
92.91600000
87.62600000
89.07200000
85.23800000
89.75600000
87.66600000
89.62600000
90.29200000
87.74600000
85.45800000
88.00000000
88.95800000
92.60600000
76.98200000
92.26200000
86.55200000
88.04200000
88.33400000
90.69600000
87.89400000
93.85000000
91.34800000
91.62600000
89.08400000
90.98200000
90.98200000
92.18800000
90.25000000
93.16600000
93.75000000
89.58400000
91.70800000
89.12000000
91.61800000
91.26600000
94.08400000
94.50000000
93.70800000
92.70800000
93.66200000
91.65200000
93.75200000
91.07600000
92.50800000
93.64000000
93.58400000
92.12400000
90.16600000
94.48400000
92.14800000
93.48600000
94.56000000
91.45800000
91.00000000
91.87600000
90.04200000
93.62600000
93.66600000
95.16600000
92.59000000
94.04200000
87.70800000
92.78200000
91.51400000
88.83400000
90.96400000
91.08400000
90.15800000
88.95800000
91.89600000
92.91600000
91.34800000
92.75000000
93.70400000
93.29200000
93.91600000
92.12600000
93.08400000
93.45400000
91.29200000
94.25000000
91.54200000
93.29200000
92.63000000
94.39200000
90.29200000
94.29200000
93.57000000
91.87600000
91.37600000
92.65800000
90.66600000
92.50000000
92.04200000
92.50000000
93.20800000
95.34000000
93.96200000
93.55800000
90.08200000
90.34400000
92.50600000
90.89400000
91.41600000
90.37400000
92.16600000
91.63200000
92.41600000
98.29200000
92.12400000
91.41600000
91.45800000
58.46200000
24.43200000
24.62400000
23.99400000
24.29200000
25.20800000
24.54200000
18.72250000
35.93200000
24.63800000
23.59000000
24.60800000
24.20400000
24.29400000
24.82000000
24.58400000
24.58400000
25.37600000
25.12400000
24.95200000
36.46200000
24.65200000
25.04800000
25.32000000
25.16600000
24.79200000
25.33400000
24.87600000
24.70800000
25.75000000
25.50000000
25.41600000
36.33400000
25.33400000
25.10800000
25.32000000
25.40200000
24.66600000
25.20800000
25.12200000
25.25000000
25.54200000
25.58400000
25.33400000
36.67000000
25.10800000
24.97600000
25.27400000
24.84200000
24.54200000
25.00000000
24.91600000
24.51600000
25.25000000
25.20400000
24.80000000
36.00000000
25.29200000
25.16600000
25.37600000
24.87400000
24.54200000
25.04200000
24.66600000
24.79200000
25.45000000
25.21400000
24.91600000
36.16600000
24.95800000
24.66600000
24.62400000
25.12600000
25.12600000
24.91600000
25.25000000
24.83400000
25.66600000
25.36400000
24.79200000
36.62600000
24.48400000
24.94000000
24.72600000
26.45800000
24.91600000
25.27200000
25.16600000
24.75000000
25.33400000
25.62600000
25.08200000
35.87600000
24.91600000
24.99200000
25.48400000
25.08400000
24.79200000
25.08400000
25.37400000
24.75000000
25.41600000
25.33400000
25.04200000
35.85400000
24.62600000
25.11000000
24.97000000
24.94000000
24.66600000
24.70800000
25.12600000
25.25000000
25.41600000
25.69200000
26.04250000
36.38600000
24.72600000
24.70600000
24.76000000
23.75600000
24.33400000
24.41600000
24.91600000
24.29200000
25.02600000
24.33400000
24.28400000
36.16600000
24.08200000
85.26600000
94.83400000
92.16200000
94.40000000
94.33400000
93.88200000
91.75000000
92.20800000
93.37400000
88.62600000
90.87400000
91.25000000
92.37400000
85.95800000
86.75000000
85.58400000
84.95800000
85.25000000
87.25000000
87.13200000
94.10000000
89.20800000
93.58400000
92.29200000
89.19600000
90.25000000
90.95200000
91.40000000
93.18200000
89.51200000
88.64800000
88.87800000
87.00600000
93.53200000
93.07200000
80.63000000
91.72200000
92.19400000
90.94000000
89.66600000
94.29200000
92.62600000
93.37600000
91.87200000
90.48200000
92.91000000
92.12400000
91.20800000
91.29200000
92.90200000
93.04200000
90.50000000
91.03600000
89.20800000
89.37600000
89.98200000
90.04200000
88.50000000
90.17600000
87.39600000
84.58400000
92.16600000
92.50000000
89.87400000
89.41600000
91.51000000
93.50000000
91.87600000
92.67600000
89.04400000
94.20800000
91.70200000
90.55600000
85.61200000
89.02000000
84.78000000
87.80600000
89.87400000
87.79200000
90.66600000
88.67400000
87.12400000
88.95800000
90.37400000
90.91600000
87.75000000
90.79200000
82.00000000
92.80600000
85.82800000
90.63200000
92.44000000
87.62600000
87.75000000
95.22400000
91.18200000
89.52600000
84.68600000
89.01800000
83.66400000
93.13400000
90.25000000
86.58400000
87.79200000
85.29200000
88.95200000
89.54200000
93.08400000
88.95800000
92.54200000
88.45800000
87.16600000
86.87600000
86.16600000
88.37600000
85.25200000
88.84600000
90.41600000
95.00000000
90.75000000
91.62600000
88.79200000
85.75000000
88.96800000
86.79200000
85.58400000
88.62400000
87.91600000
89.28400000
87.52800000
93.79600000
91.76600000
83.63000000
93.13200000
86.45600000
83.58400000
92.26800000
87.95800000
86.25000000
88.27400000
87.42000000
86.54200000
88.12600000
92.95800000
92.17200000
91.16600000
92.41600000
87.56400000
91.34200000
83.62600000
86.12400000
89.74200000
87.29200000
85.79000000
88.78600000
94.08000000
91.49200000
84.56000000
88.83600000
89.12400000
85.68600000
85.58400000
84.96000000
86.94000000
86.70800000
86.62600000
88.43400000
88.08000000
88.75600000
90.16600000
88.00000000
90.70800000
88.70800000
84.79200000
87.37400000
85.20800000
88.29200000
88.20800000
95.41600000
92.50000000
91.91600000
88.10600000
87.69800000
86.56200000
87.11200000
87.25600000
85.91600000
93.63800000
89.58000000
88.05000000
86.06800000
93.22400000
93.41600000
89.25000000
85.39200000
88.45800000
90.25000000
86.63600000
87.16800000
82.29200000
88.82400000
89.16200000
91.45000000
88.51400000
85.10400000
89.17200000
92.48400000
88.25000000
85.87600000
88.24600000
87.24400000
88.73800000
90.46600000
91.37000000
93.04200000
92.72400000
88.83400000
87.19800000
86.50000000
86.75000000
84.20800000
85.00000000
87.83800000
90.83400000
86.37400000
87.12600000
88.20800000
88.39000000
90.44400000
88.80800000
89.50000000
90.12600000
91.25000000
87.70800000
89.58400000
86.32400000
88.62600000
86.28000000
90.54200000
87.87400000
85.87400000
91.81800000
91.54200000
92.47200000
86.72400000
90.04400000
91.66600000
85.25000000
87.02800000
89.70800000
89.66600000
89.70800000
89.73400000
89.75000000
87.71200000
88.25000000
91.16600000
88.08400000
89.83400000
85.54200000
88.20800000
91.25000000
90.41600000
89.83400000
89.58600000
88.95800000
90.62600000
90.63400000
88.79000000
88.04200000
86.66600000
83.79200000
86.54200000
89.82800000
87.62200000
89.16600000
90.00000000
88.37400000
92.33400000
93.20800000
88.00000000
87.01200000
89.00000000
86.62600000
87.58400000
84.29200000
90.91600000
89.45800000
91.50000000
91.89200000
89.59800000
91.79200000
86.08400000
83.33200000
87.45800000
85.75000000
89.70800000
87.41600000
95.34600000
92.42600000
88.41600000
87.33400000
87.01800000
90.67200000
88.33000000
86.75000000
86.12400000
92.91600000
93.18200000
95.00000000
95.58400000
93.83400000
93.37400000
93.04200000
91.79200000
87.62600000
91.75000000
85.69000000
89.26000000
86.16400000
89.33400000
91.84000000
94.00000000
91.25000000
93.00000000
92.25000000
92.91400000
92.50000000
92.95800000
92.95800000
88.43800000
88.22400000
92.16600000
93.95800000
92.91600000
93.74000000
92.04200000
92.20800000
94.73800000
94.60000000
91.70800000
92.22400000
92.54200000
93.32600000
92.77600000
88.48400000
93.40800000
95.12800000
92.46000000
90.95800000
89.82400000
89.92200000
89.00400000
89.25000000
88.62600000
94.51800000
93.89800000
91.76400000
93.16800000
89.11400000
93.07600000
91.01400000
91.07800000
94.79200000
93.33200000
93.88000000
94.12400000
94.54200000
92.12600000
92.16600000
94.45800000
92.25000000
92.83400000
91.42800000
93.29200000
91.79200000
92.66600000
95.04200000
92.25000000
90.91600000
93.88000000
92.12400000
95.04200000
92.54200000
91.04200000
92.75000000
90.41600000
94.08400000
92.16600000
91.20800000
91.91600000
90.91600000
93.43000000
92.87400000
96.26200000
93.37800000
92.45000000
93.19000000
93.98200000
93.26000000
90.75000000
92.06400000
94.86600000
93.16200000
93.34000000
92.64200000
94.83400000
91.66600000
91.58400000
92.66600000
93.61800000
94.56800000
93.33400000
94.16600000
92.58400000
94.95000000
91.64400000
87.87400000
92.49400000
90.96800000
92.37400000
93.04200000
92.54200000
93.62400000
92.45800000
94.21000000
89.83400000
89.65600000
94.11600000
90.08400000
94.77200000
91.37600000
93.12600000
92.90800000
91.68400000
90.70800000
92.94000000
88.04200000
89.66600000
89.20800000
94.03400000
90.43200000
94.00000000
92.61200000
94.19000000
92.76600000
95.13400000
89.98000000
88.91600000
88.79200000
89.44800000
90.04200000
90.33400000
87.66200000
91.42200000
91.84800000
94.45800000
91.87600000
93.69800000
93.07000000
91.57400000
90.73800000
90.54400000
90.42800000
92.62600000
88.00000000
93.29200000
92.91600000
92.37400000
92.95800000
90.54200000
93.50000000
91.91600000
90.60800000
92.20800000
90.20800000
91.85600000
90.33400000
94.71600000
91.37600000
90.45800000
93.35200000
88.42800000
92.08400000
92.75000000
91.70800000
92.12400000
93.08400000
95.54200000
86.20800000
95.41600000
91.91600000
87.08400000
84.48800000
89.41600000
85.20800000
90.00000000
83.29000000
89.36600000
88.45400000
89.68200000
89.25800000
94.70800000
92.45800000
86.98800000
87.64200000
89.75000000
88.42600000
85.20800000
88.91600000
83.75000000
89.98600000
89.78000000
90.57200000
95.63600000
91.97400000
87.87600000
84.58400000
89.00000000
86.62600000
85.33400000
88.66600000
89.77200000
87.51600000
90.37400000
87.45800000
93.87600000
92.20800000
86.52600000
92.60400000
92.00000000
89.58400000
88.53000000
89.23000000
87.04200000
87.45400000
87.12600000
87.64600000
88.66600000
92.84000000
89.20800000
89.08400000
94.29200000
92.37600000
88.87400000
87.41600000
87.24000000
86.17200000
85.62600000
87.41600000
91.08400000
90.66400000
92.37600000
93.02000000
89.23000000
86.87600000
87.04200000
86.48000000
87.12600000
84.79200000
87.41600000
85.75000000
92.75000000
89.83400000
90.33000000
91.35000000
91.77400000
86.62600000
90.00000000
88.13400000
90.96800000
88.04200000
85.62600000
84.04200000
94.87400000
90.75000000
92.79200000
86.28800000
88.75000000
87.41600000
90.51000000
90.87600000
89.75600000
88.09200000
87.91600000
87.12400000
92.50000000
93.45800000
87.79200000
87.00000000
85.33400000
88.45800000
90.37400000
85.59400000
88.91600000
85.16600000
90.29200000
88.04200000
87.29200000
89.49600000
93.04200000
91.25000000
92.33400000
87.75000000
88.09800000
86.87600000
87.41600000
88.01000000
86.75000000
87.79200000
87.37400000
91.75000000
92.41600000
90.04200000
86.75000000
89.68200000
86.93400000
87.83400000
86.50000000
88.00000000
86.62800000
87.79400000
91.15800000
90.73000000
92.87400000
86.91600000
85.62600000
90.74200000
90.67400000
86.93600000
84.95800000
89.79200000
87.25000000
88.59400000
92.18600000
91.04200000
90.11800000
92.10000000
91.45800000
92.79200000
90.51600000
89.56400000
89.48800000
92.23000000
91.87600000
86.74400000
94.12400000
93.33400000
91.37600000
87.62600000
86.50000000
87.60800000
87.70800000
86.54200000
87.30000000
87.91400000
87.62600000
87.41600000
90.37600000
90.69200000
93.04200000
87.44600000
89.79200000
87.87400000
86.41600000
86.87600000
87.12600000
87.89800000
88.08400000
92.58400000
92.94400000
95.01400000
88.42000000
88.04200000
87.66600000
87.54200000
86.08400000
87.70800000
88.29200000
85.25600000
87.70800000
90.75000000
92.88000000
92.25800000
93.28600000
92.58400000
90.48200000
87.58400000
86.75400000
87.04200000
86.91600000
86.54200000
89.33400000
86.67400000
93.62400000
92.25000000
91.12400000
88.66600000
85.50000000
91.15200000
87.45800000
84.45800000
91.91600000
89.16600000
87.70800000
87.87600000
89.45800000
92.47000000
91.12600000
89.58400000
87.00000000
88.25000000
86.95800000
87.25000000
87.58400000
86.58400000
90.75000000
89.04200000
94.12400000
91.20800000
91.08400000
89.16600000
87.91600000
88.05800000
85.62600000
86.70800000
86.41600000
88.75800000
87.91600000
88.25000000
86.82800000
93.04200000
92.79800000
85.95800000
86.29200000
88.08800000
85.78800000
90.08400000
86.83400000
86.83400000
86.25200000
87.12600000
94.00000000
92.79200000
86.70800000
87.29600000
85.70800000
86.16600000
87.58400000
88.12600000
84.32600000
90.35400000
87.57200000
88.16600000
93.83400000
90.70800000
91.70800000
89.45800000
86.87400000
86.76400000
84.83400000
88.45800000
85.87600000
88.58400000
90.54200000
88.66600000
89.37600000
93.91600000
91.42800000
86.66600000
86.91600000
87.33400000
90.76800000
86.37600000
87.54200000
87.25000000
87.58400000
87.08400000
87.57600000
90.45800000
93.83800000
89.45800000
89.83400000
87.75000000
86.33400000
88.33400000
85.98400000
88.18000000
87.55600000
87.72200000
88.75000000
92.91600000
93.12600000
87.66600000
89.54200000
87.58400000
87.54200000
86.37600000
87.45800000
87.91600000
88.12600000
87.25000000
88.79200000
93.41600000
92.33400000
84.58400000
89.09400000
89.35800000
87.79200000
90.79200000
87.75000000
87.95800000
87.79200000
88.83400000
92.75000000
92.83400000
88.12600000
87.16600000
87.83400000
85.75800000
88.87600000
86.66600000
87.25000000
86.75800000
87.10000000
87.32200000
95.87600000
90.12600000
88.12600000
87.45800000
86.83400000
87.88600000
84.79800000
85.20800000
89.95800000
84.37600000
92.91600000
91.75000000
93.33400000
93.16600000
86.41600000
86.70800000
89.83400000
83.87400000
90.33400000
85.81000000
89.51400000
88.21800000
87.58400000
88.00000000
93.05600000
91.24600000
89.37600000
85.83400000
89.00000000
86.90000000
87.37000000
86.00000000
86.04800000
90.81200000
86.29200000
87.00000000
91.08000000
92.12600000
92.54000000
86.73400000
88.52000000
90.91600000
86.41600000
86.91800000
88.37600000
89.61000000
87.35600000
87.16600000
89.29200000
93.08400000
92.75000000
85.99200000
87.75000000
86.02800000
90.54200000
87.25000000
87.70800000
87.95800000
88.08400000
88.37200000
90.29200000
93.08400000
94.41600000
88.12600000
85.66600000
89.54200000
87.30200000
86.70800000
87.20800000
87.87600000
87.83000000
87.62600000
87.91600000
93.45800000
90.62400000
85.33000000
89.04200000
89.07200000
87.54200000
86.87400000
87.79200000
85.76200000
87.52600000
86.17200000
93.00000000
90.54200000
92.99800000
88.45000000
91.14600000
85.07600000
84.75000000
91.41600000
91.59000000
87.91600000
87.20800000
87.19600000
95.12400000
94.04200000
89.45800000
85.75000000
91.12400000
87.83400000
87.79200000
87.37400000
87.06400000
87.84600000
88.41600000
88.83400000
90.39000000
92.58400000
92.28800000
86.50000000
83.50000000
88.10600000
89.91600000
89.83400000
86.88600000
88.16600000
85.91600000
88.44000000
91.54200000
90.41600000
92.70800000
88.16600000
92.29200000
87.00000000
91.58400000
86.83400000
87.07000000
84.79200000
91.91800000
88.20800000
89.50000000
91.80200000
94.67400000
87.95800000
90.54200000
88.04200000
87.16600000
86.91600000
86.70800000
85.79200000
87.70800000
88.87600000
91.00000000
92.34200000
93.82800000
90.08400000
87.73000000
88.30200000
89.83400000
86.08400000
87.88800000
87.34200000
88.70800000
84.87400000
93.45800000
92.83400000
93.16600000
92.29200000
88.62400000
87.38400000
87.54200000
86.83400000
87.20800000
87.45800000
85.45800000
87.79000000
89.37400000
88.50000000
91.12400000
90.50000000
87.95800000
90.58400000
90.27000000
87.83400000
87.37400000
84.70800000
89.58400000
88.20800000
90.83400000
91.04200000
92.25000000
88.41600000
88.37400000
88.12600000
89.38400000
86.91600000
87.58400000
87.25000000
89.25000000
87.70800000
92.79200000
90.51200000
92.08400000
89.88600000
88.00000000
88.24800000
86.87600000
86.88600000
86.54200000
85.04200000
91.62600000
87.06600000
90.15200000
92.89400000
94.43200000
90.62600000
85.50000000
87.37600000
88.37000000
87.62400000
88.28600000
90.75000000
86.00000000
88.20800000
89.33400000
95.08400000
93.85000000
89.71200000
88.12600000
86.50600000
87.41600000
87.08400000
86.95800000
89.08400000
88.15400000
87.66600000
95.93200000
94.62400000
92.16600000
90.09000000
87.62000000
87.58400000
87.87600000
87.25000000
86.85800000
85.37400000
91.54200000
87.74800000
90.16600000
92.91600000
88.87600000
87.58800000
90.83400000
89.16600000
88.04200000
87.87400000
87.38000000
88.79200000
88.16600000
88.00000000
93.83400000
92.33400000
91.08400000
87.79200000
87.67400000
87.62400000
88.08400000
87.04200000
86.52800000
86.11600000
87.95800000
89.41600000
90.96400000
93.25800000
90.09600000
88.58400000
87.75000000
86.58400000
87.25000000
87.32800000
86.96000000
88.60000000
88.39200000
87.76000000
93.08400000
93.58400000
90.70800000
87.25000000
87.20800000
87.66600000
88.04200000
87.41600000
86.87800000
87.66600000
86.20800000
88.29200000
89.66600000
92.33400000
93.16600000
87.59600000
87.83400000
86.83400000
87.46200000
87.12600000
86.91600000
88.25000000
88.50000000
87.91600000
92.25000000
94.20000000
90.20800000
88.79200000
85.79200000
87.00000000
88.00000000
86.75400000
90.91600000
88.54200000
87.41400000
87.70800000
88.58400000
93.50000000
92.62400000
85.78600000
88.82400000
87.33400000
87.04200000
89.45600000
86.91600000
88.37400000
88.20600000
87.95800000
90.67200000
91.62400000
92.00000000
89.41400000
92.00000000
89.91600000
87.62600000
87.03200000
86.85200000
87.19800000
86.79200000
89.79200000
90.12400000
91.79200000
92.25000000
85.91600000
88.12600000
87.91600000
86.33400000
87.79200000
89.08400000
87.82400000
88.75000000
87.45800000
90.04200000
89.21400000
90.75000000
89.45800000
89.00000000
87.12600000
90.43000000
87.45800000
87.33400000
85.83400000
90.91600000
88.25000000
95.41600000
93.97000000
88.50000000
87.84600000
86.21800000
89.66000000
87.24400000
88.86800000
87.56400000
87.00600000
93.90200000
87.94400000
94.98600000
93.07200000
91.36400000
87.79200000
92.45800000
86.75400000
88.00000000
87.49600000
87.29400000
88.35400000
87.87600000
86.87600000
92.37400000
92.04200000
91.50000000
87.83400000
88.08400000
90.75000000
87.91600000
87.62600000
87.36000000
89.22000000
88.96000000
88.16600000
88.95800000
95.50000000
91.79200000
88.58400000
87.83000000
88.25000000
88.95800000
86.87400000
87.20800000
89.12600000
87.79200000
86.50000000
88.08400000
93.13200000
93.58800000
92.91600000
90.05600000
87.01400000
88.16600000
88.43000000
87.33400000
88.54200000
88.83400000
89.12400000
93.35400000
92.79200000
89.20800000
88.25000000
87.95800000
87.83400000
89.04400000
87.11400000
87.20800000
89.04200000
87.58400000
86.75000000
89.95800000
94.44200000
93.08400000
92.75000000
89.11600000
87.42000000
87.25000000
87.74000000
87.46600000
89.37800000
88.12600000
88.20800000
94.12400000
93.00600000
91.66600000
87.91600000
87.45800000
87.58400000
88.41200000
85.62000000
88.39600000
84.58400000
90.04200000
89.17400000
91.57200000
91.33400000
94.63800000
87.39800000
87.74600000
91.33400000
87.83400000
87.95800000
87.75400000
89.04200000
88.12400000
88.62600000
90.83400000
92.20800000
91.91600000
88.87600000
88.70800000
91.91600000
88.87800000
87.54000000
87.08400000
88.33400000
88.00000000
88.16600000
90.54800000
92.79200000
94.37600000
90.12400000
88.04200000
86.83400000
86.75000000
86.69200000
87.25000000
87.79200000
87.41600000
90.84200000
87.95000000
91.90600000
91.50000000
91.83400000
89.70800000
90.36800000
92.65400000
87.29200000
87.12600000
85.19600000
90.96800000
86.87600000
90.04200000
90.87400000
92.39600000
94.21200000
89.82800000
88.16600000
87.83400000
87.62600000
87.95800000
89.70400000
88.84200000
88.96200000
91.50000000
89.62600000
91.79200000
93.37600000
90.45800000
90.32200000
89.80400000
87.37400000
87.87600000
89.71200000
88.91600000
87.95800000
89.62600000
91.37600000
88.00000000
88.58800000
91.58600000
89.70800000
87.87600000
87.25000000
88.91000000
86.86000000
91.90400000
88.62200000
91.25000000
92.27000000
94.66600000
91.12400000
89.12400000
88.54200000
86.88800000
86.58400000
89.33400000
90.05000000
88.73000000
87.33400000
92.20800000
94.41600000
89.00000000
88.12600000
87.45800000
87.11200000
88.87600000
87.25000000
87.66600000
88.68600000
84.89200000
89.63400000
95.66600000
93.25000000
93.91600000
94.55800000
90.86000000
94.56800000
96.34000000
93.58400000
91.87600000
93.58400000
92.57600000
92.02200000
92.45800000
91.42800000
91.20800000
91.33400000
90.87400000
94.12800000
93.33400000
93.79200000
91.95200000
94.20800000
94.12600000
92.91600000
94.16600000
93.29200000
93.62400000
93.75000000
92.66600000
91.75000000
93.04800000
93.37400000
94.00000000
94.54200000
92.00000000
94.00000000
94.91600000
92.90000000
94.12400000
92.60600000
92.95800000
94.04200000
93.33400000
92.12400000
92.50000000
94.25000000
90.20800000
92.44800000
91.93600000
92.12400000
91.00000000
90.83400000
90.83400000
91.50000000
88.16600000
91.87600000
91.41600000
92.70800000
92.58400000
92.91600000
95.00000000
93.58400000
94.08400000
92.45800000
91.76000000
92.50000000
91.17600000
93.33400000
91.16600000
92.75000000
89.58400000
91.00000000
95.64200000
90.41600000
92.08400000
93.08400000
90.33400000
88.05600000
93.83400000
92.37600000
92.91600000
91.10600000
92.45800000
92.95800000
93.83400000
93.08400000
91.91600000
92.20800000
93.66600000
93.41600000
93.75000000
93.32800000
92.12600000
93.58400000
91.05000000
92.16600000
94.66600000
92.41600000
92.25000000
88.66600000
89.12400000
90.58400000
93.62400000
91.25000000
93.62400000
95.57800000
92.95800000
92.79200000
94.54200000
91.58400000
92.79200000
94.12400000
87.95800000
92.00000000
94.50000000
93.33400000
92.20800000
92.22200000
93.20800000
94.95800000
93.78000000
92.91600000
93.10000000
94.58400000
91.91600000
93.00000000
92.70800000
91.40000000
91.70200000
93.00000000
92.33800000
91.87600000
95.08400000
93.91600000
88.95800000
90.30000000
93.41600000
91.12600000
92.87400000
92.28000000
92.54200000
93.41600000
90.86200000
82.75000000
91.12400000
90.25000000
91.04200000
90.04600000
86.51000000
86.48400000
89.20800000
89.08400000
87.93000000
86.66600000
91.08400000
90.44800000
94.33400000
89.70800000
87.95800000
92.45800000
91.29200000
90.33400000
88.16600000
89.41000000
90.55400000
89.83200000
88.45800000
87.37400000
93.83400000
91.12400000
90.15800000
89.17000000
88.05000000
87.81200000
89.46000000
87.60200000
87.46000000
88.91600000
87.08400000
88.15200000
93.69600000
85.08000000
85.95800000
88.62400000
88.08400000
87.20800000
88.37600000
90.29200000
89.79200000
91.89600000
90.50000000
87.29200000
92.05000000
90.66200000
89.76400000
89.00000000
84.66600000
88.50000000
86.75000000
86.45800000
88.20800000
86.25000000
87.34600000
87.58400000
89.20800000
84.37600000
79.16600000
88.41600000
91.95400000
94.75000000
95.45800000
93.95800000
92.70800000
94.37000000
94.42800000
96.16600000
93.04200000
89.04200000
89.62600000
89.54200000
89.50000000
83.16600000
94.54200000
95.20800000
93.75000000
92.54200000
94.75000000
95.00000000
95.75000000
92.23800000
95.00000000
96.58600000
93.37600000
94.41600000
96.04200000
90.91600000
88.83400000
88.08400000
86.28400000
89.91600000
92.20800000
92.00000000
92.04200000
88.68200000
95.12600000
92.45800000
94.08400000
94.75000000
93.37400000
95.95800000
95.37800000
94.62400000
93.91600000
95.72000000
94.01400000
95.45800000
93.91000000
95.53400000
94.20800000
92.64000000
95.45800000
91.45800000
95.87600000
94.54200000
92.08400000
93.69000000
93.83400000
94.50000000
92.29200000
95.91600000
96.04200000
95.58400000
96.50000000
94.70800000
94.16600000
88.37600000
92.62400000
93.00000000
94.33400000
91.58400000
92.58400000
93.24200000
93.83400000
93.66600000
93.12600000
94.70800000
92.37000000
91.54200000
96.79200000
91.79400000
93.58400000
94.61000000
94.27800000
91.25000000
93.75000000
92.91600000
94.54200000
90.62600000
91.29200000
94.95800000
97.87400000
95.91400000
94.47200000
96.12400000
96.41600000
95.88800000
96.66600000
96.29200000
91.41400000
91.48600000
96.66400000
95.00000000
97.00000000
96.62400000
96.16600000
95.28600000
96.37600000
93.66600000
92.80600000
95.36000000
95.18600000
95.25000000
89.75000000
95.96600000
96.99000000
97.08400000
95.58200000
95.79200000
95.16600000
94.33400000
91.84200000
96.16600000
95.64000000
95.95600000
95.54200000
92.45800000
97.70800000
94.41600000
93.33400000
91.79200000
89.91600000
88.91600000
93.45800000
92.11000000
90.27800000
92.50000000
91.16600000
92.05200000
93.42000000
89.08400000
93.00000000
91.66600000
89.50000000
89.54600000
91.66600000
93.27800000
95.97200000
93.94600000
95.37600000
92.62000000
94.46400000
95.56600000
94.71400000
95.62600000
93.50800000
92.56200000
92.87600000
94.15800000
93.02000000
92.29200000
87.87400000
90.16600000
91.83400000
89.12600000
84.12400000
85.95800000
84.62400000
89.79200000
91.93600000
88.83400000
91.29200000
91.87600000
91.66600000
92.66600000
96.29200000
88.45800000
90.29200000
92.04200000
93.50000000
92.04200000
91.54000000
91.82200000
92.48000000
92.57600000
90.33400000
89.87400000
92.94800000
92.27400000
91.44200000
92.25000000
91.79200000
90.61600000
92.94600000
89.16600000
90.37400000
93.12600000
89.26600000
90.54200000
93.50000000
92.16600000
92.53000000
91.19800000
91.17000000
91.83400000
87.33400000
91.58400000
91.57000000
89.45800000
93.87600000
90.00000000
94.95800000
90.08200000
91.77800000
91.84200000
83.13000000
88.50000000
91.54200000
91.29200000
92.37400000
91.20800000
87.91600000
91.70800000
94.87400000
89.83400000
91.25000000
92.25000000
91.70800000
90.41600000
93.12600000
90.16600000
90.08400000
92.87600000
91.04200000
92.31600000
95.95400000
93.12600000
92.05000000
90.87600000
91.41600000
90.79000000
93.41600000
91.00200000
94.95800000
93.20800000
91.45800000
93.37800000
94.04200000
91.41600000
89.88800000
91.08400000
90.08400000
88.87600000
88.87600000
92.37400000
88.58400000
89.66600000
94.50000000
92.04200000
95.08400000
93.45800000
95.08400000
93.16600000
94.08400000
92.79200000
91.50000000
95.04200000
95.91600000
93.04200000
92.75000000
92.62800000
95.25000000
95.12200000
93.11600000
89.07200000
90.00000000
93.25000000
90.66600000
91.33400000
88.95800000
89.75000000
90.33400000
91.62400000
94.62600000
89.45800000
89.92000000
90.54600000
92.08400000
90.41600000
92.83400000
88.25000000
89.37600000
92.04200000
91.04200000
93.34400000
93.00000000
90.66600000
92.58400000
90.50000000
88.50000000
92.79400000
87.65800000
85.99600000
90.67800000
90.16600000
91.50000000
89.00200000
93.58400000
89.00000000
89.41600000
88.33400000
90.09200000
92.00000000
89.43600000
87.08400000
91.61000000
90.06800000
87.80800000
90.75000000
90.41600000
89.04200000
87.00000000
89.58400000
90.58400000
90.45800000
90.66800000
88.04200000
90.00000000
88.08400000
89.70800000
89.79200000
92.37600000
89.58400000
89.83400000
86.71800000
86.16600000
85.44600000
88.25000000
87.34400000
91.12400000
90.33400000
81.00000000
82.00000000
92.70800000
93.04200000
94.62600000
93.08400000
94.33400000
92.58400000
92.58400000
93.91600000
92.70000000
94.00000000
93.18400000
93.51400000
96.66600000
92.50000000
93.09200000
94.55800000
92.41600000
93.87400000
92.54200000
94.20800000
94.33400000
92.08400000
92.66600000
93.87600000
95.12600000
94.66600000
93.20800000
91.80200000
91.74200000
93.90000000
92.60400000
93.12600000
95.20800000
93.08400000
92.66600000
93.23600000
94.08800000
93.66600000
95.29000000
93.10200000
93.66600000
95.20800000
94.41600000
95.16600000
92.83400000
94.79200000
92.85400000
95.03200000
96.75000000
95.68000000
95.58400000
95.00000000
94.58400000
93.04200000
92.58400000
95.20800000
93.78000000
96.51200000
95.10000000
94.62600000
95.72200000
95.33400000
97.04200000
95.87600000
94.37600000
92.12600000
94.12400000
94.61800000
93.60400000
94.61000000
93.09000000
92.29200000
95.91600000
93.00000000
93.75000000
95.12400000
91.26400000
93.75000000
94.33400000
93.75000000
93.79200000
94.62600000
94.29200000
94.75000000
94.75000000
94.87600000
93.23200000
94.58000000
94.83400000
94.31200000
95.70800000
95.08000000
95.66600000
95.08400000
93.54200000
97.03800000
96.46200000
93.68800000
94.81600000
95.83400000
92.91600000
94.58400000
93.20800000
94.04200000
93.75000000
96.58400000
94.62600000
95.91600000
95.08400000
94.91600000
94.12400000
93.79200000
95.00600000
94.45800000
93.12600000
95.25000000
94.25000000
94.62400000
93.90400000
94.18800000
95.20800000
93.66600000
96.29200000
96.01200000
94.00600000
94.63000000
94.00000000
94.79200000
94.41600000
93.16600000
95.79200000
94.53600000
94.41600000
94.20800000
95.29200000
93.54200000
92.84200000
93.58400000
93.08400000
93.79200000
93.62400000
92.17400000
95.62600000
92.83400000
97.41600000
94.32800000
93.95800000
94.81400000
94.95000000
92.40400000
94.55200000
94.19000000
94.45800000
93.12600000
95.12600000
93.20800000
97.00000000
95.16600000
94.33400000
95.50000000
95.70800000
94.37600000
93.37400000
94.37600000
95.02400000
96.33000000
94.00000000
93.61000000
97.08400000
95.24600000
95.58400000
94.75000000
96.33800000
95.62600000
93.75000000
95.87600000
94.49000000
95.18200000
92.27600000
93.07600000
99.04000000
93.66600000
94.49800000
93.68200000
94.66600000
96.33400000
94.59200000
92.66600000
95.08400000
95.23600000
96.37400000
95.04200000
96.58400000
