-2.17103e+07
5.22426e+07
1.0136e+08
7.15283e+07
4.56934e+07
7.52445e+07
4.89927e+07
1.05099e+08
2.08345e+07
5.08626e+07
7.17701e+07
2.88825e+07
2.97688e+07
7.49959e+07
5.83226e+07
-1.83042e+07
5.56285e+07
8.95972e+07
2.66047e+07
5.11727e+07
1.35976e+08
-8.41529e+06
6.48922e+07
1.03445e+08
1.03454e+08
1.54047e+08
5.23717e+07
1.84412e+08
-1.61472e+08
1.46365e+08
6.94318e+07
6.75616e+07
1.71804e+08
8.7732e+07
1.1504e+08
-1.68556e+07
1.58254e+08
-2.10519e+07
1.25274e+08
1.60325e+08
-3.7394e+06
1.42223e+07
1.9634e+08
2.39709e+07
2.23121e+07
2.0175e+08
-7.73814e+07
5.7164e+07
1.5054e+08
9.94618e+07
3.70626e+07
-5.0372e+06
1.54697e+08
-9.67465e+06
8.93563e+07
5.44903e+07
3.31715e+07
6.856e+07
3.1091e+07
9.88364e+07
7.20019e+07
9.14185e+07
4.32978e+07
3.33909e+07
8.60033e+07
1.07619e+08
6.90799e+07
4.23679e+07
1.29437e+08
4.95617e+07
8.56666e+07
6.67465e+07
4.5493e+07
7.57547e+07
1.07851e+08
1.27921e+08
-1.48906e+07
8.5153e+07
8.56798e+07
9.28196e+06
1.09661e+08
3.5558e+07
5.45823e+07
1.0616e+07
1.35405e+07
1.43064e+08
-2.51844e+07
7.51614e+07
5.26567e+07
5.39299e+07
1.26859e+08
1.22663e+07
7.08894e+07
-8.15663e+06
1.10773e+07
2.92507e+07
8.78046e+06
1.07144e+08
6.9336e+07
5.60773e+07
7.71154e+07
9.41674e+07
1.9866e+07
3.77748e+07
9.66798e+07
1.05622e+08
1.25878e+08
6.71763e+07
5.19066e+07
2.62564e+07
184201
4.10863e+07
5.41481e+07
8.08634e+07
6.54342e+07
4.69113e+07
1.40454e+08
7.66311e+07
-2.69147e+07
1.84632e+07
5.31975e+07
4.37509e+07
2.70119e+07
5.03941e+07
1.01735e+08
9.10836e+06
-6.04053e+06
1.93176e+08
1.90433e+08
4.09379e+07
2.48805e+08
-1.98015e+08
2.06218e+08
1.00392e+08
5.24265e+07
1.85465e+08
1.48044e+08
4.37391e+07
-2.99095e+07
1.93192e+08
5.22679e+06
1.53563e+08
7.52153e+07
7.91215e+07
2.7857e+07
1.69209e+08
1.77999e+06
-2.58894e+06
1.52338e+08
-3.96913e+07
4.02733e+07
1.50843e+08
1.31427e+08
1.00286e+08
-8.38342e+07
2.0424e+08
8.69118e+06
6.24144e+07
1.37173e+08
8.19574e+07
-5.64903e+06
9.35092e+07
1.47365e+08
1.00166e+08
-1.24024e+07
7.34879e+07
6.23984e+07
5.83797e+07
1.66944e+08
8.48044e+07
2.05549e+07
1.50449e+08
3.631e+07
6.85816e+06
8.06239e+07
4.27e+07
8.59304e+07
7.01502e+07
2.05746e+08
-4.20564e+07
5.13026e+07
9.31204e+07
-4.78749e+07
4.51985e+06
8.70645e+07
1.00107e+08
4.5918e+07
4.55836e+07
2.03268e+08
-3.7355e+07
6.36781e+06
4.03816e+07
5.53824e+07
5.41523e+07
8.94066e+07
7.02316e+07
6.36815e+07
1.49004e+07
6.24021e+07
5.90998e+07
2.37706e+07
1.01426e+08
6.45971e+07
9.29706e+07
1.90957e+08
-2.62168e+07
2.2661e+07
1.68771e+07
2.68318e+07
4.64817e+07
6.18175e+06
1.53369e+08
5.52054e+06
5.41043e+07
1.6726e+08
-646641
-8.43511e+06
5.73782e+07
4.82805e+07
3.87588e+07
-4.65017e+06
1.33253e+08
2.52353e+07
-7.28965e+06
1.02699e+08
1.28913e+07
7.07699e+07
1.82432e+08
-4.02761e+07
1.48168e+07
6.51988e+07
5.60347e+07
4.30957e+07
-8.81215e+06
1.69223e+08
-9.44515e+06
6.06831e+07
6.06831e+07
6.06831e+07
6.06831e+07
6.06831e+07
6.06831e+07
6.06831e+07
6.06831e+07
6.06831e+07
6.06831e+07
6.06831e+07
6.06831e+07
2.67299e+08
1.37935e+08
2.39976e+08
-1.99858e+08
2.15376e+08
8.99352e+07
6.10708e+07
1.7721e+08
1.00088e+08
-4.83935e+07
1.17508e+08
1.14628e+08
-4.16462e+07
1.61426e+08
-1.6842e+07
7.04933e+07
8.80977e+07
1.49558e+08
-3.57477e+07
2.72174e+07
1.25933e+08
7.27895e+06
-4.87294e+06
1.57138e+08
8.62217e+07
5.92978e+07
1.73763e+08
1.82402e+07
4.80426e+07
1.04191e+08
3.69687e+07
1.12351e+08
9.58848e+07
2.02372e+07
7.4386e+07
1.32492e+08
2.93541e+07
1.27862e+08
1.56044e+07
5.91707e+07
5.97299e+07
1.63449e+08
1.65502e+08
-5.06902e+07
1.06769e+08
8.57091e+07
-486675
1.24025e+08
1.35514e+08
4.09989e+06
7.22292e+07
1.27076e+08
1.16771e+07
1.6863e+08
-2.96134e+07
2.25847e+06
6.19863e+07
1.07403e+08
1.512e+07
-6.07569e+06
1.71796e+08
995392
2.39851e+07
8.46757e+07
1.14325e+08
5.53358e+07
8.07126e+07
1.77762e+08
-269397
6.42942e+07
-2.26625e+06
8.76854e+06
7.52101e+07
2.88603e+07
1.22273e+08
6.82334e+07
3.82176e+07
1.74956e+08
1.62994e+07
1.33691e+08
-1.05323e+08
1.80154e+08
9.08994e+07
7.22139e+07
1.41509e+08
8.49609e+07
6.34758e+07
-9.83492e+07
1.91782e+08
1.51153e+07
1.57974e+08
1.36065e+08
1.0672e+07
8.78381e+07
1.20992e+08
1.25868e+07
2.77248e+07
1.89655e+08
-7.40947e+07
2.65715e+07
1.95275e+08
6.12962e+07
8.73517e+06
1.41104e+07
1.43622e+08
-1.52136e+07
8.23996e+07
6.38286e+07
2.63306e+07
7.2556e+07
3.42408e+07
9.26007e+07
7.62147e+07
8.25596e+07
5.63029e+07
3.33294e+07
9.0242e+07
1.0202e+08
7.79768e+07
3.85462e+07
1.19688e+08
5.75033e+07
8.91865e+07
5.68652e+07
4.81718e+07
8.40664e+07
1.1327e+08
1.14516e+08
-9.53757e+06
8.57062e+07
8.13026e+07
1.10532e+07
1.0786e+08
4.04889e+07
4.85319e+07
1.08083e+07
1.32502e+07
1.40739e+08
-2.4482e+07
7.71024e+07
5.21255e+07
5.13774e+07
1.2648e+08
7.45007e+06
7.49829e+07
-1.03991e+07
1.57309e+07
3.12723e+07
7.57322e+06
1.09051e+08
8.57411e+07
2.07704e+07
1.01859e+08
8.2734e+07
2.84124e+07
6.01997e+07
1.01924e+08
8.79583e+07
1.3709e+08
8.27898e+07
2.33205e+07
5.14133e+07
-1.22121e+07
4.27502e+07
5.72038e+07
9.53073e+07
4.99878e+07
4.26624e+07
1.51186e+08
6.44888e+07
-3.13442e+07
3.05718e+07
5.62878e+07
4.07767e+07
5.37281e+06
9.4067e+07
7.41502e+07
1.17167e+07
-2.63779e+07
4.63613e+07
1.37444e+08
9.4739e+07
2.44456e+08
-1.96872e+08
2.12289e+08
9.66785e+07
5.75902e+07
1.80304e+08
1.4731e+08
4.16826e+07
-2.257e+07
2.02351e+08
-5.95843e+06
1.61771e+08
7.17952e+07
7.17589e+07
2.79308e+07
1.68209e+08
7.10623e+06
-1.205e+07
1.56863e+08
-3.01557e+07
3.47656e+07
1.48187e+08
1.3131e+08
1.00662e+08
-8.55404e+07
1.97091e+08
1.7545e+07
5.4926e+07
1.38121e+08
8.3715e+07
-6.19735e+06
9.12428e+07
1.47052e+08
9.64192e+07
-9.24943e+06
7.18173e+07
6.51901e+07
5.96085e+07
1.66406e+08
8.58616e+07
1.81231e+07
1.52578e+08
3.58531e+07
1.58907e+06
8.49578e+07
4.46524e+07
7.69099e+07
8.33441e+07
1.98997e+08
-3.97696e+07
4.734e+07
9.10133e+07
-4.97227e+07
9.79778e+06
8.42215e+07
9.76888e+07
5.09821e+07
4.03647e+07
2.07258e+08
-3.78746e+07
5.24032e+06
3.51608e+07
6.08157e+07
5.56858e+07
8.53602e+07
7.44837e+07
6.56131e+07
9.93028e+06
6.11451e+07
6.04208e+07
2.41096e+07
9.59598e+07
6.84767e+07
9.18719e+07
1.94367e+08
-2.49059e+07
2.22033e+07
1.77443e+07
2.59559e+07
4.38716e+07
7.57045e+06
1.50319e+08
6.4705e+06
5.7147e+07
1.66813e+08
-5.04019e+06
-9.49871e+06
4.96223e+07
5.48882e+07
3.51995e+07
882053
1.36103e+08
2.37986e+07
-3.01277e+06
-9.15187e+06
-1.1111e+07
7.07699e+07
1.82432e+08
-4.02761e+07
1.48168e+07
6.51988e+07
5.60347e+07
4.30957e+07
2.67263e+08
2.36363e+08
-1.60299e+08
1.58953e+08
1.16146e+08
5.90146e+07
1.76119e+08
1.18514e+08
-4.22806e+07
9.8871e+07
1.21331e+08
-2.69195e+07
1.38943e+08
5.52008e+06
4.94583e+07
1.03393e+08
1.63117e+08
1.42211e+08
-1.66754e+08
2.1731e+08
4.10428e+07
2.86562e+07
1.94479e+08
1.15572e+08
-3.16931e+07
1.01256e+08
1.53957e+08
-3.99031e+07
1.34384e+08
-2.90605e+07
4.44024e+07
8.01969e+07
1.19251e+08
-3.08834e+06
6.33369e+07
1.04658e+08
3.21662e+07
3.11731e+07
9.40766e+07
8.22422e+07
9.28938e+07
1.61412e+08
6.73834e+07
3.26714e+07
9.92855e+07
5.81254e+06
7.48723e+07
1.02814e+08
1.92059e+07
8.76327e+07
1.07092e+08
2.56943e+07
1.82641e+08
-3.65169e+06
1.19044e+07
5.46768e+07
1.54791e+08
1.30331e+08
-6.55509e+07
1.43118e+08
6.07681e+07
-2.1646e+07
1.35396e+08
1.38717e+08
3.56086e+07
2.824e+07
1.69251e+08
-6.70729e+06
1.69448e+08
-6.31732e+06
1.2199e+07
3.89797e+07
1.23773e+08
2.23688e+07
-1.87763e+07
1.90098e+08
-2.04217e+07
2.91633e+07
9.99428e+07
1.07191e+08
5.41523e+07
8.08297e+07
1.79552e+08
-2.58762e+06
5.87184e+07
3.26662e+06
1.60558e+07
6.41404e+07
3.68982e+07
1.4018e+08
4.48659e+07
7.1607e+07
1.34326e+08
3.53999e+07
1.08293e+08
-1.08401e+08
1.8507e+08
8.72276e+07
6.60864e+07
1.61829e+08
8.13376e+07
5.30209e+07
-8.54261e+07
1.98152e+08
6.90851e+06
1.70782e+08
1.30393e+08
1.66369e+07
7.4737e+07
1.22797e+08
1.18958e+07
2.23054e+07
1.94328e+08
-7.68009e+07
2.83306e+07
2.0243e+08
5.14018e+07
9.80415e+06
1.65498e+07
1.43412e+08
-1.81819e+07
7.37163e+07
7.44912e+07
9.76894e+06
7.88647e+07
2.54684e+07
9.80838e+07
7.46973e+07
8.15801e+07
5.99153e+07
2.50677e+07
8.34439e+07
1.05666e+08
7.53959e+07
4.36858e+07
1.17164e+08
6.3454e+07
8.66354e+07
5.44855e+07
5.11378e+07
7.93956e+07
1.09809e+08
1.21441e+08
-9.58502e+06
8.76317e+07
8.29875e+07
1.35763e+07
1.09427e+08
3.62453e+07
5.39595e+07
8.62375e+06
1.46073e+07
1.40739e+08
-2.4482e+07
7.71024e+07
5.21255e+07
6.24567e+07
1.10188e+08
4.90291e+07
4.02934e+07
1.53594e+06
4.02092e+07
3.23847e+07
2.33681e+07
1.29096e+08
4.6834e+07
5.63078e+07
1.10316e+08
4.27729e+07
5.64391e+07
3.15369e+07
9.87315e+07
1.00189e+08
1.52822e+08
6.1329e+07
1.36166e+07
5.14575e+07
-4.59429e+06
2.53422e+07
7.18395e+07
9.29859e+07
7.00629e+07
3.71872e+07
1.63651e+08
6.12457e+07
-2.54577e+07
8.1173e+06
3.98977e+07
4.54382e+07
9.06554e+06
7.99526e+07
1.01284e+08
5.93714e+06
6.4489e+07
6.84508e+07
7.11923e+07
8.62508e+07
2.56622e+08
-1.94897e+08
2.34834e+08
7.43711e+07
6.04188e+07
1.70329e+08
1.31051e+08
4.2339e+07
-2.83502e+07
2.01785e+08
3.91251e+06
1.49545e+08
9.64647e+07
6.38065e+07
1.27284e+07
1.65561e+08
-1.66742e+06
-3.55954e+06
1.36742e+08
-2.4182e+07
3.77943e+07
1.4796e+08
1.31177e+08
1.01105e+08
-8.4664e+07
2.02304e+08
9.83368e+06
5.98329e+07
1.38121e+08
8.3715e+07
-6.19735e+06
9.12428e+07
1.47052e+08
9.64192e+07
-9.24943e+06
7.18173e+07
6.51901e+07
5.96085e+07
1.66406e+08
8.58616e+07
1.81231e+07
1.52578e+08
3.58531e+07
1.58907e+06
8.49578e+07
4.46524e+07
7.69099e+07
8.33441e+07
1.98997e+08
-3.97696e+07
4.734e+07
9.10133e+07
-4.97227e+07
9.79778e+06
8.42215e+07
9.76888e+07
5.09821e+07
4.03647e+07
2.07258e+08
-3.78746e+07
5.24032e+06
3.51608e+07
6.08157e+07
5.56858e+07
8.53602e+07
7.44837e+07
6.56131e+07
9.93028e+06
6.11451e+07
6.04208e+07
2.41096e+07
9.59598e+07
6.84767e+07
9.18719e+07
1.94367e+08
-2.49059e+07
2.22033e+07
1.77443e+07
2.59559e+07
4.38716e+07
7.57045e+06
1.50319e+08
6.4705e+06
5.7147e+07
1.66813e+08
-5.04019e+06
-9.49871e+06
4.96223e+07
5.48882e+07
3.51995e+07
882053
1.36103e+08
2.37986e+07
-3.01277e+06
-9.15187e+06
-1.1111e+07
7.07699e+07
1.82432e+08
-4.02761e+07
1.48168e+07
6.51988e+07
5.60347e+07
4.30957e+07
-8.81215e+06
1.69223e+08
-9.44515e+06
6.06831e+07
6.06831e+07
6.06831e+07
6.06831e+07
6.06831e+07
6.06831e+07
6.06831e+07
6.06831e+07
6.06831e+07
6.06831e+07
6.06831e+07
6.06831e+07
2.67299e+08
1.37935e+08
2.39976e+08
-1.99858e+08
2.15376e+08
8.99352e+07
6.10708e+07
1.7721e+08
1.00088e+08
-4.83935e+07
1.17508e+08
1.14628e+08
-4.16462e+07
1.61426e+08
-1.6842e+07
7.04933e+07
8.80977e+07
1.49558e+08
-3.57477e+07
2.72174e+07
1.25933e+08
-1.52684e+07
2.73316e+07
1.38247e+08
8.51257e+07
6.10791e+07
1.63802e+08
1.4702e+07
5.83212e+07
9.8788e+07
3.21395e+07
1.07021e+08
1.08645e+08
2.01825e+07
6.3804e+07
1.37652e+08
1.21825e+07
1.33436e+08
3.07541e+07
4.87614e+07
5.87097e+07
1.77663e+08
1.54245e+08
-4.9742e+07
1.1065e+08
8.28056e+07
-1.2663e+07
1.35396e+08
1.38717e+08
-2.27304e+07
1.11155e+08
1.11726e+08
4.14405e+06
1.68294e+08
-4.30605e+07
-133843
6.58879e+07
1.0541e+08
1.1968e+07
7.19793e+06
1.58339e+08
8.04969e+06
1.49919e+07
8.77492e+07
9.37248e+07
7.80499e+07
8.48571e+07
1.67587e+08
1.69213e+07
6.33504e+07
-1.49578e+07
3.90371e+06
6.25154e+07
4.41399e+07
1.06496e+08
7.29825e+07
5.84012e+07
1.60798e+08
3.41834e+07
1.16975e+08
-1.08151e+08
1.81837e+08
8.16446e+07
7.42829e+07
1.44689e+08
8.72837e+07
6.00257e+07
-9.17068e+07
1.88215e+08
5.27055e+06
1.48683e+08
1.5202e+08
3.26786e+06
9.34558e+07
1.30113e+08
9.55395e+06
2.62644e+07
1.85484e+08
-7.08213e+07
2.32214e+07
1.81971e+08
7.36631e+07
1.12373e+07
1.86019e+07
1.45783e+08
-1.28695e+07
9.0978e+07
5.04457e+07
3.72794e+07
7.72411e+07
1.61182e+07
1.0707e+08
7.73855e+07
8.33044e+07
6.26125e+07
2.93225e+07
7.96457e+07
1.10943e+08
7.59429e+07
4.07116e+07
1.25012e+08
5.3597e+07
9.0858e+07
5.82268e+07
5.43691e+07
7.24403e+07
1.09964e+08
1.23869e+08
-1.51652e+07
8.74367e+07
8.81081e+07
1.43252e+07
1.07912e+08
3.81831e+07
5.76289e+07
5.54493e+06
1.44952e+07
1.3698e+08
-2.55342e+07
7.70357e+07
5.14805e+07
5.35864e+07
1.28492e+08
7.49178e+06
7.80619e+07
-1.2431e+07
1.30688e+07
3.41678e+07
1.25269e+07
1.13113e+08
7.03242e+07
5.36008e+07
7.74313e+07
7.06003e+07
2.77741e+07
4.34017e+07
9.59791e+07
1.10647e+08
1.21579e+08
8.29921e+07
5.08885e+07
1.76506e+07
-5.06457e+06
4.16359e+07
5.25489e+07
7.42212e+07
6.23121e+07
5.75831e+07
1.30244e+08
7.66311e+07
-2.69147e+07
1.84632e+07
5.31975e+07
4.37509e+07
5.76231e+06
8.11768e+07
8.35183e+07
6.90083e+06
-1.42e+07
1.4786e+08
2.47543e+08
1.25564e+08
2.44086e+08
-2.03311e+08
2.16018e+08
9.09048e+07
5.95315e+07
1.85057e+08
1.46742e+08
3.75603e+07
-2.36539e+07
1.95288e+08
289340
1.5875e+08
7.74885e+07
7.4293e+07
2.65486e+07
1.70727e+08
2.06321e+06
-8.19166e+06
1.56338e+08
-4.10186e+07
4.33849e+07
1.52461e+08
1.31177e+08
1.01105e+08
-8.4664e+07
2.02304e+08
9.83368e+06
5.98329e+07
1.38121e+08
8.3715e+07
-6.19735e+06
9.12428e+07
1.47052e+08
9.64192e+07
-9.24943e+06
7.18173e+07
6.51901e+07
5.96085e+07
1.66406e+08
8.58616e+07
1.81231e+07
1.52578e+08
3.58531e+07
1.58907e+06
8.49578e+07
4.46524e+07
7.69099e+07
8.33441e+07
1.98997e+08
-3.97696e+07
4.734e+07
9.10133e+07
-4.97227e+07
9.79778e+06
8.42215e+07
9.76888e+07
5.09821e+07
4.03647e+07
2.07258e+08
-3.78746e+07
5.24032e+06
3.51608e+07
6.08157e+07
5.56858e+07
8.53602e+07
7.44837e+07
7.68831e+07
-9.20145e+06
7.2617e+07
6.11591e+07
2.31372e+07
1.0357e+08
7.10588e+07
8.38991e+07
1.98361e+08
-2.10992e+07
1.47497e+07
2.55612e+07
2.02874e+07
4.45437e+07
8.99371e+06
1.56604e+08
-211540
5.44145e+07
1.73758e+08
-1.24167e+07
-1.26249e+07
5.71389e+07
5.68404e+07
3.32934e+07
1.08601e+07
1.29039e+08
2.71657e+07
6.96216e+07
-1.84448e+08
2.06169e+08
8.7114e+07
-4.88877e+06
1.72418e+08
1.36059e+08
-7.93873e+07
1.83108e+08
5.42995e+07
-3.68752e+07
1.5406e+08
6.91236e+07
3.50093e+07
2.30582e+08
-7.90776e+07
1.06644e+08
5.42929e+06
1.01367e+08
1.00668e+08
4.53389e+07
5.92582e+07
1.11405e+08
6.94642e+07
5.94625e+07
1.66575e+08
1.51346e+07
2.40954e+08
-2.00231e+08
2.19835e+08
7.67164e+07
6.49878e+07
1.80626e+08
9.49958e+07
-5.44063e+07
1.29055e+08
1.16753e+08
-4.52493e+07
1.64692e+08
-7.49241e+06
6.71811e+07
9.38117e+07
1.36668e+08
-3.32112e+07
2.16651e+07
1.24097e+08
-1.43683e+07
2.99012e+07
1.45457e+08
8.12449e+07
5.83019e+07
1.68922e+08
9.00029e+06
5.80578e+07
9.70803e+07
4.1883e+07
9.79755e+07
1.06759e+08
2.27267e+07
5.73234e+07
1.38496e+08
1.05982e+07
1.3717e+08
2.74865e+07
4.94929e+07
6.71792e+07
1.70379e+08
1.51485e+08
-4.93224e+07
1.10294e+08
8.17689e+07
-1.65038e+07
1.41435e+08
1.34587e+08
-2.27304e+07
1.11155e+08
1.11726e+08
4.14405e+06
1.68294e+08
-4.30605e+07
-133843
6.58879e+07
1.0541e+08
1.1968e+07
7.19793e+06
1.58339e+08
8.04969e+06
1.49919e+07
8.77492e+07
9.37248e+07
7.80499e+07
8.48571e+07
1.67587e+08
1.69213e+07
6.33504e+07
-1.49578e+07
3.90371e+06
6.25154e+07
4.41399e+07
1.06496e+08
7.29825e+07
5.84012e+07
1.60798e+08
3.41834e+07
1.16975e+08
-1.08151e+08
1.81837e+08
8.16446e+07
7.42829e+07
1.44689e+08
8.72837e+07
6.00257e+07
-9.17068e+07
1.88215e+08
5.27055e+06
1.48683e+08
1.5202e+08
3.26786e+06
9.34558e+07
1.30113e+08
9.55395e+06
2.62644e+07
1.85484e+08
-7.08213e+07
2.32214e+07
1.81971e+08
7.36631e+07
1.12373e+07
1.86019e+07
1.45783e+08
-1.28695e+07
9.0978e+07
5.04457e+07
3.15762e+07
7.24236e+07
3.03022e+07
9.53182e+07
7.71155e+07
8.10995e+07
5.38292e+07
3.00683e+07
8.57631e+07
1.05501e+08
7.5631e+07
4.44658e+07
1.20377e+08
5.85372e+07
8.98369e+07
5.44855e+07
5.11378e+07
7.93956e+07
1.09809e+08
1.21441e+08
-9.58502e+06
8.76317e+07
8.29875e+07
1.35763e+07
1.09427e+08
3.62453e+07
5.39595e+07
8.62375e+06
1.46073e+07
1.40739e+08
-2.4482e+07
7.71024e+07
5.21255e+07
5.13774e+07
1.2648e+08
7.45007e+06
7.49829e+07
-1.03991e+07
1.57309e+07
3.12723e+07
7.57322e+06
1.09051e+08
6.52387e+07
6.0752e+07
7.61263e+07
8.12744e+07
3.04759e+07
4.26095e+07
9.63956e+07
1.06383e+08
1.28147e+08
7.47001e+07
4.01699e+07
3.36143e+07
184201
4.10863e+07
5.41481e+07
8.08634e+07
6.54342e+07
4.69113e+07
1.40454e+08
7.66311e+07
-2.69147e+07
1.84632e+07
5.31975e+07
4.37509e+07
5.76231e+06
8.11768e+07
8.35183e+07
6.90083e+06
-1.42e+07
1.4786e+08
2.47543e+08
1.25564e+08
2.44086e+08
-2.03311e+08
2.16018e+08
9.09048e+07
5.95315e+07
1.85057e+08
1.46742e+08
3.75603e+07
-2.36539e+07
1.95288e+08
289340
1.5875e+08
7.74885e+07
7.4293e+07
2.65486e+07
1.70727e+08
2.06321e+06
-8.19166e+06
1.56338e+08
-4.10186e+07
4.33849e+07
1.52461e+08
1.31177e+08
1.01105e+08
-8.4664e+07
2.02304e+08
9.83368e+06
5.98329e+07
1.38121e+08
8.3715e+07
-6.19735e+06
9.12428e+07
1.47052e+08
9.64192e+07
-9.24943e+06
7.18173e+07
6.51901e+07
5.96085e+07
1.66406e+08
8.58616e+07
1.81231e+07
1.52578e+08
3.58531e+07
1.58907e+06
8.49578e+07
4.46524e+07
7.69099e+07
8.33441e+07
1.98997e+08
-3.97696e+07
4.734e+07
9.10133e+07
-4.97227e+07
9.79778e+06
8.42215e+07
9.76888e+07
5.09821e+07
4.03647e+07
2.07258e+08
-3.78746e+07
5.24032e+06
3.51608e+07
6.08157e+07
5.56858e+07
8.53602e+07
7.44837e+07
6.56131e+07
9.93028e+06
6.11451e+07
6.04208e+07
2.41096e+07
9.59598e+07
6.84767e+07
9.18719e+07
1.94367e+08
-2.49059e+07
2.22033e+07
1.77443e+07
2.59559e+07
4.38716e+07
1.50386e+07
1.3936e+08
1.30225e+07
5.77458e+07
1.65798e+08
1.33688e+06
-7.27069e+06
4.31371e+07
5.83939e+07
3.82116e+07
-5.21923e+06
1.42336e+08
1.91185e+07
-201312
5.89654e+07
1.62212e+08
-4.57314e+07
3.02927e+07
1.40665e+08
-2.23003e+07
2.3584e+07
1.41206e+08
8.15239e+07
3.89844e+07
2.35862e+08
-1.54115e+08
1.84577e+08
8.0359e+07
2.00593e+07
1.52334e+08
9.90156e+07
-5.43638e+07
1.25153e+08
1.31419e+08
-5.35918e+07
1.92143e+08
-2.60201e+07
5.14365e+07
1.71519e+08
1.89863e+08
2.30973e+08
-1.97029e+08
2.17615e+08
8.4999e+07
5.50212e+07
1.91153e+08
8.84129e+07
-4.23719e+07
1.19844e+08
1.18641e+08
-4.02022e+07
1.70001e+08
-3.10802e+07
6.93992e+07
1.08238e+08
1.16792e+08
-1.41491e+07
2.45624e+07
1.27599e+08
4.39345e+07
-1.44563e+07
1.33141e+08
1.06123e+08
7.17107e+07
1.69558e+08
4.3062e+07
3.23078e+07
1.05231e+08
4.39975e+07
9.41179e+07
1.17481e+08
8.13076e+06
6.93054e+07
1.2947e+08
2.99327e+07
1.32238e+08
1.42478e+07
5.71616e+07
5.15705e+07
1.67616e+08
1.59492e+08
-4.3718e+07
1.0933e+08
7.58411e+07
2.64899e+06
1.29783e+08
1.40191e+08
-2.78745e+07
1.04793e+08
1.23288e+08
1.57292e+07
1.29953e+08
-6.25529e+06
5.04417e+06
7.52514e+07
1.29758e+08
6.21048e+06
-7.6372e+06
1.71781e+08
1.33477e+07
1.97154e+07
9.34374e+07
7.94674e+07
7.26718e+07
1.19076e+08
1.30166e+08
1.81621e+07
7.00692e+07
-9.10476e+06
7.44898e+06
8.84316e+07
5.43677e+07
7.00312e+07
9.43623e+07
4.58011e+07
1.81074e+08
1.28983e+07
1.31582e+08
-1.25069e+08
1.92061e+08
7.24527e+07
7.30534e+07
1.6638e+08
5.36728e+07
7.41077e+07
-5.47511e+07
1.7975e+08
1.61515e+07
1.41018e+08
1.65587e+08
1.25884e+07
9.80157e+07
1.12471e+08
2.04383e+07
1.26207e+07
1.71914e+08
-4.10391e+07
1.96932e+07
1.71058e+08
7.30909e+07
2.47563e+07
1.00436e+07
1.25837e+08
5.7712e+06
9.04852e+07
5.27693e+07
3.37088e+07
7.68754e+07
2.49868e+07
7.88365e+07
8.21638e+07
7.20899e+07
7.07037e+07
1.32053e+07
9.34334e+07
1.15754e+08
6.13906e+07
4.52692e+07
1.15809e+08
5.9144e+07
9.01331e+07
5.12824e+07
8.00835e+07
6.48545e+07
1.03539e+08
1.20413e+08
-1.17013e+07
7.93575e+07
7.82307e+07
2.21011e+07
1.02204e+08
3.36715e+07
6.21864e+07
1.67839e+07
-434796
1.36515e+08
-1.59566e+07
6.75782e+07
4.11376e+07
5.33336e+07
1.31102e+08
-909589
6.98055e+07
-2.00657e+06
9.37421e+06
3.12723e+07
7.57322e+06
1.09051e+08
6.52387e+07
6.0752e+07
7.61263e+07
8.12744e+07
3.04759e+07
4.26095e+07
9.63956e+07
1.06383e+08
1.28147e+08
7.47001e+07
4.01699e+07
3.36143e+07
184201
4.10863e+07
5.41481e+07
8.08634e+07
6.54342e+07
4.69113e+07
1.40454e+08
7.66311e+07
-2.69147e+07
1.84632e+07
5.31975e+07
4.37509e+07
5.76231e+06
8.26126e+07
8.14144e+07
8.64196e+06
-1.33223e+07
1.34143e+08
2.60156e+08
1.2748e+08
2.43411e+08
-2.02948e+08
2.16326e+08
9.02684e+07
6.01869e+07
1.8457e+08
1.46794e+08
3.76457e+07
-2.32355e+07
1.94848e+08
165698
1.59079e+08
7.71457e+07
7.41398e+07
2.68803e+07
1.70812e+08
1.9745e+06
-8.2179e+06
1.56711e+08
-4.12786e+07
4.34632e+07
1.52247e+08
1.31078e+08
1.01126e+08
-8.4714e+07
2.02349e+08
9.97636e+06
5.97514e+07
1.38297e+08
8.36565e+07
-6.31505e+06
9.12753e+07
1.47209e+08
9.64452e+07
-8.99388e+06
7.15979e+07
6.53048e+07
5.94181e+07
1.66321e+08
8.59045e+07
1.80535e+07
1.52742e+08
3.57135e+07
1.61847e+06
8.53142e+07
4.43584e+07
7.67761e+07
8.33569e+07
1.98983e+08
-3.98209e+07
4.71366e+07
9.13302e+07
-4.99266e+07
9.79778e+06
8.42215e+07
9.76888e+07
5.09821e+07
4.03647e+07
2.07258e+08
-3.78746e+07
5.24032e+06
3.51608e+07
6.08157e+07
5.56858e+07
8.53602e+07
7.44837e+07
6.56131e+07
9.93028e+06
6.11451e+07
6.04208e+07
2.41096e+07
9.59598e+07
6.84767e+07
9.18719e+07
1.94367e+08
-2.49059e+07
2.22033e+07
1.77443e+07
2.59559e+07
4.38716e+07
7.57045e+06
1.50319e+08
6.4705e+06
5.7147e+07
1.66813e+08
-5.04019e+06
-9.49871e+06
4.96223e+07
5.48882e+07
3.51995e+07
882053
1.36103e+08
2.37986e+07
-3.01277e+06
-9.15187e+06
-1.1111e+07
7.07699e+07
1.82432e+08
-4.02761e+07
1.48168e+07
6.51988e+07
5.60347e+07
4.30957e+07
-8.81215e+06
1.69223e+08
-9.44515e+06
6.06831e+07
2.67299e+08
-2.41144e+08
2.41406e+08
7.245e+07
4.39116e+07
1.81008e+08
1.01447e+08
9.29089e+07
-7.60922e+07
2.1839e+08
-2.40337e+07
1.77863e+08
9.64141e+07
2.42373e+08
-2.06767e+08
2.41844e+08
7.63604e+07
3.53927e+07
2.09587e+08
1.5549e+08
-1.7024e+08
2.0635e+08
1.31519e+08
-5.51967e+07
1.94521e+08
3.97483e+07
-8.6502e+06
1.11351e+08
1.6501e+08
-7.55907e+07
8.20161e+07
7.46062e+07
1.49271e+07
3.90524e+07
1.70322e+08
3.79458e+07
4.12479e+07
1.79003e+08
-1.11128e+07
5.4138e+07
1.30471e+08
5.2214e+07
9.05158e+07
1.06156e+08
4.13065e+07
3.81866e+07
1.45814e+08
-4.61988e+06
1.3788e+08
1.91887e+07
5.05609e+07
7.40451e+07
1.64213e+08
1.37119e+08
-2.96739e+07
1.07745e+08
6.41483e+07
-1.33901e+07
1.70805e+08
1.17663e+08
2.6874e+06
8.6974e+07
1.20361e+08
-1.41521e+07
1.47254e+08
-2.24268e+07
-1.13845e+07
8.23534e+07
8.91626e+07
1.71241e+07
4.58037e+07
1.23919e+08
-3.22086e+06
1.98582e+07
8.40832e+07
8.47933e+07
5.0927e+07
1.23442e+08
1.33905e+08
1.69213e+07
6.33504e+07
-1.49578e+07
3.90371e+06
6.25154e+07
4.41399e+07
1.06496e+08
7.29825e+07
5.84012e+07
1.60798e+08
3.41834e+07
1.16975e+08
-1.08151e+08
1.81837e+08
8.16446e+07
7.42829e+07
1.44689e+08
8.72837e+07
6.00257e+07
-9.17068e+07
1.88215e+08
5.27055e+06
1.48683e+08
8.55485e+07
9.03032e+07
5.48595e+07
1.19123e+08
3.38609e+07
-5.35646e+07
1.94341e+08
-4.03533e+07
3.35236e+06
1.8175e+08
1.17465e+08
-5.14463e+07
4.95975e+07
1.68153e+08
-4.78658e+07
6.68316e+07
7.25041e+07
5.14883e+07
4.56911e+07
6.80913e+07
1.08136e+08
4.44246e+07
7.86861e+07
4.88772e+07
2.57981e+07
6.22604e+07
1.3065e+08
7.24462e+07
5.99638e+07
1.50396e+08
5.02821e+07
1.00368e+08
4.37707e+07
3.04275e+07
8.76715e+07
9.50362e+07
1.31426e+08
3.07567e+06
8.65798e+07
7.33911e+07
-205650
7.67485e+07
5.59717e+07
5.01757e+07
2.56668e+07
3.64387e+07
1.3644e+08
-2.03849e+07
4.62861e+07
6.31754e+07
5.219e+07
7.53222e+07
4.25875e+07
1.01009e+08
-1.7226e+07
3.18818e+07
1.0677e+07
3.20781e+07
5.82059e+07
1.00241e+08
6.75447e+07
5.82961e+07
1.07812e+08
1.38425e+07
4.26095e+07
9.63956e+07
1.06383e+08
1.28147e+08
7.47001e+07
4.01699e+07
3.36143e+07
184201
4.10863e+07
5.41481e+07
8.08634e+07
6.54342e+07
4.69113e+07
1.40454e+08
7.66311e+07
-2.69147e+07
1.84632e+07
5.31975e+07
4.37509e+07
5.76231e+06
8.11768e+07
8.35183e+07
5.68956e+07
2.19539e+06
-5.27281e+07
2.43987e+08
8.91083e+07
2.53253e+08
-1.72777e+08
2.02683e+08
7.90836e+07
1.33475e+08
8.91608e+07
1.86576e+08
4.66033e+07
-3.40906e+07
2.1934e+08
2.37089e+07
1.30559e+08
7.51812e+07
9.01913e+07
4.08241e+06
1.78878e+08
-1.15727e+07
8.21252e+06
1.57646e+08
-1.90759e+07
2.95475e+07
1.47412e+08
1.39921e+08
8.31749e+07
-9.48108e+07
2.11118e+08
1.40404e+07
5.56374e+07
1.39965e+08
1.01232e+08
-1.37458e+07
9.77182e+07
1.31328e+08
8.95743e+07
-2.83917e+06
7.39424e+07
7.42483e+07
6.84436e+07
1.56998e+08
9.228e+07
8.538e+06
1.43992e+08
3.73165e+07
1.17717e+07
8.73036e+07
5.4952e+07
7.47122e+07
1.04202e+08
1.56689e+08
-9.17438e+06
1.31825e+07
1.06273e+08
-3.62839e+07
5.89024e+06
9.73103e+07
1.18151e+08
2.35644e+07
3.53285e+07
2.18879e+08
-5.6387e+07
2.21651e+07
1.14543e+07
9.10561e+07
6.66922e+07
6.69434e+07
7.22586e+07
8.07815e+07
1.54922e+06
8.62152e+07
7.09704e+07
1.8494e+07
1.09372e+08
8.80153e+07
6.06618e+07
2.22469e+08
-3.95496e+07
1.23199e+07
2.50599e+07
3.38647e+07
3.55628e+07
-416954
1.65037e+08
4.21414e+07
-2.20019e+07
2.02028e+08
5.73406e+07
-6.02166e+07
1.15293e+08
1.20656e+08
-4.24806e+06
5.21962e+07
1.26844e+08
2.49127e+07
-5.96116e+07
1.03662e+08
3.78388e+07
1.0124e+08
2.42986e+08
-6.34385e+07
6.33619e+07
1.64406e+08
-3.31402e+06
3.20118e+07
1.80952e+08
-9.88019e+06
8.54911e+07
7.26807e+07
1.23884e+08
-3.38661e+06
4.85911e+06
8.88108e+07
1.07684e+07
9.16436e+07
1.70316e+07
1.11701e+08
1.19154e+08
-7.88855e+07
1.4902e+08
8.69382e+07
1.0364e+08
1.56803e+08
-1.14958e+08
2.00595e+08
8.02369e+07
9.72883e+07
1.51605e+08
7.79122e+07
-4.24314e+07
1.1813e+08
7.51289e+07
1.61571e+07
1.26789e+08
2.78289e+07
9.03389e+07
7.18815e+07
1.14041e+08
-1.07465e+07
4.16393e+07
1.22504e+08
-6.61782e+07
9.80618e+07
9.80468e+07
4.44556e+07
1.16411e+08
1.24262e+08
1.49264e+07
5.28176e+07
1.03065e+08
4.47247e+07
6.70993e+07
1.25738e+08
2.31981e+07
3.85137e+07
1.44009e+08
1.92444e+07
1.46089e+08
7.07887e+07
3.16093e+06
8.51455e+07
1.74078e+08
1.56311e+08
-4.24549e+07
1.24938e+08
5.31982e+07
-4.79061e+06
1.4924e+08
1.27653e+08
-1.5177e+06
8.05375e+07
1.15069e+08
1.77244e+07
1.68502e+08
-5.85795e+07
1.55641e+07
6.62412e+07
9.0864e+07
2.24953e+06
2.78293e+07
1.52182e+08
115443
1.78201e+07
9.99409e+07
7.88666e+07
9.56839e+07
6.64904e+07
1.51653e+08
2.5231e+07
5.93337e+07
1.18494e+07
-3.05704e+07
9.73144e+07
5.19978e+07
1.07866e+08
7.56019e+07
6.73631e+07
1.44771e+08
4.07752e+07
1.36003e+08
-1.29209e+08
2.01057e+08
5.87509e+07
6.98144e+07
1.56785e+08
8.77475e+07
5.29948e+07
-9.88148e+07
1.93905e+08
1.60248e+07
1.22083e+08
1.56653e+08
4.29036e+06
8.89993e+07
1.26211e+08
8.3615e+06
3.64078e+07
1.75646e+08
-7.4842e+07
2.12745e+07
1.82056e+08
7.22572e+07
1.27895e+07
2.30192e+07
1.42948e+08
-7.27417e+06
8.90925e+07
4.69906e+07
3.26636e+07
7.69935e+07
3.13239e+07
1.03829e+08
6.96067e+07
8.48966e+07
4.7406e+07
2.73732e+07
8.70924e+07
1.03008e+08
8.06224e+07
4.02439e+07
1.21044e+08
6.94495e+07
8.06897e+07
5.0388e+07
5.15773e+07
7.88867e+07
1.08036e+08
1.14936e+08
434422
8.12047e+07
8.29875e+07
1.35763e+07
1.09427e+08
3.62453e+07
5.39595e+07
8.62375e+06
1.46073e+07
1.40739e+08
-4.45733e+06
4.29701e+07
7.25452e+07
5.27589e+07
1.2419e+08
2.13183e+07
7.94758e+07
-2.39426e+07
2.63576e+07
4.02269e+07
-9.69034e+06
1.26855e+08
5.15242e+07
6.27724e+07
8.0181e+07
1.02951e+08
7.87956e+06
3.63438e+07
1.1305e+08
8.707e+07
1.18386e+08
9.2025e+07
4.52663e+07
2.95263e+07
173815
6.13784e+07
4.04721e+07
1.12036e+08
1.34107e+07
6.63471e+07
1.40723e+08
7.05454e+07
-5.03767e+06
3.44998e+07
3.14925e+07
6.47642e+07
1.13969e+07
5.69744e+07
1.01107e+08
7.59571e+06
4.28427e+07
1.51208e+08
9.17914e+07
1.60979e+08
1.80328e+08
-1.63721e+08
2.04806e+08
7.94868e+07
1.4541e+08
9.85243e+07
1.68683e+08
6.29971e+07
-2.28379e+07
1.90172e+08
2.59156e+07
1.15337e+08
8.70551e+07
7.88888e+07
2.76021e+07
1.71017e+08
-1.38168e+07
2.9394e+06
1.52286e+08
-2.19818e+07
2.81978e+07
1.45792e+08
1.46077e+08
8.6246e+07
-7.36329e+07
2.01734e+08
1.87324e+07
4.75161e+07
1.31123e+08
9.96517e+07
-1.78894e+07
9.84818e+07
1.36847e+08
9.08518e+07
3.98353e+06
6.22477e+07
6.17586e+07
6.68586e+07
1.64109e+08
9.27577e+07
1.91648e+07
1.4611e+08
3.67348e+07
4.48785e+06
8.36023e+07
5.88901e+07
6.37761e+07
9.29774e+07
1.833e+08
-4.14352e+07
5.90071e+07
7.92386e+07
-4.30741e+07
4.04245e+06
8.49146e+07
1.13526e+08
3.10623e+07
4.232e+07
1.99935e+08
-3.75203e+07
3.01264e+06
2.3393e+07
7.97277e+07
4.35637e+07
8.53602e+07
7.44837e+07
6.56131e+07
9.93028e+06
6.11451e+07
6.04208e+07
2.41096e+07
9.59598e+07
6.84767e+07
9.18719e+07
1.94367e+08
-2.49059e+07
2.22033e+07
1.77443e+07
2.59559e+07
4.38716e+07
7.57045e+06
1.50319e+08
5.05566e+07
-2.99775e+07
2.15327e+08
1.37925e+06
-1.12803e+07
8.55566e+07
6.71406e+07
-255224
2.31869e+07
1.49571e+08
-9.3949e+06
1.05694e+08
-3.33151e+07
7.07413e+07
8.13125e+07
1.62302e+08
-4.57561e+07
3.01745e+07
1.40758e+08
-2.22592e+07
2.35772e+07
1.41199e+08
8.15568e+07
1.91527e+08
-1.58017e+08
2.52703e+08
2.44432e+07
6.2251e+07
1.09024e+08
7.25479e+07
-2.28354e+07
9.69718e+07
1.10566e+08
6.92937e+06
1.29388e+08
3.43156e+07
7.92992e+07
7.34429e+07
1.77851e+08
-4.82086e+07
9.05006e+07
2.86765e+08
-1.52587e+08
2.0445e+08
9.02803e+07
1.90028e+07
1.33212e+08
8.70823e+07
4.11117e+07
6.02773e+07
8.6652e+07
3.6335e+07
8.49467e+07
1.74261e+07
3.01747e+07
5.68178e+07
1.8436e+08
-7.41165e+07
7.22146e+07
1.39611e+08
1.23053e+07
1.01493e+08
2.72701e+08
-7.0717e+07
1.12878e+08
9.24674e+07
9.35071e+07
1.00031e+08
1.23337e+08
-5.73745e+06
4.52057e+07
1.65448e+08
-1.54232e+06
1.014e+08
8.83611e+07
3.69161e+07
3.53913e+07
1.79802e+08
1.69218e+08
-1.17926e+08
1.5321e+08
9.82426e+07
1.94018e+07
1.43781e+08
1.51807e+08
-4.95718e+07
8.11807e+07
1.5101e+08
-1.86306e+07
1.40895e+08
-1.59349e+07
1.82986e+07
9.6577e+07
8.8214e+07
-1.61138e+06
4.25508e+07
1.22887e+08
4.32055e+07
3.28789e+06
1.06919e+08
7.3676e+07
6.61538e+07
8.24783e+07
1.65121e+08
2.08325e+07
6.50874e+07
-1.88312e+07
1.98248e+07
6.66648e+07
2.63277e+07
1.00457e+08
7.28254e+07
5.58025e+07
1.4917e+08
3.79316e+07
1.21116e+08
-1.14344e+08
1.81837e+08
8.16446e+07
7.42829e+07
1.44689e+08
8.72837e+07
6.00257e+07
-9.17068e+07
1.88215e+08
5.27055e+06
1.48683e+08
1.5202e+08
3.26786e+06
9.34558e+07
1.30113e+08
9.55395e+06
2.62644e+07
1.85484e+08
-7.08213e+07
2.32214e+07
1.81971e+08
7.36631e+07
1.12373e+07
1.86019e+07
1.45783e+08
-1.28695e+07
9.0978e+07
5.04457e+07
3.15762e+07
7.24236e+07
3.03022e+07
9.53182e+07
7.71155e+07
8.10995e+07
5.38292e+07
3.00683e+07
8.57631e+07
1.05501e+08
7.5631e+07
4.44658e+07
1.20377e+08
5.85372e+07
8.98369e+07
5.44855e+07
5.11378e+07
7.93956e+07
1.09809e+08
1.21441e+08
-9.58502e+06
8.76317e+07
8.29875e+07
1.35763e+07
1.09427e+08
3.62453e+07
5.39595e+07
8.62375e+06
1.46073e+07
1.40739e+08
-2.4482e+07
7.71024e+07
5.21255e+07
5.13774e+07
1.2648e+08
7.45007e+06
7.49829e+07
-1.03991e+07
1.57309e+07
3.12723e+07
7.57322e+06
1.09051e+08
6.52387e+07
6.0752e+07
7.61263e+07
8.12744e+07
3.04759e+07
4.26095e+07
9.63956e+07
1.06383e+08
1.28147e+08
7.47001e+07
4.01699e+07
3.36143e+07
184201
4.10863e+07
5.41481e+07
8.08634e+07
6.54342e+07
4.69113e+07
1.40454e+08
7.66311e+07
-2.69147e+07
1.84632e+07
5.31975e+07
4.37509e+07
5.76231e+06
8.11768e+07
8.35183e+07
6.90083e+06
-1.42e+07
1.4786e+08
2.47543e+08
1.25564e+08
2.44086e+08
-2.03311e+08
2.16018e+08
9.09048e+07
5.95315e+07
1.85057e+08
1.46742e+08
3.75603e+07
-2.36539e+07
1.95288e+08
289340
1.5875e+08
7.74885e+07
7.4293e+07
2.65486e+07
1.70727e+08
2.06321e+06
-8.19166e+06
1.56338e+08
-4.10186e+07
4.33849e+07
1.52461e+08
1.31177e+08
1.01105e+08
-8.4664e+07
2.02304e+08
9.83368e+06
5.98329e+07
1.38121e+08
8.3715e+07
-6.19735e+06
9.12428e+07
1.47052e+08
9.64192e+07
-9.24943e+06
7.18173e+07
6.51901e+07
5.96085e+07
1.66406e+08
8.58616e+07
1.81231e+07
1.52578e+08
3.58531e+07
1.58907e+06
8.49578e+07
4.46524e+07
7.69099e+07
8.33441e+07
1.98997e+08
-3.97696e+07
4.734e+07
9.10133e+07
-4.97227e+07
9.79778e+06
8.42215e+07
9.76888e+07
5.09821e+07
4.03647e+07
2.07258e+08
-3.78746e+07
5.24032e+06
3.51608e+07
6.08157e+07
5.56858e+07
8.53602e+07
7.44837e+07
6.56131e+07
9.93028e+06
6.11451e+07
6.04208e+07
2.41096e+07
9.59598e+07
6.84767e+07
9.18719e+07
1.94367e+08
-2.49059e+07
2.22033e+07
1.77443e+07
2.59559e+07
4.38716e+07
7.57045e+06
1.50319e+08
6.4705e+06
5.7147e+07
1.66813e+08
-5.04019e+06
-9.49871e+06
4.96223e+07
5.48882e+07
3.51995e+07
882053
1.36103e+08
2.37986e+07
-3.01277e+06
-9.15187e+06
-1.1111e+07
7.07699e+07
1.82432e+08
-4.02761e+07
1.48168e+07
6.51988e+07
5.60347e+07
4.30957e+07
-8.81215e+06
1.69223e+08
-9.44515e+06
6.06831e+07
6.06831e+07
6.06831e+07
6.06831e+07
6.06831e+07
6.06831e+07
6.06831e+07
6.06831e+07
6.06831e+07
6.06831e+07
6.06831e+07
6.06831e+07
2.67299e+08
1.37935e+08
2.39976e+08
-1.99858e+08
2.15376e+08
8.99352e+07
6.10708e+07
1.7721e+08
1.00088e+08
-4.83935e+07
1.17508e+08
1.14628e+08
-4.16462e+07
1.61426e+08
-1.6842e+07
7.04933e+07
8.80977e+07
1.49558e+08
-3.57477e+07
2.72174e+07
1.25933e+08
-1.52684e+07
2.73316e+07
1.38247e+08
8.51257e+07
6.10791e+07
1.63802e+08
1.4702e+07
5.83212e+07
9.8788e+07
3.21395e+07
1.07021e+08
1.08645e+08
2.01825e+07
6.3804e+07
1.37652e+08
1.21825e+07
1.33436e+08
3.07541e+07
4.87614e+07
5.87097e+07
1.77663e+08
1.54245e+08
-4.9742e+07
1.1065e+08
8.28056e+07
-1.2663e+07
1.35396e+08
1.38717e+08
-2.27304e+07
1.11155e+08
1.11726e+08
4.14405e+06
1.68294e+08
-4.30605e+07
-133843
6.58879e+07
1.0541e+08
1.1968e+07
7.19793e+06
1.58339e+08
8.04969e+06
1.49919e+07
8.77492e+07
9.37248e+07
7.80499e+07
8.48571e+07
1.67587e+08
1.69213e+07
6.33504e+07
-1.49578e+07
3.90371e+06
6.25154e+07
4.41399e+07
1.06496e+08
7.29825e+07
5.84012e+07
1.60798e+08
3.41834e+07
1.16975e+08
-1.08151e+08
1.81837e+08
8.16446e+07
7.42829e+07
1.44689e+08
8.72837e+07
6.00257e+07
-9.17068e+07
1.88215e+08
5.27055e+06
1.48683e+08
1.5202e+08
3.26786e+06
9.34558e+07
1.30113e+08
9.55395e+06
2.62644e+07
1.85484e+08
-7.08213e+07
2.32214e+07
1.81971e+08
7.36631e+07
1.12373e+07
1.86019e+07
1.45783e+08
-1.28695e+07
9.0978e+07
5.04457e+07
3.15762e+07
7.24236e+07
3.03022e+07
9.53182e+07
7.71155e+07
8.10995e+07
5.38292e+07
3.00683e+07
8.57631e+07
1.05501e+08
7.5631e+07
4.44658e+07
1.20377e+08
5.85372e+07
8.98369e+07
5.44855e+07
5.11378e+07
7.93956e+07
1.09809e+08
1.21441e+08
-9.58502e+06
8.76317e+07
8.29875e+07
1.35763e+07
1.09427e+08
3.62453e+07
5.39595e+07
8.62375e+06
1.46073e+07
1.40739e+08
-2.4482e+07
7.71024e+07
5.21255e+07
5.13774e+07
1.2648e+08
7.45007e+06
7.49829e+07
-1.03991e+07
1.57309e+07
3.12723e+07
7.57322e+06
1.09051e+08
6.52387e+07
6.0752e+07
7.61263e+07
8.12744e+07
3.04759e+07
4.26095e+07
9.63956e+07
1.06383e+08
1.28147e+08
7.47001e+07
4.01699e+07
3.36143e+07
184201
4.10863e+07
5.41481e+07
8.08634e+07
6.54342e+07
4.69113e+07
1.40454e+08
7.66311e+07
-2.69147e+07
1.84632e+07
5.31975e+07
4.37509e+07
5.76231e+06
8.11768e+07
8.35183e+07
6.90083e+06
-1.42e+07
1.4786e+08
2.47543e+08
1.25564e+08
2.44086e+08
-2.03311e+08
2.16018e+08
9.09048e+07
5.95315e+07
1.85057e+08
1.46742e+08
3.75603e+07
-2.36539e+07
1.95288e+08
289340
1.5875e+08
7.74885e+07
7.4293e+07
2.65486e+07
1.70727e+08
2.06321e+06
-8.19166e+06
1.56338e+08
-4.10186e+07
4.33849e+07
1.52461e+08
1.31177e+08
1.01105e+08
-8.4664e+07
2.02304e+08
9.83368e+06
5.98329e+07
1.38121e+08
8.3715e+07
-6.19735e+06
9.12428e+07
1.47052e+08
9.64192e+07
-9.24943e+06
7.18173e+07
6.51901e+07
5.96085e+07
1.66406e+08
8.58616e+07
1.81231e+07
1.52578e+08
3.58531e+07
1.58907e+06
8.49578e+07
4.46524e+07
7.69099e+07
8.33441e+07
1.98997e+08
-3.97696e+07
4.734e+07
9.10133e+07
-3.76273e+07
-7.57016e+06
9.46027e+07
9.82973e+07
8.08278e+07
2.59784e+06
2.34484e+08
-4.18973e+07
7.85849e+06
6.0587e+07
5.99822e+07
4.22174e+07
9.05777e+07
8.49132e+07
4.58545e+07
4.44264e+07
3.39417e+07
7.03727e+07
2.0692e+07
1.1853e+08
4.37645e+07
9.03695e+07
2.15152e+08
-3.95475e+07
8.80928e+06
4.61752e+07
2.89441e+07
3.54034e+07
9.45406e+06
1.60383e+08
-4.22764e+06
6.24983e+07
1.54599e+08
-1.13351e+07
-8.78486e+06
5.72438e+07
5.12772e+07
4.23392e+07
3.64789e+06
1.54355e+08
2.02127e+07
1.70609e+07
5.96352e+07
1.0334e+08
4.99208e+07
1.18973e+08
-7.84205e+06
8.94805e+07
1.7482e+07
2.06121e+07
8.68534e+07
7.58384e+07
8.80757e+07
-2.70703e+06
6.36668e+07
1.72041e+08
-2.71163e+07
-3.52925e+06
1.22022e+08
1.52872e+07
5.2766e+07
-2.21811e+07
1.59425e+08
-4.09018e+06
3.63721e+07
1.16818e+08
1.37182e+08
1.33104e+08
2.47774e+08
-2.06042e+08
2.1196e+08
9.01685e+07
6.07517e+07
1.75766e+08
9.53334e+07
-4.0844e+07
1.12641e+08
1.14628e+08
-4.16462e+07
1.61426e+08
-1.6842e+07
7.04933e+07
8.80977e+07
1.49558e+08
-3.57477e+07
2.72174e+07
1.25933e+08
-1.52684e+07
2.73316e+07
1.38247e+08
8.51257e+07
6.10791e+07
1.63802e+08
1.4702e+07
5.83212e+07
9.8788e+07
3.21395e+07
1.07021e+08
1.08645e+08
2.01825e+07
6.3804e+07
1.37652e+08
1.21825e+07
1.33436e+08
3.07541e+07
4.87614e+07
5.87097e+07
1.77663e+08
1.54245e+08
-4.9742e+07
1.1065e+08
8.28056e+07
-1.2663e+07
1.35396e+08
1.38717e+08
-2.27304e+07
1.11155e+08
1.11726e+08
4.14405e+06
1.68923e+08
-4.39839e+07
418219
6.59236e+07
1.05359e+08
1.23353e+07
7.32268e+06
1.5796e+08
8.25405e+06
1.52142e+07
8.72859e+07
9.4199e+07
7.76966e+07
8.48962e+07
1.67666e+08
1.73187e+07
6.29335e+07
-1.50761e+07
4.21722e+06
6.33313e+07
4.23299e+07
1.0781e+08
7.31294e+07
5.82244e+07
1.61434e+08
3.47601e+07
1.16246e+08
-1.07803e+08
1.81924e+08
8.10637e+07
7.48242e+07
1.44252e+08
8.7368e+07
6.02247e+07
-9.13705e+07
1.87936e+08
5.10252e+06
1.48902e+08
1.5174e+08
3.25364e+06
9.37679e+07
1.30411e+08
9.2859e+06
2.63422e+07
1.85642e+08
-7.11202e+07
2.33274e+07
1.8172e+08
7.37194e+07
1.11256e+07
1.85682e+07
1.46192e+08
-1.29876e+07
9.07439e+07
5.06769e+07
3.14912e+07
7.22273e+07
3.01395e+07
9.58273e+07
7.69473e+07
8.14597e+07
5.35203e+07
3.02303e+07
8.54943e+07
1.05388e+08
7.56859e+07
4.43765e+07
1.20586e+08
5.83595e+07
8.98745e+07
5.49395e+07
5.07625e+07
7.92246e+07
1.09825e+08
1.21423e+08
-9.65069e+06
8.73713e+07
8.33916e+07
1.33158e+07
1.09427e+08
3.62453e+07
5.39595e+07
8.62375e+06
1.46073e+07
1.40739e+08
-2.4482e+07
7.71024e+07
5.21255e+07
5.13774e+07
1.2648e+08
7.45007e+06
7.49829e+07
-1.03991e+07
1.57309e+07
3.12723e+07
7.57322e+06
1.09051e+08
6.52387e+07
6.0752e+07
7.61263e+07
8.12744e+07
3.04759e+07
4.26095e+07
9.63956e+07
1.06383e+08
1.28147e+08
7.47001e+07
4.01699e+07
3.36143e+07
184201
4.10863e+07
5.41481e+07
8.08634e+07
6.54342e+07
4.69113e+07
1.40454e+08
7.66311e+07
-2.69147e+07
1.84632e+07
5.31975e+07
4.37509e+07
5.76231e+06
8.11768e+07
8.35183e+07
6.90083e+06
-1.42e+07
1.4786e+08
2.47543e+08
1.25564e+08
2.44086e+08
-2.03311e+08
2.16018e+08
9.09048e+07
7.90536e+07
1.55932e+08
1.38066e+08
7.01481e+07
-4.53801e+07
2.05151e+08
4.04001e+06
1.38499e+08
7.83605e+07
1.13088e+08
6.46029e+06
1.53477e+08
3.21441e+07
-2.04381e+07
1.77703e+08
-1.53005e+07
2.59578e+07
1.3078e+08
1.62685e+08
9.48938e+07
-9.60581e+07
2.19476e+08
5.53885e+06
5.44673e+07
1.46697e+08
9.26179e+07
-2.30192e+07
8.8251e+07
1.50913e+08
8.34341e+07
-2.72208e+06
8.16547e+07
6.57417e+07
6.05169e+07
1.70278e+08
8.9115e+07
1.46503e+07
1.4492e+08
3.1114e+07
4.80786e+06
8.41873e+07
4.5235e+07
7.67658e+07
8.10173e+07
2.02967e+08
-4.07329e+07
4.87552e+07
8.94321e+07
-4.38029e+07
1.3973e+07
8.77811e+07
1.1008e+08
4.10756e+07
2.77928e+07
2.07082e+08
-3.64078e+07
3.1672e+06
3.34706e+07
7.09331e+07
5.3226e+07
8.75082e+07
8.51874e+07
5.05562e+07
5.2369e+06
6.12102e+07
5.80205e+07
1.52732e+07
9.76433e+07
7.5018e+07
8.2639e+07
1.94367e+08
-2.49059e+07
2.22033e+07
1.77443e+07
2.59559e+07
4.38716e+07
7.57045e+06
1.50319e+08
6.4705e+06
5.7147e+07
1.66813e+08
-5.04019e+06
-9.49871e+06
4.96223e+07
5.48882e+07
3.51995e+07
882053
1.36103e+08
2.37986e+07
-3.01277e+06
-9.15187e+06
-1.1111e+07
7.07699e+07
1.82432e+08
-4.02761e+07
1.48168e+07
6.51988e+07
5.60347e+07
4.30957e+07
-8.81215e+06
1.69223e+08
-9.44515e+06
6.06831e+07
6.06831e+07
6.06831e+07
6.06831e+07
6.06831e+07
6.06831e+07
6.06831e+07
6.06831e+07
6.06831e+07
6.06831e+07
6.06831e+07
6.06831e+07
2.67299e+08
1.37935e+08
2.39976e+08
-1.99858e+08
2.15376e+08
8.99352e+07
6.10708e+07
1.7721e+08
1.00088e+08
-4.83935e+07
1.17508e+08
1.14628e+08
-4.16462e+07
1.61426e+08
-1.6842e+07
7.04933e+07
8.80977e+07
1.49558e+08
-3.57477e+07
2.72174e+07
1.25933e+08
-1.52684e+07
2.73316e+07
1.38247e+08
8.51257e+07
6.10791e+07
1.63802e+08
1.4702e+07
5.83212e+07
9.8788e+07
3.21395e+07
1.07021e+08
1.08645e+08
2.01825e+07
6.3804e+07
1.37652e+08
1.21825e+07
1.33436e+08
5.78143e+07
9.67994e+06
8.20982e+07
1.78147e+08
7.32703e+07
8.35722e+07
4.21787e+07
6.58193e+07
-9.24464e+06
1.00535e+08
1.18742e+08
3.44431e+07
7.8122e+07
9.56218e+07
5.07267e+07
1.44065e+08
-3.28528e+07
-1.87563e+07
6.74576e+07
5.66487e+07
4.74259e+07
2.19019e+07
1.41082e+08
3.42284e+07
2.30897e+07
5.98793e+07
7.94105e+07
1.01929e+08
8.79742e+07
1.38831e+08
4.54135e+07
4.87816e+07
-3.3549e+06
8.47393e+06
5.4566e+07
5.84773e+07
1.09792e+08
4.2439e+07
7.55762e+07
1.6796e+08
3.84263e+07
1.53465e+08
-1.50257e+08
1.85919e+08
7.30239e+07
3.32337e+07
1.94823e+08
7.09132e+07
9.22243e+07
-1.06653e+08
2.01202e+08
2.11182e+07
1.26642e+08
1.75302e+08
-6.10851e+06
5.27619e+07
1.87196e+08
1.25718e+07
1.45539e+07
2.11992e+08
-7.83784e+07
5.15377e+07
1.71235e+08
9.51027e+07
3.85522e+06
3.03119e+07
1.42047e+08
-1.53586e+07
9.6531e+07
4.18422e+07
3.44371e+07
8.22149e+07
3.3081e+07
8.15639e+07
7.99185e+07
8.29467e+07
4.23588e+07
3.2567e+07
9.55782e+07
1.05649e+08
7.30277e+07
5.02339e+07
1.24193e+08
5.38686e+07
8.78582e+07
4.79162e+07
4.9371e+07
7.8781e+07
1.08924e+08
1.2523e+08
-6.76211e+06
8.87824e+07
8.66545e+07
9.80272e+06
1.06405e+08
4.05627e+07
5.90594e+07
1.58868e+07
1.80396e+07
1.35779e+08
-2.46566e+07
6.72379e+07
5.01489e+07
5.10921e+07
1.27704e+08
1.03369e+07
7.02813e+07
1.44285e+06
2.37788e+07
1.15282e+07
2.07298e+06
1.08353e+08
6.25055e+07
4.71268e+07
7.75998e+07
9.29589e+07
1.57979e+07
4.26095e+07
9.63956e+07
1.06383e+08
1.28147e+08
7.47001e+07
4.01699e+07
3.36143e+07
184201
4.10863e+07
5.41481e+07
8.08634e+07
6.54342e+07
4.69113e+07
1.40454e+08
7.66311e+07
-2.69147e+07
1.84632e+07
5.31975e+07
4.37509e+07
5.76231e+06
8.11768e+07
8.35183e+07
6.90083e+06
-1.42e+07
1.4786e+08
2.47543e+08
2.08989e+08
1.97447e+08
-1.7201e+08
2.13942e+08
8.78644e+07
1.29308e+08
1.05105e+08
1.71096e+08
4.77616e+07
-9.19124e+06
1.89468e+08
3.10251e+07
1.21101e+08
9.06958e+07
9.24274e+07
5.86205e+07
1.1173e+08
2.34687e+07
1.06799e+07
1.38252e+08
1.01208e+07
3.6051e+07
1.18876e+08
1.54903e+08
9.82503e+07
-1.00523e+08
2.23622e+08
4.52756e+06
5.07548e+07
1.34184e+08
1.17667e+08
-3.21098e+07
8.85974e+07
1.51883e+08
8.04562e+07
-9.63573e+06
8.02531e+07
6.58278e+07
6.2643e+07
1.62491e+08
1.06164e+08
1.46667e+07
1.43172e+08
3.26059e+07
3.26526e+06
8.37402e+07
5.55437e+07
6.60519e+07
1.00164e+08
1.78527e+08
-2.98234e+07
5.41599e+07
7.50977e+07
-4.23252e+07
1.07442e+07
8.63205e+07
1.24937e+08
2.22e+07
4.68097e+07
1.89018e+08
-3.68312e+07
3.02914e+06
1.82088e+07
8.92414e+07
6.66645e+07
5.37874e+07
9.96901e+07
9.13637e+07
-4.44971e+07
1.07763e+08
7.78232e+07
1.25967e+06
9.92941e+07
1.11348e+08
4.18683e+07
2.12476e+08
-2.04632e+07
673261
4.13205e+07
3.38987e+07
3.47221e+07
3.21335e+06
1.67003e+08
-1.15664e+07
3.31512e+07
1.9241e+08
677988
-1.44221e+07
5.84992e+07
8.42163e+07
2.84453e+07
-3.18308e+06
1.43109e+08
-2.00058e+06
2.85839e+07
1.95558e+07
6.11905e+07
8.93462e+07
4.4549e+07
1.07315e+08
1.39762e+08
-7.27077e+07
1.45187e+08
9.19991e+07
1.84351e+08
-4.62457e+07
1.8971e+08
4.29923e+07
7.92026e+07
7.89368e+07
7.64337e+07
-2.76944e+07
9.30172e+07
9.33224e+07
8.9084e+07
1.18545e+08
-1.51978e+07
5.98811e+07
1.17698e+08
2.05109e+08
-7.95123e+07
2.12288e+08
-1.18923e+08
1.77131e+08
6.27243e+07
1.56618e+08
1.04801e+08
8.10819e+07
1.57558e+06
1.321e+08
1.62369e+08
-1.06593e+08
1.88391e+08
-2.36441e+07
8.47878e+07
9.91843e+07
1.52369e+08
-2.62633e+07
9.9284e+06
1.6523e+08
-1.19806e+07
6.29949e+07
6.97672e+07
9.3602e+07
8.02745e+07
1.62868e+08
-6.7538e+06
6.97522e+07
1.28984e+08
-6.00453e+06
9.6672e+07
1.4447e+08
3.22819e+07
6.57408e+07
1.56201e+08
5.35498e+07
7.53189e+07
4.38995e+07
4.15846e+07
4.76283e+07
1.80735e+08
1.15903e+08
-1.08889e+07
1.03129e+08
7.3428e+07
1.09133e+07
1.3284e+08
1.22279e+08
-4.16767e+07
1.21587e+08
1.26092e+08
-5.4138e+06
1.51269e+08
-1.95882e+07
-1.02696e+07
5.07765e+07
1.0238e+08
1.95524e+07
-5.80051e+06
1.41284e+08
1.19275e+07
4.9438e+07
5.69603e+07
9.1673e+07
8.72694e+07
6.56708e+07
1.55793e+08
1.38244e+07
9.38069e+07
-9.6065e+06
3.9995e+06
6.00004e+07
3.71426e+07
9.19182e+07
7.1364e+07
5.60408e+07
1.65395e+08
3.42287e+07
1.11891e+08
-8.70715e+07
1.79141e+08
6.35949e+07
7.01037e+07
1.42882e+08
8.39135e+07
4.9445e+07
-8.22038e+07
1.8789e+08
-1.61884e+06
1.48925e+08
1.51788e+08
3.16631e+06
9.36761e+07
1.3017e+08
9.49518e+06
2.62471e+07
1.85731e+08
-7.09938e+07
2.32735e+07
1.81828e+08
7.35973e+07
1.12572e+07
1.85535e+07
1.45825e+08
-1.27363e+07
9.09015e+07
5.06115e+07
3.15221e+07
7.23133e+07
3.03327e+07
9.54648e+07
7.71433e+07
8.13737e+07
5.3594e+07
3.01916e+07
8.55585e+07
1.05415e+08
7.56729e+07
4.43978e+07
1.20536e+08
5.84019e+07
8.98655e+07
5.48311e+07
