-51.5645
-43.0766
-24.1692
15.7716
28.6276
1.80178
-2.97314
0.316828
9.10058
-5.92809
-24.1187
-21.2793
-4.28554
-5.25168
-23.3566
-31.8029
-48.3313
-22.6626
4.59105
5.79267
-1.57241
-24.0588
-33.4411
-16.204
1.41961
37.4264
79.5935
20.6711
0.621258
-51.3983
-9.56339
37.7546
31.4965
81.5517
24.7753
13.398
-16.909
-31.0309
28.4071
41.358
36.5906
4.46104
-28.3986
-15.0987
-3.18101
-6.25184
-20.837
-3.65916
16.0014
27.347
4.51725
-24.9658
-30.0057
-10.1963
5.57649
2.69922
-19.5476
-31.3758
-15.5942
12.7246
9.85605
-2.22561
-15.3437
-14.9691
22.3085
33.8151
11.5843
-17.7709
-36.418
-6.77743
18.2707
5.96092
-22.823
-17.0517
-3.74165
8.81815
5.69547
-18.5062
-23.6504
-14.4841
-8.06982
0.707814
-2.05698
-13.3466
-13.6692
-18.7031
-13.7476
-10.6564
-14.707
4.52757
10.6725
3.11568
-24.4221
-53.6311
-47.9834
-29.4216
-6.61307
-8.18165
-19.926
-16.9716
-11.8231
2.34014
-1.62983
-17.4933
-15.2203
-9.00353
1.2436
16.1238
10.8627
-1.85757
-9.90856
-13.5881
-1.59119
8.21959
5.32874
13.9352
23.305
-6.00322
17.843
28.224
-58.7574
-18.9892
9.84518
26.596
-12.1247
-42.8456
-45.8314
1.39996
90.4263
156.191
40.0493
17.9849
-31.6371
-8.62453
45.3831
91.4282
74.4049
16.9454
4.82564
-29.683
9.65044
21.3043
13.8698
1.25249
2.5694
12.0817
-0.148902
-23.6779
-39.9149
-23.6062
12.7672
30.502
86.2145
31.4351
13.4395
-21.5122
-28.1026
10.327
16.1041
3.57088
-19.0707
0.594716
62.5704
24.912
-1.33425
-33.7796
-48.5714
7.23819
25.1627
10.853
-16.0144
-20.5438
-7.69894
0.744641
-14.0741
-18.4093
-17.4938
2.31588
19.1092
13.16
-10.8962
-34.8989
-39.57
-26.7353
-8.53126
4.42071
7.73369
9.66928
-8.99596
-18.667
-38.6518
-47.759
-28.7546
-22.1877
-5.3003
-8.17871
-14.8789
-12.1256
-11.666
-9.01632
-2.18438
-9.91038
-6.36053
2.45481
7.06499
7.43099
-8.74169
-27.8326
-15.4134
-8.18762
0.780691
-5.44584
-17.1308
-8.76949
-2.8728
-2.36564
-14.7365
-29.936
-10.1718
3.47752
2.0668
-11.4641
-28.2997
-33.8346
-25.04
-7.17927
-11.0915
-1.42707
-25.3537
-11.1361
-10.1954
-24.8768
0.788686
-8.2706
-17.3347
-23.3957
-7.30606
-13.1385
-15.799
-10.1869
-8.59057
-15.1907
-11.0118
-7.01302
-13.9373
-12.4552
23.5903
-27.5385
215.223
174.328
59.6347
25.9263
-57.8064
-3.97077
52.2136
50.6086
7.69728
-21.5651
-1.07433
11.9504
5.72771
-21.3267
-21.1363
5.13462
26.2953
22.5281
7.72752
-26.5008
-27.4508
-3.24761
19.8062
21.5963
13.2066
91.0858
60.9982
40.5896
-3.79683
-57.8631
-5.84734
15.386
20.9856
69.021
4.47622
-48.1004
-11.8518
17.8261
26.1715
59.7039
-54.1906
29.1281
42.5725
49.9852
-7.92229
-58.6887
-4.9309
30.8528
41.7485
2.74466
-14.7302
-15.0052
7.73725
1.94239
-21.4033
-33.2505
-34.082
0.843426
5.61288
-2.89042
-19.3109
-41.2475
-22.9253
-4.13361
2.70257
-1.81275
-4.99568
-9.97597
9.4416
-5.71411
-29.2393
-27.1041
-39.2747
-7.62373
11.1705
4.26477
13.1521
19.7287
33.9818
10.4134
-15.3982
-41.879
-2.98115
21.1844
24.1337
56.571
-19.8962
-6.9512
-25.38
-11.3475
61.3669
35.4565
18.905
-7.70595
-28.4666
2.61491
-0.632877
-16.4515
-27.0108
-6.66483
7.08505
8.79443
-15.2392
-26.7484
-21.4103
-3.99405
7.88914
-6.00363
-18.7774
-22.6956
-6.69651
12.4442
9.97754
-2.16336
-14.8781
-14.6998
22.4988
34.0371
11.3992
-17.6574
-36.5203
-7.05176
18.5197
6.08256
-22.8178
-16.8176
-3.82716
8.84356
5.49501
-18.7013
-23.4734
-14.2175
-8.26072
0.73204
-2.17264
-13.3538
-13.7363
-19.0732
-13.6689
-10.2922
-14.5132
4.76171
10.2744
3.1004
-24.1473
-53.4128
-47.9834
-29.4216
-6.61307
-8.18165
-19.926
-16.9716
-11.8231
2.34014
-1.62983
-17.4933
-15.2203
-9.00353
1.2436
16.1238
10.8627
-1.85757
-9.90856
-13.5881
-1.59119
8.21959
5.32874
13.9352
10.7337
0.410396
21.5904
28.9248
-62.3354
-21.8702
10.9108
23.6627
-8.30666
-44.1884
-46.1804
2.58945
92.8153
156.914
39.4093
18.0508
-32.9127
-7.09112
47.272
92.7676
73.8339
15.5158
5.01193
-29.7339
10.2661
20.8731
14.2843
1.31949
3.57834
13.1342
0.147702
-23.4109
-40.8379
-22.96
13.043
30.493
87.2015
31.8711
13.8096
-20.9856
-28.0439
10.4236
15.4352
3.53052
-18.3058
1.49025
62.6034
24.9813
-1.49249
-33.8341
-48.6687
6.93911
25.7719
11.5379
-15.4727
-20.2104
-8.37575
0.752464
-13.5692
-17.3861
-17.1524
2.53705
19.2924
12.8472
-10.8968
-34.5816
-39.1838
-26.7351
-8.53116
4.4208
7.73396
9.66924
-8.99594
-18.6672
-38.6519
-47.7588
-28.7543
-22.1879
-5.30026
-8.1788
-14.8789
-12.1256
-11.6663
-9.01614
-2.18391
-9.91007
-6.36028
2.45438
7.06499
7.43143
-8.74116
-27.8326
-15.4134
-8.18762
0.780691
-5.44584
-17.1308
-8.76949
-2.8728
-2.36564
-14.7365
-29.936
-10.1718
3.47752
2.0668
-11.4641
-28.2997
-33.8346
-25.04
-7.17927
-11.0915
-1.42707
-25.3537
-11.1361
-10.1954
-24.8768
0.788686
-8.2706
-17.3347
-23.3957
-7.30606
-13.1385
-15.799
-10.1869
-8.59057
-15.1907
-11.0118
-7.01302
-13.9373
-12.4552
23.5903
-27.5385
215.223
174.328
59.6347
25.9263
-57.8064
-3.97077
52.2136
50.6086
7.69728
-21.5651
-1.07433
11.9504
5.72771
-21.3267
-21.1363
5.13462
26.2953
22.5281
-5.16378
-19.9916
-23.6523
-2.53968
15.9982
18.4863
14.3915
93.2307
62.0841
38.6152
-4.04063
-56.4024
-4.5053
15.0785
19.8546
68.7558
-53.2766
-19.5557
5.4188
21.9223
0.95853
51.6796
-48.7232
39.1392
46.1983
39.014
-8.66136
-51.2825
3.33636
29.1928
36.9671
2.30108
-15.339
-8.69817
10.9967
3.0498
-24.0233
-37.6949
-32.4947
1.93678
5.58054
-7.81327
-18.7696
-41.317
-14.8419
1.36038
4.24956
-0.0855171
-7.78208
-5.96616
10.8007
-10.5086
-26.9784
-24.4972
-38.0163
-2.55756
10.1044
4.80909
11.1546
20.3743
39.3759
15.9279
-18.3828
-42.5926
-3.82502
23.2692
24.3466
53.8401
-18.4316
-1.24444
-22.2761
-9.22202
57.6911
36.9158
24.6538
-1.41308
-29.2078
2.61179
0.106285
-15.5777
-27.0001
-6.65824
7.0863
8.78773
-15.2449
-26.7461
-21.406
-3.99163
7.88385
-6.00427
-18.7732
-22.6918
-6.69738
12.4411
9.97661
-2.1637
-14.8744
-14.6976
22.4998
34.0359
11.3968
-17.6566
-36.5202
-7.05156
18.5178
6.08321
-22.8172
-16.814
-3.82483
8.84429
5.4957
-18.7027
-23.472
-14.2171
-8.26233
0.733522
-2.17175
-13.353
-13.734
-19.0735
-13.6688
-10.2938
-14.514
4.76412
10.2773
3.09927
-24.1469
-53.4135
-47.9828
-29.4215
-6.61585
-8.18007
-19.9217
-16.9686
-11.8203
2.33492
-1.62986
-17.4879
-15.2137
-9.00353
1.2436
16.1238
10.8627
-1.85757
-9.90856
-13.5881
-1.59119
8.21959
5.32874
13.9352
10.7337
0.410396
21.5904
28.9248
-62.3354
-21.8702
10.9108
23.6627
-8.30666
-44.1884
-46.1804
2.58945
92.8153
156.914
39.4093
18.0508
-32.9127
-7.09112
47.272
92.7676
73.8339
15.5158
5.01193
-29.7339
10.2661
20.8731
14.2843
1.31949
3.57834
13.1342
0.147702
-23.4373
-40.8244
-22.9521
13.0445
30.4851
87.1954
31.8732
13.8134
-20.9835
-28.0485
10.423
15.4389
3.53377
-18.3066
1.48751
62.6026
24.981
-1.48968
-33.8325
-48.6679
6.93816
25.7699
11.5386
-15.4726
-20.2102
-8.37743
0.753029
-13.5686
-17.383
-17.1503
2.53768
19.293
12.8459
-10.8955
-34.5813
-39.1852
-26.7338
-8.53038
4.42153
7.73599
9.66895
-8.99583
-18.6685
-38.6526
-47.7567
-28.7518
-22.1889
-5.29993
-8.17942
-14.8784
-12.1255
-11.6687
-9.01478
-2.18034
-9.90777
-6.35842
2.45117
7.06498
7.43468
-8.73715
-27.8326
-15.4134
-8.18762
0.780691
-5.44584
-17.1308
-8.76949
-2.8728
-2.36564
-14.7365
-29.936
-10.1718
3.47752
2.0668
-11.4641
-28.2997
-33.8346
-25.04
-7.17927
-11.0915
-1.42707
-25.3537
-11.1361
-10.1954
-24.8768
0.788686
-8.2706
-17.3347
-23.3957
-7.30606
-13.1385
-15.799
-10.1869
-8.59057
-15.1907
-11.0118
-7.01302
-13.9373
-12.4552
23.5903
-27.5385
215.223
174.328
59.6347
25.9263
-57.8064
-3.97077
52.2136
50.6086
7.69728
-21.5651
-1.07433
11.9504
5.72771
-21.3267
-21.1363
5.13462
26.2953
22.5281
-5.16378
-19.9916
-23.6523
-2.53968
15.9982
18.4863
14.3915
93.2307
62.0841
38.6152
-4.04063
-56.4024
-4.5053
15.0785
19.8546
68.7558
-53.2766
-19.5557
5.4188
21.9223
0.95853
51.6796
-48.7232
39.1392
46.1983
39.014
-8.66136
-51.2825
3.33636
29.1928
36.9671
2.30108
-15.339
-8.69817
10.9967
3.0498
-24.0233
-37.6949
-32.4947
1.93678
5.58054
-7.81327
-18.7696
-41.317
-14.8419
1.36038
4.24956
-0.0855171
-7.78208
-5.96616
10.8007
-10.5086
-26.9784
-24.4972
-38.0163
-2.55756
10.1044
4.80909
11.1546
20.3743
39.3759
15.9279
-18.3828
-42.5926
-3.82502
23.2692
24.3466
53.8401
-18.4316
-1.24444
-22.2761
-9.22202
57.6911
36.9158
24.6538
-1.41308
-29.2078
2.61179
0.106285
-15.5567
-27.0108
-6.66483
7.08505
8.79443
-15.2392
-26.7484
-21.4103
-3.99405
7.88914
-6.00363
-18.7774
-22.6956
-6.69651
12.4442
9.97754
-2.16336
-14.8781
-14.6998
22.4988
34.0371
11.3992
-17.6574
-36.5203
-7.05176
18.5197
6.08256
-22.8178
-16.8176
-3.82716
8.84356
5.49501
-18.7013
-23.4734
-14.2175
-8.26072
0.73204
-2.17264
-13.3538
-13.7363
-19.0732
-13.6689
-10.2922
-14.5132
4.76171
10.2744
3.1004
-24.1473
-53.4128
-47.9834
-29.4216
-6.61307
-8.18165
-19.926
-16.9716
-11.8231
2.34014
-1.62983
-17.4933
-15.2203
-9.00353
1.2436
16.1238
10.8627
-1.85757
-9.90856
-13.5881
-1.59119
8.21959
5.32874
13.9352
10.7337
0.410396
21.5904
28.9248
-62.3354
-21.8702
10.9108
23.6627
-8.30666
-44.1884
-46.1804
2.58945
92.8153
156.914
39.4093
18.0508
-32.9127
-7.09112
47.272
92.7676
73.8339
15.5158
5.01193
-29.7339
10.2661
20.8731
14.2843
1.31949
3.57834
13.1342
0.147702
-23.4391
-40.8235
-22.9516
13.0446
30.4846
87.195
31.8734
13.8137
-20.9834
-28.0488
10.423
15.4391
3.53398
-18.3066
1.48733
62.6025
24.981
-1.48949
-33.8324
-48.6679
6.9381
25.7698
11.5387
-15.4726
-20.2102
-8.37755
0.753067
-13.5686
-17.3828
-17.1502
2.53773
19.2931
12.8458
-10.8954
-34.5813
-39.1853
-26.7337
-8.53033
4.42158
7.73612
9.66893
-8.99582
-18.6686
-38.6527
-47.7565
-28.7516
-22.1889
-5.29991
-8.17946
-14.8783
-12.1255
-11.6689
-9.01468
-2.1801
-9.90761
-6.35829
2.45095
7.06498
7.4349
-8.73689
-27.8326
-15.4134
-8.18762
0.780691
-5.44584
-17.1308
-8.76949
-2.8728
-2.36564
-14.7365
-29.936
-10.1718
3.47752
2.0668
-11.4641
-28.2997
-33.8346
-25.04
-7.17927
-11.0915
-1.42707
-25.3537
-11.1361
-10.1954
-24.8768
0.788686
-8.2706
-17.3347
-23.3957
-7.30606
-13.1385
-15.799
-10.1869
-8.59057
-15.1907
-11.0118
-7.01302
-13.9373
-12.4552
23.5903
-27.5385
215.223
174.328
59.6347
25.9263
-57.8064
-3.97077
52.2136
50.6086
7.69728
-21.5651
-1.07433
11.9504
5.72771
-21.3267
-21.1363
5.13462
26.2953
22.5281
-5.16378
-19.9916
-23.6523
-2.53968
15.9982
18.4863
14.3915
93.2307
62.0841
38.6152
-4.04063
-56.4024
-4.5053
15.0785
19.8546
68.7558
-53.2766
-19.5557
5.4188
21.9223
0.95853
51.6796
-48.7232
39.1392
46.1983
39.014
-8.66136
-51.2825
3.33636
29.1928
36.9671
2.30108
-15.339
-8.69817
10.9967
3.0498
-24.0233
-37.6949
-32.4947
1.93678
5.58054
-7.81327
-18.7696
-41.317
-14.8419
1.36038
4.24956
-0.0855171
-7.78208
-5.96616
10.8007
-10.5086
-26.9784
-24.4972
-38.0163
-2.55756
10.1044
4.80909
11.1546
20.3743
39.3759
15.9279
-18.3828
-42.5926
-3.82502
23.2692
24.3466
53.8401
-18.4316
-1.24444
-22.2761
-9.22202
57.6911
36.9158
24.6538
-1.41308
-29.2078
2.61179
0.106285
-15.5777
-27.0001
-6.65824
7.0863
8.78773
-15.2449
-26.7461
-21.406
-3.99163
7.88385
-6.00427
-18.7732
-22.6918
-6.69738
12.4411
9.97661
-2.1637
-14.8744
-14.6976
22.4998
34.0359
11.3968
-17.6566
-36.5202
-7.05156
18.5178
6.08321
-22.8172
-16.814
-3.82483
8.84429
5.4957
-18.7027
-23.472
-14.2171
-8.26233
0.733522
-2.17175
-13.353
-13.734
-19.0735
-13.6688
-10.2938
-14.514
4.76412
10.2773
3.09927
-24.1469
-53.4135
-47.9828
-29.4215
-6.61585
-8.18007
-19.9217
-16.9686
-11.8203
2.33492
-1.62986
-17.4879
-15.2137
-9.00353
1.2436
16.1238
10.8627
-1.85757
-9.90856
-13.5881
-1.59119
8.21959
5.32874
13.9352
10.7337
0.410396
21.5904
28.9248
-62.3354
-21.8702
10.9108
23.6627
-8.30666
-44.1884
-46.1804
2.58945
92.8153
156.914
39.4093
18.0508
-32.9127
-7.09112
47.272
92.7676
73.8339
15.5158
5.01193
-29.7339
10.2661
20.8731
14.2843
1.31949
3.57834
13.1342
0.147702
-23.4373
-40.8244
-22.9521
13.0445
30.4851
87.1954
31.8732
13.8134
-20.9835
-28.0485
10.423
15.4389
3.53377
-18.3066
1.48751
62.6026
24.981
-1.48968
-33.8325
-48.6679
6.93816
25.7699
11.5386
-15.4726
-20.2102
-8.37743
0.753029
-13.5686
-17.383
-17.1503
2.53768
19.293
12.8459
-10.8955
-34.5813
-39.1852
-26.7338
-8.53038
4.42153
7.73599
9.66895
-8.99583
-18.6685
-38.6526
-47.7567
-28.7518
-22.1889
-5.29993
-8.17942
-14.8784
-12.1255
-11.6687
-9.01478
-2.18034
-9.90777
-6.35842
2.45117
7.06498
7.43468
-8.73715
-27.8326
-15.4134
-8.18762
0.780691
-5.44584
-17.1308
-8.76949
-2.8728
-2.36564
-14.7365
-29.936
-10.1718
3.47752
2.0668
-11.4641
-28.2997
-33.8346
-25.04
-7.17927
-11.0915
-1.42707
-25.3537
-11.1361
-10.1954
-24.8768
0.788686
-8.2706
-17.3347
-23.3957
-7.30606
-13.1385
-15.799
-10.1869
-8.59057
-15.1907
-11.0118
-7.01302
-13.9373
-12.4552
23.5903
-27.5385
215.223
174.328
59.6347
25.9263
-57.8064
-3.97077
52.2136
90.9367
92.6594
17.7126
-75.2369
-12.0568
36.3251
64.3491
63.1881
12.5987
-60.567
7.17443
37.8809
13.8774
-29.2837
-27.6923
11.0323
47.7928
33.2507
28.6739
3.06058
20.8085
18.3205
-19.7364
-0.67818
-3.24686
2.66987
55.8417
-36.2729
-15.6911
-5.99701
0.0988845
-4.35161
45.1997
-35.7599
23.7144
22.3071
20.5914
-13.6884
-50.4545
-1.94882
18.1584
25.2639
6.91946
-9.20755
-11.0223
-3.58429
-15.0805
-28.6394
-27.223
-22.6093
5.4629
1.07086
-11.9566
-20.3745
-43.8041
-25.6517
-4.90857
8.27698
9.98527
-14.9492
-32.6482
-15.7756
-16.7763
-19.6831
-16.1123
-44.3067
-19.4596
0.571187
5.43805
9.11242
17.7648
37.5863
16.2145
-17.0222
-43.5646
-6.4596
21.613
24.3467
53.84
-18.4315
-1.2445
-22.2761
-9.22178
57.691
36.9154
24.6536
-1.41325
-29.2075
2.61179
0.105986
-15.5558
-27.0114
-6.66521
7.08498
8.79483
-15.2388
-26.7485
-21.4106
-3.99419
7.88945
-6.00359
-18.7777
-22.6958
-6.69646
12.4444
9.9776
-2.16334
-14.8783
-14.6999
22.4987
34.0372
11.3993
-17.6575
-36.5203
-7.05177
18.5198
6.08253
-22.8179
-16.8178
-3.8273
8.84351
5.49497
-18.7012
-23.4735
-14.2175
-8.26063
0.731953
-2.17269
-13.3539
-13.7365
-19.0732
-13.6689
-10.2921
-14.5131
4.76157
10.2742
3.10047
-24.1473
-53.4127
-47.9834
-29.4216
-6.61291
-8.18174
-19.9263
-16.9718
-11.8233
2.34045
-1.62982
-17.4936
-15.2207
-9.00353
1.2436
16.1238
25.9326
-9.52804
-14.3897
-14.3886
2.90835
11.8799
3.96406
11.3268
9.27971
3.59952
21.9398
-31.8291
-38.165
-5.11972
16.4152
7.55634
-24.3904
-44.8534
-39.6367
23.6609
114.612
179.984
53.9563
27.6913
-37.3667
-14.016
46.9738
96.2674
82.1147
18.5442
6.40816
-33.2719
6.70034
22.2015
14.5569
2.37081
-0.987981
14.1439
0.838197
-18.5303
-37.6109
-22.5045
15.2496
28.8051
91.0193
32.1203
11.7603
-19.3539
-27.1159
11.5791
19.2099
3.70851
-19.0523
-1.97151
61.8288
27.7609
2.72095
-35.7649
-49.9577
5.02156
26.716
11.6762
-18.4904
-19.1257
-4.6916
3.20398
-11.809
-21.2977
-17.5076
6.11521
23.923
12.8473
-10.897
-34.5817
-39.1836
-26.7353
-8.53126
4.42071
7.73369
9.66928
-8.99596
-18.667
-38.6518
-47.759
-28.7546
-22.1877
-5.3003
-8.17871
-14.8789
-12.1256
-11.666
-9.01632
-2.18438
-9.91038
-6.36053
2.45481
7.06499
7.43099
-8.74169
-27.8326
-15.4134
-8.18762
0.780691
-5.44584
-17.1308
-8.76949
-2.8728
-2.36564
-14.7365
-29.936
-10.1718
3.47752
2.0668
-11.4641
-28.2997
-33.8346
-25.04
-7.17927
-11.0915
-1.42707
-25.3537
-11.1361
-10.1954
-24.8768
0.788686
-8.2706
-17.3347
-23.3957
-7.30606
-13.1385
-15.799
-10.1869
-8.59057
-15.1907
-11.0118
-7.01302
-13.9373
-12.4552
23.5903
-27.5385
215.223
174.328
34.7625
39.246
-54.4506
-3.22455
47.8749
47.433
9.90969
-19.117
0.764419
7.28704
5.06658
-18.9733
-19.2066
4.24051
24.4737
22.5715
-6.16905
-18.0769
-23.3626
-2.05898
15.3553
16.7402
15.7572
97.4648
64.3818
38.0849
-3.85299
-57.654
-2.18227
17.0283
20.7655
70.6816
-55.634
-19.1713
5.66676
21.1856
1.8279
53.1463
-49.328
41.1381
46.6729
39.5794
-9.63567
-52.5174
4.3978
30.8438
36.8853
2.42253
-15.9717
-8.66868
11.0892
1.96022
-23.8779
-36.801
-32.0704
2.68236
4.18435
-8.01775
-17.7122
-40.2747
-14.8419
1.36038
4.24956
-0.0855171
-7.78208
-5.96616
10.8007
-10.5086
-26.9784
-24.4972
-38.0163
-2.55756
10.1044
4.80909
11.1546
20.3743
39.3759
15.9279
-18.3828
-42.5926
-3.82502
23.2692
24.3466
53.8401
-18.4316
-1.24444
-22.2761
-9.22202
57.6911
31.0106
27.7701
0.320829
-29.1056
0.813163
-1.38333
-15.1631
-26.2128
-6.16467
5.78501
8.64659
-14.2974
-26.0025
-21.9201
-4.99406
7.63615
-6.22406
-17.9786
-22.3565
-6.51784
12.1362
9.26648
-1.96924
-15.0422
-14.8309
22.0216
34.4685
11.6277
-16.8177
-36.1675
-6.94066
18.7958
5.67391
-22.6127
-16.8698
-4.36281
9.27845
5.73875
-13.0897
-25.8567
-16.1236
-8.63664
1.94094
-1.0911
-13.4016
-14.1172
-20.059
-12.4996
-10.4574
-15.629
3.80599
9.88539
4.23262
-23.2399
-53.2778
-49.0893
-31.5944
-7.13268
-6.90227
-18.0867
-17.2798
-11.8512
2.2363
-0.633734
-17.7842
-15.5211
-10.7794
0.074766
15.7414
10.5088
-1.13345
-10.6232
-13.7588
-0.761161
7.47291
4.88031
13.5262
9.5695
0.594702
21.5076
29.5546
-41.779
-32.8002
3.77871
22.8918
17.1402
-48.7082
-57.319
-8.29224
98.6019
95.6731
91.0426
-17.0781
-18.8429
-12.2505
44.9673
91.85
89.2981
26.5895
0.293566
-35.0695
11.7434
30.1161
18.6657
-0.996507
-1.08903
11.7619
6.21819
-22.5142
-42.8217
-27.9474
8.44518
32.9
29.7878
69.1575
28.5118
-19.6553
-52.201
3.8591
26.8894
18.7649
-13.0269
-13.7986
72.6215
35.3044
3.56236
-37.7215
-59.1839
8.00769
31.6345
18.1143
-10.7113
-22.4145
-13.5125
-4.36415
-10.661
-18.8698
-14.9017
-6.02762
20.7596
12.4822
-5.58973
-31.9016
-40.7507
-26.0186
-7.40124
5.00122
10.0383
8.39251
-0.810462
-14.9314
-35.97
-45.4707
-31.4282
-22.5694
-8.50177
-10.7367
-10.5063
-6.17176
-15.9858
-9.09728
-4.64799
-9.62773
-7.12203
-3.89403
10.5592
16.445
-4.06193
-25.6191
-25.0642
-9.25282
8.66072
3.77977
-17.1308
-8.76949
-2.8728
-2.36564
-14.7365
-29.936
-10.1718
3.47752
2.0668
-11.4641
-28.2997
-33.8346
-25.04
-7.17927
-11.0915
-1.42707
-25.3537
-11.1361
-10.1954
-24.8768
0.788686
-8.2706
-17.3347
-23.3957
-7.30606
-13.1385
-15.799
-10.1869
-8.59057
-15.1907
-11.0118
-7.01302
-13.9373
-12.4552
23.5903
-27.5385
215.223
172.542
36.6601
-82.7467
-2.41598
32.0681
64.3798
19.237
-20.0634
-13.062
20.9619
19.6306
-22.149
-27.9447
-3.75253
22.5072
24.2226
10.0728
-13.6059
-25.6713
-11.5773
6.86476
22.6158
12.8106
4.68103
119.809
73.2027
42.4892
-11.7387
-61.2197
-0.180975
31.0601
30.6567
78.236
29.2937
-65.3193
-14.8964
17.7135
21.725
75.9272
-38.5992
23.4765
41.6178
51.6482
-4.05208
-63.2397
-7.80375
35.6673
49.4556
5.06723
-13.7826
-21.4065
4.55385
-0.199319
-23.1714
-26.5343
-27.2123
4.71984
6.0157
-8.52975
-18.4551
-33.8652
-18.3143
-5.86792
1.90591
-0.679589
-2.71303
-10.2829
7.08877
-5.66043
-30.0536
-25.8501
-37.0083
-10.2477
10.7179
5.49681
14.5256
21.3102
30.8312
7.02379
-14.3191
-41.2824
-0.922896
21.5646
22.3078
55.799
-19.8421
-8.96326
-25.8026
-12.9671
62.4662
36.6011
16.673
-10.8074
-30.0485
1.86313
1.42537
-15.5047
-28.2646
-8.3295
7.08505
8.79443
-15.2392
-26.7484
-21.4103
-3.99405
7.88914
-6.00363
-18.7774
-22.6956
-6.69651
12.4442
9.97754
-2.16336
-14.8781
-14.6998
22.4988
34.0371
11.3992
-17.6574
-36.5203
-7.05176
18.5197
6.08256
-22.8178
-16.8176
-3.82716
8.84356
5.49501
-18.7013
-23.4734
-14.2175
-8.26072
0.73204
-2.17264
-13.3538
-13.7363
-19.0732
-13.6689
-10.2922
-14.5132
4.76171
10.2744
3.1004
-24.1473
-53.4128
-47.9834
-29.4216
-6.61307
-8.18165
-19.926
-16.9716
-11.8231
2.34014
-1.62983
-17.4933
-15.2203
-9.00353
1.2436
16.6461
10.5958
-2.01415
-9.93808
-13.433
-1.46428
8.17219
5.23895
13.885
10.8436
0.424153
21.504
28.8527
-62.3184
-21.8092
10.9286
23.6692
-8.38106
-44.2395
-46.2143
2.6536
92.9423
160.116
28.2056
19.9409
-31.2513
-5.19593
46.6416
90.8203
73.6342
16.0182
6.28077
-30.6772
9.46919
21.1296
15.1826
1.60783
3.09011
12.9989
-0.527405
-23.0532
-40.6354
-22.5705
13.2139
29.8316
87.3991
31.8983
14.1366
-21.45
-28.0482
10.0293
15.7854
3.83434
-18.3254
1.79381
62.1674
25.2183
-1.22222
-34.3328
-48.6144
6.97777
25.6225
11.9512
-15.5567
-20.0272
-8.51676
0.371406
-13.5609
-16.8818
-17.3647
2.66388
19.1436
12.9207
-10.6476
-35.0655
-39.3991
-26.5243
-8.43196
5.00099
7.30868
9.33203
-8.98629
-18.2381
-38.6518
-47.759
-28.7546
-22.1877
-5.3003
-8.17871
-14.8789
-12.1256
-11.666
-9.01632
-2.18438
-9.91038
-6.36053
2.45481
9.60738
6.13207
-9.50352
-27.9728
-14.6562
-7.56954
0.550584
-5.88029
-17.3907
-8.14279
-2.78287
-2.96584
-15.2676
-29.8051
-9.71689
3.61073
2.11446
-11.9855
-28.6497
-34.0359
-24.5778
23.5091
-5.36577
3.48455
-3.41169
19.6165
-3.45207
-7.15144
-26.9326
-18.0303
-5.96803
-7.01484
16.0578
-11.2793
-2.32746
17.2485
-10.2767
-6.58037
-4.79261
-17.4481
4.74493
0.931819
23.3822
4.88794
212.279
173.554
69.6033
23.1741
-59.952
-5.14094
53.3507
145.545
-42.9732
-49.1171
-7.15176
41.7451
30.9302
-27.5185
-36.1559
-4.71147
45.2436
23.3457
-19.7181
-31.9986
-16.945
10.5921
18.5761
19.0859
-1.14793
74.222
11.7537
62.1834
15.7985
-55.0412
-16.8804
3.72185
29.2228
70.2856
-49.7102
-38.1728
-3.42313
25.3049
3.84596
53.3046
-56.0932
35.1836
49.2852
38.4798
-7.96858
-50.7501
-4.60165
25.9582
37.1578
6.34503
-12.4924
-16.4643
5.105
7.04861
-19.7445
-32.9077
-32.6157
2.2677
9.44259
-8.40235
-25.9913
-48.5794
-17.09
10.8776
5.48638
-4.82356
-18.2043
-6.26694
8.715
-12.3679
-25.0066
-21.7862
-41.3776
-2.38855
9.27998
5.49184
11.4226
17.8239
42.1833
20.3056
-16.5828
-41.9521
-7.62869
23.7646
28.4429
59.4455
-18.4316
-1.24444
-22.2761
-9.22202
57.6911
36.9158
24.6538
-1.41308
-29.2078
2.61179
0.106285
-15.5777
-27.0001
-6.65824
7.0863
8.78773
-15.2449
-26.7461
-21.406
-3.99163
7.88385
-6.00427
-18.7732
-22.6918
-6.69738
12.4411
9.97661
-2.1637
-14.8744
-14.6976
22.4998
34.0359
11.3968
-17.6566
-36.5202
-7.05156
18.5178
6.08321
-22.8172
-16.814
-3.82483
8.84429
5.4957
-18.7027
-23.472
-14.2171
-8.26233
0.733522
-2.17175
-13.353
-13.734
-19.0735
-13.6688
-10.2938
-14.514
4.76412
10.2773
3.09927
-24.1469
-53.4135
-47.9828
-29.4215
-6.61585
-8.18007
-19.9217
-16.9686
-11.8203
2.33492
-1.62986
-17.4879
-15.2137
-9.00353
1.2436
16.1238
10.8627
-1.85757
-9.90856
-13.5881
-1.59119
8.21959
5.32874
13.9352
10.7337
0.410396
21.5904
28.9248
-62.3354
-21.8702
10.9108
23.6627
-8.30666
-44.1884
-46.1804
2.58945
92.8153
156.914
39.4093
18.0508
-32.9127
-7.09112
47.272
92.7676
73.8339
15.5158
5.01193
-29.7339
10.2661
20.8731
14.2843
1.31949
3.57834
13.1342
0.147702
-23.4074
-40.8397
-22.9611
13.0428
30.494
87.2023
31.8708
13.8091
-20.9859
-28.0433
10.4236
15.4347
3.53009
-18.3057
1.49062
62.6035
24.9813
-1.49287
-33.8343
-48.6688
6.93924
25.7721
11.5378
-15.4727
-20.2104
-8.37553
0.752388
-13.5693
-17.3865
-17.1526
2.53697
19.2924
12.8473
-10.897
-34.5817
-39.1836
-26.7353
-8.53126
4.42071
7.73369
9.66928
-8.99596
-18.667
-38.6518
-47.759
-28.7546
-22.1877
-5.3003
-8.17871
-14.8789
-12.1256
-11.666
-9.01632
-2.18438
-9.91038
-6.36053
2.45481
7.06499
7.43099
-8.74169
-27.8326
-15.4134
-8.18762
0.780691
-5.44584
-17.1308
-8.76949
-2.8728
-2.36564
-14.7365
-29.936
-10.1718
3.47752
2.0668
-11.4641
-28.2997
-33.8346
-25.04
-7.17927
-11.0915
-1.42707
-25.3537
-11.1361
-10.1954
-24.8768
0.788686
-8.2706
-17.3347
-23.3957
-7.30606
-13.1385
-15.799
-10.1869
-8.59057
-15.1907
-11.0118
-7.01302
-13.9373
-12.4552
23.5903
-27.5385
215.223
174.328
59.6347
25.9263
-57.8064
-3.97077
52.2136
50.6086
7.69728
-21.5651
-1.07433
11.9504
5.72771
-21.3267
-21.1363
5.13462
26.2953
22.5281
-5.16378
-19.9916
-23.6523
-2.53968
15.9982
18.4863
14.3915
93.2307
62.0841
38.6152
-4.04063
-56.4024
-4.5053
15.0785
19.8546
68.7558
-53.2766
-19.5557
5.4188
21.9223
0.95853
51.6796
-48.7232
39.1392
46.1983
39.014
-8.66136
-51.2825
3.33636
29.1928
36.9671
2.30108
-15.339
-8.69817
10.9967
3.0498
-24.0233
-37.6949
-32.4947
1.93678
5.58054
-7.81327
-18.7696
-41.317
-14.8419
1.36038
4.24956
-0.0855171
-7.78208
-5.96616
10.8007
-10.5086
-26.9784
-24.4972
-38.0163
-2.55756
10.1044
4.80909
11.1546
20.3743
39.3759
15.9279
-18.3828
-42.5926
-3.82502
23.2692
24.3466
53.8401
-18.4316
-1.24444
-22.2761
-9.22202
57.6911
36.9158
24.6538
-1.41308
-29.2078
2.61179
0.106285
-15.5555
-27.0114
-6.66521
7.08498
8.79483
-15.2388
-26.7485
-21.4106
-3.99419
7.88945
-6.00359
-18.7777
-22.6958
-6.69646
12.4444
9.9776
-2.16334
-14.8783
-14.6999
22.4987
34.0372
11.3993
-17.6575
-36.5203
-7.05177
18.5198
6.08253
-22.8179
-16.8178
-3.8273
8.84351
5.49497
-18.7012
-23.4735
-14.2175
-8.26063
0.731953
-2.17269
-13.3539
-13.7365
-19.0732
-13.6689
-10.2921
-14.5131
4.76157
10.2742
3.10047
-24.1473
-53.4127
-47.9834
-29.4216
-6.61291
-8.18174
-19.9263
-16.9718
-11.8233
2.34045
-1.62982
-17.4936
-15.2207
-9.00353
1.2436
16.1238
10.8627
-1.85757
-9.90856
-13.5881
-1.59119
8.21959
5.32874
13.9352
10.7337
0.410396
21.5904
28.9248
-62.3354
-21.8702
10.9108
23.6627
-8.30666
-44.1884
-46.1804
2.58945
92.8153
156.914
39.4093
18.0508
-32.9127
-7.09112
47.272
92.7676
73.8339
15.5158
5.01193
-29.7339
10.2661
20.8731
14.2843
1.31949
3.57834
13.1342
0.147702
-23.4091
-40.8388
-22.9605
13.0429
30.4935
87.2019
31.871
13.8094
-20.9858
-28.0436
10.4236
15.435
3.53031
-18.3058
1.49043
62.6034
24.9813
-1.49268
-33.8342
-48.6688
6.93918
25.772
11.5379
-15.4727
-20.2104
-8.37564
0.752426
-13.5692
-17.3863
-17.1525
2.53701
19.2924
12.8472
-10.8969
-34.5817
-39.1837
-26.7352
-8.53121
4.42076
7.73382
11.2927
-9.82553
-19.175
-38.7492
-47.2018
-28.2972
-22.356
-5.61951
-8.35817
-14.4577
-12.0684
-12.0465
-9.35492
-2.10583
-9.62203
-6.27548
2.48623
6.73142
7.23601
-8.83709
-27.7154
-15.1749
-8.27538
0.767579
-5.46873
-16.9122
-8.84624
-2.96102
-2.8876
-15.076
-30.0383
-10.2704
3.68386
1.85084
-11.5216
-28.0188
-34.1244
-25.3308
-4.3507
-18.7873
7.33209
-3.36424
14.2064
8.48096
-20.4114
-16.9567
11.2629
-2.93001
3.57363
-1.18858
0.949666
18.1439
-7.68937
-23.0963
-15.6405
-11.4288
26.2255
1.31096
-22.0997
-17.6869
-27.5385
215.223
174.328
59.6347
25.9263
-57.8064
-3.97077
52.2136
50.6086
7.69728
-21.5651
-1.07433
11.9504
5.72771
-21.3267
-21.1363
5.13462
26.2953
22.5281
-5.16378
-19.9916
-23.6523
-2.53968
15.9982
18.4863
14.3915
93.2307
62.0841
38.6152
-4.04063
-56.4024
-4.5053
15.0785
19.8546
68.7558
-53.2766
-19.5557
5.4188
21.9223
0.95853
51.6796
-48.7232
39.1392
46.1983
39.014
-8.66136
-51.2825
3.33636
31.4779
35.795
16.3605
-22.929
-12.3999
10.7051
7.23584
-20.7523
-39.1307
-34.4337
0.600423
8.28328
-7.73865
-21.1137
-43.19
-14.125
3.56371
4.49758
-0.054252
-10.3505
-7.27562
10.326
-9.69175
-25.0831
-25.0732
-37.707
-2.77107
11.5362
3.87124
10.3417
17.47
37.4791
15.5386
-18.925
-41.5547
-4.60957
22.7992
25.289
52.6768
-19.1911
-1.72691
-23.7522
-8.80792
57.5655
37.5365
-18.4772
19.9062
-18.7594
5.68204
-13.6926
-26.8844
-24.3436
0.635729
12.5824
-2.16934
-19.8034
-20.6485
-15.979
-4.74538
0.720183
-10.8025
-23.4884
-16.4902
-2.77087
15.1331
7.40862
-8.34122
-14.0302
-15.6582
23.9268
30.938
13.0685
-17.3107
-30.777
-2.66485
20.6097
7.50038
-27.1663
-14.7129
-3.41149
5.47245
8.61311
-12.8145
-25.6164
-11.7044
-9.92197
2.26842
-4.34565
-16.2456
-11.0534
-15.3695
-15.7279
-10.2395
-18.2141
4.95938
10.8399
-1.24148
-22.9421
-49.6053
-47.7794
-28.5599
-16.4688
-9.18772
-12.9086
-8.21525
-11.85
2.24786
-0.751397
-17.7536
-15.489
-10.5739
0.210728
15.7875
10.5508
-1.21933
-10.542
-13.7417
-0.859395
7.56049
4.93257
13.5751
9.7063
0.572305
21.5194
29.4836
-61.9688
-22.7032
9.88199
24.0518
-8.43217
-43.8113
-46.3432
2.57467
94.3178
155.883
37.935
17.2633
-33.4942
-6.01277
47.2452
91.6398
72.6186
15.5158
5.01193
-29.7339
10.2661
20.8731
21.2405
-2.23446
1.4909
12.7314
2.22385
-21.6969
-41.4385
-24.1366
12.3694
31.9392
87.3242
30.8128
12.9346
-20.7793
-27.3093
10.6334
15.5122
2.7014
-18.7856
1.25187
62.8633
25.523
-1.68645
-33.8484
-48.702
7.37933
25.6186
11.3902
-16.274
-20.7284
-8.53479
0.599968
-13.2399
-17.7122
-17.2402
2.90383
18.95
12.6413
-11.0801
-35.1032
-39.0867
-26.7538
-8.19842
4.59141
7.25147
9.09418
-8.7658
-18.7372
-38.4863
-47.863
-28.7565
-21.657
-5.59235
-8.94913
-15.3988
-12.5754
-10.8135
-9.00271
-3.04689
-10.9603
-6.36053
2.45481
7.06499
7.43099
-8.74169
-27.8326
-15.4134
-8.18762
0.780691
-5.44584
-17.1308
-8.76949
-2.8728
-2.36564
-14.7365
-29.936
-10.1718
3.47752
2.0668
-11.4641
-28.2997
-33.8346
-25.04
-7.17927
-11.0915
-1.42707
-25.3537
-11.1361
-10.1954
-24.8768
0.788686
-8.2706
-17.3347
-23.3957
-7.30606
-13.1385
-15.799
-10.1869
-8.59057
-15.1907
-11.0118
-7.01302
-13.9373
-12.4552
23.5903
-27.5385
215.223
174.328
59.6347
25.9263
-57.8064
-3.97077
52.2136
50.6086
7.69728
-21.5651
-1.07433
11.9504
5.72771
-21.3267
-21.1363
5.13462
26.2953
22.5281
-5.16378
-19.9916
-23.6523
-2.53968
15.9982
18.4863
14.3915
93.2307
62.0841
38.6152
-4.04063
-56.4024
-4.5053
15.0785
19.8546
68.7558
-53.2766
-19.5557
5.4188
21.9223
0.95853
51.6796
-48.7232
39.1392
46.1983
17.6834
2.04126
-46.2886
4.48255
23.3324
32.4833
4.1539
-12.1983
-7.01764
6.54107
2.39396
-21.1662
-35.6111
-34.2667
-0.901919
4.74959
-8.50155
-16.276
-40.7428
-14.5106
-0.119229
1.5197
0.662432
-8.16509
-6.1711
8.68268
-10.3706
-27.4369
-21.4521
-36.9258
-2.02515
11.0253
3.08119
13.0359
21.3445
38.6586
17.7326
-18.1579
-43.0722
-1.81219
23.3717
24.9394
53.6633
-19.7758
0.570419
-20.6003
-10.5907
59.2912
37.0572
25.4629
-1.53673
-31.7557
3.52704
2.56297
-14.3627
-26.3743
-9.42232
7.1023
11.4428
-12.5771
-26.7484
-21.4103
-3.99405
7.88914
-6.00363
-18.7774
-22.6956
-6.69651
12.4442
9.97754
-2.16336
-14.8781
-14.6998
22.4988
34.0371
11.3992
-17.6574
-36.5203
-7.05176
18.5197
6.08256
-22.8178
-16.8176
-3.82716
8.84356
5.49501
-18.7013
-23.4734
-14.2175
-8.26072
0.73204
-1.65893
-13.6162
-13.8904
-19.1018
-13.5079
-10.1549
-14.5668
4.66035
10.2176
3.22495
-24.1319
-53.5187
-48.0821
-29.3969
-6.52129
-8.15417
-19.9148
-17.0914
-11.9033
2.29608
-1.57797
-17.3858
-15.2593
-9.00895
1.23351
18.5618
9.63299
-2.59123
-10.2076
-12.9992
-1.05523
7.97409
4.99243
13.6405
11.2082
0.549351
21.1338
28.5614
-62.291
-21.6959
11.0056
23.6853
-8.5748
-44.3733
-46.4777
2.59523
53.907
170.284
50.2634
-2.06168
-30.9161
-6.22104
52.5168
90.6412
74.0428
14.3916
6.80926
-27.0847
8.58473
19.9003
15.2257
3.02447
2.76038
13.3132
0.817448
-23.8248
-40.8292
-23.9666
14.3407
30.5493
87.4704
32.045
14.304
-20.7778
-28.2358
11.8126
15.8612
5.21251
-18.5552
2.27895
63.9564
24.1474
-0.218544
-33.6214
-49.8994
8.24431
33.9351
7.81084
-17.6257
-21.2266
-5.14303
3.0543
-15.1999
-18.2163
-17.1529
3.73193
19.7922
10.6735
-11.4154
-33.4286
-38.8858
-26.0765
-8.48892
3.91164
8.91687
9.55868
-8.80939
-17.0705
-37.9447
-48.0647
-28.8601
-21.1604
-5.27335
-8.43475
-16.4124
-13.1883
-12.0067
-9.33093
-1.46065
-10.6196
-6.5465
3.27046
6.33632
6.98992
-9.11861
-28.9359
-15.2111
-8.23467
1.49365
-5.06397
-18.2018
-10.1801
-2.19799
-2.5577
-14.2524
-30.1595
-10.1648
4.84916
1.28981
-13.4461
-29.6731
-35.102
-20.2028
5.90095
-19.8691
-25.0233
-25.3537
-11.1361
-10.1954
-24.8768
0.788686
-8.2706
-17.3347
-23.3957
-7.30606
-13.1385
-15.799
-10.1869
-8.59057
-15.1907
-11.0118
-7.01302
-13.9373
-12.4552
23.5903
-27.5385
215.223
174.328
59.6347
25.9263
-57.8064
-3.97077
52.2136
50.6086
95.3308
40.6802
-72.2696
-22.5181
23.4519
31.6849
0.629184
-16.7425
-1.62311
26.5285
19.3876
-25.4399
-45.6514
-12.5211
27.2635
62.1614
50.2525
-12.3561
44.6584
43.4651
17.02
-44.4828
-15.4924
5.53035
21.4429
81.9238
-52.9963
-31.5603
-5.56072
11.7655
-3.42154
42.0252
-46.6208
29.4869
-7.71297
67.3377
11.99
-52.4684
-19.3872
11.002
36.2962
13.8573
-11.6718
-15.3633
0.64299
0.406665
-19.1734
-34.7593
-35.0057
-3.91388
6.61168
5.04304
-16.0074
-47.3521
-31.9034
-15.6372
12.2875
19.0574
-14.9865
-33.3854
-6.08422
-6.20483
-10.9953
-22.6067
-39.7282
-4.38559
11.4995
11.0953
2.19259
10.6422
45.2472
22.8782
-11.1166
-46.2172
-13.5875
22.4679
27.3363
54.8939
-13.7188
3.73927
-25.9599
-9.17378
59.4174
39.203
25.0851
-6.85512
-28.9575
7.99024
3.37818
-12.7082
-33.7951
-7.25739
13.3031
15.2818
-15.5638
-27.0516
-22.3452
-3.84294
7.83353
-5.40406
-18.445
-23.5234
-7.7066
12.8486
9.83616
-1.90953
-15.0569
-14.7031
23.2802
33.5812
10.3254
-18.3115
-37.0346
-6.10754
18.5123
5.12678
