1.73200000
1.73200000
1.96000000
1.73200000
1.70600000
1.73400000
1.76600000
1.76600000
2.02600000
1.76200000
1.70400000
1.83400000
1.83200000
1.82600000
1.90800000
1.79800000
1.73200000
1.80200000
1.76400000
1.86000000
1.99800000
1.77200000
1.73400000
1.76600000
1.76000000
1.73800000
1.93000000
1.80000000
1.73200000
1.76600000
1.79800000
1.80000000
1.99000000
1.73800000
1.76000000
1.77200000
1.76400000
1.73200000
2.00000000
1.70000000
1.79800000
1.73200000
1.76400000
1.76200000
1.97000000
1.72800000
1.80600000
1.80000000
1.86000000
1.73800000
1.99200000
1.70200000
1.76600000
1.76000000
1.83200000
1.77400000
1.99800000
1.79200000
1.79800000
1.83800000
1.79800000
1.76400000
2.03200000
1.83000000
1.76600000
1.95400000
1.70200000
1.86600000
1.96600000
1.83000000
1.76000000
1.83600000
1.76600000
1.82600000
1.90400000
1.83000000
1.73200000
1.82600000
1.70400000
1.76600000
1.95800000
1.76400000
1.76800000
1.77200000
1.78800000
1.67000000
1.86600000
1.73200000
1.72600000
1.70600000
1.83400000
1.73400000
1.96800000
1.96600000
2.05800000
1.83800000
1.96600000
1.93200000
2.16200000
1.92600000
1.96800000
1.93200000
2.00600000
1.99200000
2.03400000
1.70400000
1.83400000
1.73200000
1.82400000
1.70400000
1.96600000
1.76600000
1.80000000
1.76400000
1.85800000
1.84000000
2.00000000
1.80000000
1.76000000
1.80600000
1.76600000
1.80000000
1.96600000
1.79600000
1.79800000
1.79400000
1.84000000
1.76600000
1.96200000
1.76600000
1.75600000
1.73800000
1.72800000
1.83200000
2.00000000
1.70000000
1.77400000
1.80000000
1.73200000
1.80000000
2.06000000
1.79800000
1.76400000
1.67000000
1.86000000
1.83000000
1.94200000
1.76600000
1.76600000
1.76000000
1.83800000
1.86000000
1.90400000
1.76200000
1.86000000
1.73800000
2.46600000
1.80000000
1.96600000
1.73400000
1.79800000
1.76000000
1.77000000
1.82600000
1.94000000
1.76600000
1.80000000
1.79400000
1.79800000
1.77200000
2.03200000
1.79800000
1.83200000
1.79600000
1.79800000
1.79200000
2.10200000
1.73800000
1.76800000
1.88800000
1.70200000
1.95800000
1.86600000
1.73400000
1.76600000
1.82400000
1.73800000
1.79200000
2.03600000
1.73000000
1.73800000
1.79400000
1.73800000
1.79600000
1.92600000
1.86600000
1.73200000
1.80000000
1.77200000
1.89000000
1.90000000
1.80000000
1.76800000
1.85800000
1.73800000
1.80000000
1.96200000
1.82400000
1.77200000
1.76600000
1.83200000
1.82200000
1.93800000
1.79200000
1.83000000
1.70400000
1.80000000
1.76000000
2.00800000
1.76000000
1.80200000
1.75600000
1.83800000
1.76800000
2.02600000
1.79800000
1.76400000
1.77400000
1.85800000
1.73000000
1.87200000
1.75800000
1.82800000
2.09800000
1.70600000
1.85800000
1.87400000
1.76400000
1.76000000
1.70600000
1.76600000
1.79200000
1.87600000
1.79200000
1.70600000
1.86000000
1.73200000
1.76400000
1.97600000
1.89200000
1.63600000
1.79400000
1.73600000
1.76000000
1.93400000
1.83000000
1.72600000
1.77200000
1.86600000
1.76600000
1.99600000
1.80000000
1.85600000
1.70400000
1.79800000
1.76400000
2.09200000
1.69800000
1.80600000
1.76800000
1.86600000
1.79800000
2.06000000
1.77000000
1.82800000
1.77200000
1.80000000
1.79400000
1.97600000
1.82600000
1.73600000
1.79200000
1.83600000
1.76400000
1.99400000
1.84000000
1.83400000
1.79800000
1.82600000
1.77200000
1.89000000
1.80000000
1.73200000
1.76200000
1.79800000
1.76600000
1.97600000
1.83000000
1.73400000
1.79800000
1.76400000
1.83000000
1.93000000
1.86000000
1.70400000
1.79800000
1.83200000
1.79800000
1.93000000
1.76600000
1.72600000
1.82800000
1.73800000
1.73200000
1.96800000
1.73400000
1.80000000
1.79000000
1.73800000
1.86000000
1.97400000
1.73000000
1.80200000
1.76000000
1.80000000
1.77400000
2.02000000
1.73600000
1.85800000
1.73600000
1.80000000
1.76600000
1.99800000
1.79400000
1.77400000
1.80000000
1.83200000
1.73200000
2.03400000
1.73200000
1.80000000
1.76600000
1.76200000
1.77200000
1.96000000
1.80400000
1.89000000
1.67000000
1.76000000
1.77400000
1.96600000
1.80000000
1.70000000
1.76600000
1.79200000
1.90000000
1.90800000
1.79000000
1.73400000
1.79800000
1.73200000
1.70400000
1.96600000
1.82400000
1.66600000
1.77200000
1.76400000
1.79800000
1.86400000
1.76400000
1.76600000
1.73200000
1.76600000
1.89200000
1.90000000
1.73600000
1.79600000
1.75800000
1.83000000
1.77000000
1.93200000
1.73200000
1.83400000
1.69800000
1.79800000
1.72400000
1.93800000
1.73000000
1.80000000
1.73200000
1.80000000
1.76800000
2.03000000
1.83400000
1.79400000
1.74000000
1.76800000
1.73200000
1.95800000
1.73800000
1.70000000
1.86000000
1.67000000
1.79200000
2.00200000
1.83000000
1.79800000
1.73600000
1.69600000
1.80000000
1.93200000
1.80000000
1.76600000
1.83200000
1.76600000
1.86400000
2.00000000
1.83400000
1.79800000
1.83400000
1.76600000
1.89200000
1.87400000
1.76800000
1.79400000
1.77200000
1.83200000
1.79200000
2.11000000
1.80000000
1.79800000
1.76600000
1.76600000
1.79200000
1.97400000
1.75800000
1.80600000
1.76400000
1.86600000
1.82600000
1.93800000
1.76600000
1.80000000
1.80000000
1.90000000
1.80200000
2.57000000
1.76600000
1.76000000
1.70000000
1.82800000
1.73200000
2.09000000
1.67200000
1.73400000
1.76600000
1.76000000
1.80600000
2.02800000
1.70400000
1.73400000
1.79800000
1.86000000
1.69800000
1.94200000
1.80000000
1.76600000
1.80000000
1.73200000
1.79800000
1.90000000
1.79800000
1.73400000
1.76800000
1.76600000
1.82600000
1.90600000
1.80000000
1.82600000
1.67000000
1.76400000
1.75800000
1.94200000
1.76000000
1.83400000
1.73400000
1.84000000
1.76200000
2.00600000
1.76600000
1.83200000
1.72800000
1.80400000
1.79400000
1.97200000
1.70000000
1.83200000
1.76600000
1.79800000
1.76600000
2.02200000
1.70400000
1.76600000
1.73200000
1.80000000
1.76000000
2.00200000
1.63800000
1.76600000
1.76000000
1.70000000
1.80000000
1.90800000
1.76200000
1.73800000
1.80000000
1.70000000
1.79000000
1.89800000
1.70200000
1.69400000
1.77200000
1.80000000
1.76200000
1.90800000
1.76000000
1.73200000
1.70000000
1.76600000
1.93800000
1.90000000
1.73400000
1.70000000
1.76600000
1.72800000
1.77000000
1.89800000
1.76800000
1.73200000
1.80000000
1.76000000
1.70400000
1.96400000
1.73200000
1.82800000
1.69800000
1.80600000
1.73200000
1.96600000
1.79800000
1.83400000
1.82400000
1.73600000
1.76000000
1.96000000
1.76600000
1.80000000
1.72400000
1.84000000
1.79800000
2.06000000
1.80600000
1.82600000
1.67200000
1.76600000
1.80000000
1.95600000
1.73800000
1.76600000
1.76600000
1.76600000
1.83000000
1.96600000
1.86400000
1.76600000
1.83200000
1.80000000
1.86600000
1.96400000
1.79800000
1.73200000
1.82600000
1.83000000
1.82600000
1.94200000
1.79400000
1.76600000
1.77200000
1.72800000
1.74000000
1.92600000
1.70600000
1.76600000
1.72400000
1.73800000
1.73200000
2.09000000
1.69800000
1.74000000
1.73000000
1.69800000
1.75800000
1.94000000
1.70000000
1.75600000
1.70000000
1.76800000
1.80800000
2.06200000
1.63600000
1.79200000
1.67200000
1.79200000
1.67000000
1.99400000
1.76600000
1.77400000
1.72600000
1.80000000
1.76200000
1.97400000
1.83200000
1.76600000
1.76600000
1.76000000
1.77200000
1.93400000
1.79800000
1.76000000
1.80600000
1.76600000
1.79800000
1.96400000
1.80000000
1.83400000
1.79400000
1.70400000
1.73400000
1.95800000
1.73400000
1.72800000
1.77200000
1.73200000
1.85800000
1.90000000
1.73800000
1.79800000
1.80000000
1.73200000
1.76600000
1.96800000
1.79200000
1.77200000
1.76600000
1.89800000
1.72800000
2.01000000
1.76800000
1.86600000
1.79200000
1.77200000
1.73400000
2.02600000
1.70400000
1.79800000
1.73400000
1.86000000
1.84000000
1.96800000
1.69800000
1.83200000
1.76400000
1.82400000
1.70400000
2.02400000
1.76200000
1.77200000
1.76200000
1.80600000
1.80000000
1.96400000
1.89200000
1.80600000
1.80000000
1.76600000
1.86400000
1.99800000
1.80000000
1.83400000
1.79400000
1.76400000
1.86600000
1.99200000
1.73200000
1.67200000
1.79600000
1.70000000
1.79800000
1.96400000
1.76600000
1.73200000
1.79400000
1.76600000
1.77200000
1.96400000
1.79200000
1.70600000
1.82600000
1.70600000
1.73200000
2.06600000
1.80000000
1.82400000
1.77000000
1.83200000
1.85800000
2.00000000
1.77200000
1.80000000
1.79200000
1.76800000
1.76600000
1.99200000
1.76600000
1.77200000
1.76600000
1.83200000
1.76600000
2.03200000
1.79800000
1.80000000
1.83400000
1.86800000
1.75800000
1.97600000
2.43200000
1.80000000
1.83200000
1.83000000
1.86600000
2.09400000
1.82800000
1.77200000
1.76600000
1.80000000
1.79600000
1.93400000
1.89400000
1.76600000
1.83000000
1.73800000
1.90000000
2.02800000
1.80600000
1.76600000
1.79400000
1.80600000
1.73400000
1.89600000
1.80000000
1.73000000
1.73000000
1.80000000
1.76600000
1.99600000
1.79400000
1.79800000
1.79600000
1.73800000
1.76400000
2.05600000
1.70000000
1.83800000
1.79400000
1.80000000
1.77200000
2.03000000
1.76600000
1.83400000
1.76600000
1.86000000
1.77200000
1.99200000
1.80600000
1.80000000
1.82800000
1.80600000
1.76600000
1.99200000
1.82600000
1.74000000
1.83400000
1.73400000
1.83400000
2.00000000
1.79000000
1.76600000
1.77200000
1.73200000
1.76000000
1.93400000
1.80000000
1.73200000
1.86400000
1.70400000
1.80000000
1.99400000
1.73600000
1.73000000
1.82400000
1.73800000
1.73200000
1.99400000
1.83200000
1.69800000
1.86000000
1.63000000
1.74000000
1.96600000
1.72600000
1.80600000
1.72800000
1.80000000
1.74000000
1.99000000
1.77200000
1.80000000
1.76600000
1.80000000
1.76600000
2.03400000
1.80000000
1.82800000
1.77200000
1.86200000
1.79400000
1.97600000
1.79800000
1.83400000
1.79200000
1.74000000
1.76200000
2.00000000
1.77200000
1.80000000
1.79800000
1.76600000
1.76400000
2.02400000
1.77000000
1.76000000
1.76600000
1.73800000
1.92400000
1.83600000
1.89200000
1.66600000
1.83000000
1.83000000
1.70200000
2.06000000
1.67200000
1.86000000
1.67200000
1.76600000
1.80000000
1.93200000
1.79400000
1.77200000
1.76400000
1.89000000
1.73800000
1.99200000
1.76600000
1.86400000
1.73200000
1.80000000
1.76600000
1.99400000
1.70000000
1.80000000
1.73200000
1.79400000
1.70000000
2.09800000
1.70600000
1.83400000
1.76600000
1.76000000
1.70600000
2.02600000
1.73400000
1.74000000
1.76600000
1.86000000
1.76600000
2.04000000
1.76600000
1.80000000
1.76600000
1.83400000
1.73400000
1.96600000
1.82800000
1.73400000
1.83400000
1.73400000
1.76600000
1.94000000
1.79800000
1.72600000
1.84000000
1.76600000
1.83400000
1.93400000
1.89200000
1.67200000
1.76200000
1.77200000
1.80000000
1.96600000
1.83200000
1.83200000
1.86000000
1.73800000
1.83400000
1.96200000
1.86600000
1.73400000
1.86600000
1.77200000
1.80000000
2.03400000
1.82600000
1.77200000
1.73000000
1.83400000
1.76600000
2.00000000
1.76600000
1.80000000
1.76200000
1.92200000
1.76600000
2.00200000
1.80600000
1.80000000
1.73200000
1.83400000
1.79200000
1.93800000
1.76400000
1.96000000
1.73400000
1.70600000
1.72800000
1.97600000
1.75800000
1.70600000
1.83000000
1.76600000
1.89400000
1.94200000
1.76200000
1.73400000
1.76600000
1.80000000
1.83400000
1.99200000
1.74000000
1.76600000
1.86600000
1.76400000
1.76600000
1.96600000
1.80000000
1.80000000
1.82800000
1.76600000
1.89600000
1.96000000
1.80000000
1.73400000
1.80000000
1.76600000
1.79800000
2.00000000
1.82600000
1.77000000
1.80000000
1.86600000
1.76600000
2.19200000
1.70600000
1.83400000
1.76600000
1.83400000
1.76800000
1.99800000
1.92600000
1.67000000
1.80000000
1.83400000
1.80000000
2.06400000
1.90000000
1.99000000
1.83000000
1.87400000
1.73400000
1.99600000
1.76600000
1.80000000
1.79200000
1.73600000
1.82800000
2.04200000
1.89400000
2.23800000
1.89200000
1.69800000
1.73800000
1.92600000
1.83400000
1.70000000
1.80000000
1.73800000
1.76600000
2.01800000
1.67200000
1.76600000
1.76000000
1.74000000
1.80000000
1.93400000
1.79800000
1.76000000
1.73800000
1.76600000
1.79600000
1.92400000
1.73800000
1.79400000
1.70600000
1.80000000
1.79200000
1.93200000
1.77200000
1.80000000
1.76000000
1.84000000
1.80000000
2.02600000
1.77200000
1.79800000
1.79200000
1.77200000
1.80000000
2.03400000
1.76000000
1.77200000
1.76600000
1.80000000
1.86000000
1.90800000
1.79400000
1.73800000
1.76600000
1.80000000
1.76000000
1.94200000
1.80000000
1.72600000
1.80000000
1.80600000
1.82600000
1.90200000
1.92600000
1.63600000
1.82800000
1.73800000
1.80000000
1.96600000
1.80000000
1.76600000
1.79600000
1.86000000
1.77200000
1.96600000
1.80000000
1.79200000
1.83200000
1.70600000
1.89200000
1.96800000
1.73800000
1.75800000
1.86600000
1.83200000
1.82600000
1.90000000
1.77200000
1.83200000
1.79200000
1.80200000
1.73800000
2.02600000
1.76600000
1.80600000
1.82800000
1.77200000
1.76600000
2.00000000
1.73000000
1.79400000
1.67200000
1.76600000
1.72600000
1.93800000
1.73200000
1.73400000
1.69600000
1.80000000
1.73400000
1.99000000
1.77200000
1.79400000
1.80600000
1.80000000
1.76600000
1.96600000
1.82600000
1.70600000
1.76600000
1.80000000
1.80000000
1.93400000
1.86000000
1.76400000
1.70400000
1.82600000
1.80000000
1.96600000
1.76200000
1.80600000
1.80200000
1.79400000
2.00600000
2.22600000
1.96000000
1.89800000
1.96600000
1.83600000
1.76600000
1.96600000
1.76600000
1.79800000
1.76600000
1.89200000
1.70600000
1.99400000
1.80000000
1.80000000
1.77200000
1.90000000
1.76000000
1.97200000
1.73400000
1.73200000
1.79400000
1.73400000
1.73400000
1.96800000
1.70000000
1.83800000
1.82800000
1.70000000
1.70000000
1.97000000
1.76000000
1.79800000
1.73400000
1.66800000
1.76600000
1.92600000
1.83200000
1.66600000
1.73600000
1.79400000
1.73800000
1.96600000
1.82800000
1.66600000
1.80600000
1.79800000
1.79200000
1.90600000
1.80000000
1.76600000
1.86000000
1.76400000
1.79200000
1.97000000
1.90000000
1.76600000
1.86600000
1.77200000
1.83400000
1.92600000
1.87200000
1.82400000
1.86600000
1.76400000
1.70400000
2.00000000
1.82600000
1.73800000
1.76600000
1.82800000
1.77200000
1.95800000
1.83800000
1.89600000
1.86600000
2.09000000
1.83400000
2.14000000
1.96000000
1.97400000
1.86600000
1.80000000
1.82600000
1.94000000
1.73400000
1.82600000
1.83800000
1.80000000
1.82600000
2.03600000
1.70400000
1.76600000
1.83200000
1.82600000
1.86600000
2.07000000
1.77200000
1.86200000
1.77200000
1.76600000
1.83400000
1.96600000
1.80000000
1.76600000
1.80000000
1.82800000
1.79800000
1.99400000
1.76600000
1.80600000
1.79400000
1.70600000
1.73400000
1.96600000
1.73400000
1.73400000
1.79600000
1.76600000
1.89200000
1.90400000
1.73400000
1.83000000
1.79200000
1.73200000
1.73800000
1.96600000
1.73400000
1.79400000
1.70600000
1.83400000
1.69800000
1.99400000
1.76600000
1.86000000
1.80000000
1.77200000
1.73400000
1.99600000
1.76000000
1.83200000
1.70600000
1.83200000
1.79400000
2.07000000
1.76600000
1.80000000
1.77200000
1.76600000
1.83400000
1.93400000
1.86000000
1.70600000
1.79800000
1.79800000
1.80000000
2.02600000
1.90600000
1.79800000
2.40000000
1.82600000
1.83200000
1.87400000
1.83400000
1.76600000
1.86000000
1.70400000
1.76600000
1.93000000
1.89000000
1.70400000
1.80000000
1.86000000
1.70600000
1.96400000
1.76600000
1.85800000
1.69800000
1.76800000
1.73800000
2.02800000
1.70000000
1.73800000
1.79200000
1.70600000
1.82600000
1.96600000
1.76400000
1.73600000
1.73400000
1.76600000
1.76600000
1.96600000
1.73400000
1.80000000
1.82600000
1.77200000
1.79400000
1.97200000
1.76600000
1.82400000
1.73800000
1.76600000
1.80000000
1.96600000
1.83200000
1.79200000
1.80600000
1.76600000
1.80000000
1.96600000
1.83400000
1.76000000
1.80600000
1.92600000
1.70400000
1.96600000
1.83200000
1.79400000
1.83000000
1.77200000
1.80000000
1.96600000
1.83400000
1.76600000
1.83200000
1.79000000
2.00600000
1.95800000
1.76600000
1.74000000
1.76600000
1.80000000
1.76400000
2.03000000
1.76400000
1.79800000
1.76000000
1.80000000
1.74000000
2.02000000
1.67200000
1.79400000
1.70000000
1.80000000
1.70600000
1.96200000
1.72800000
1.77200000
1.70000000
1.89200000
1.60600000
1.93400000
1.73200000
1.76400000
1.73400000
1.79400000
1.67200000
1.92800000
1.77200000
1.73200000
1.76600000
1.79000000
1.77200000
1.93400000
1.83400000
1.76000000
1.77200000
1.76600000
1.82600000
1.93800000
1.79200000
1.80400000
1.83400000
1.80000000
1.80000000
1.99600000
1.76600000
1.82400000
1.76400000
1.73800000
1.86000000
1.93800000
1.76000000
1.76600000
1.73200000
1.86600000
1.60600000
1.99600000
1.82600000
1.73200000
1.86600000
1.73800000
1.76400000
1.96000000
1.73800000
1.76600000
1.76400000
1.76600000
1.76400000
2.00000000
1.80000000
1.76000000
1.76800000
1.76600000
1.77200000
2.00000000
1.73400000
1.82600000
1.70600000
1.80000000
1.70000000
2.05600000
1.74000000
1.76600000
1.76200000
1.73200000
1.76400000
1.93000000
1.76600000
1.76400000
1.82600000
1.77200000
1.86000000
2.00000000
1.77200000
1.76000000
1.76600000
1.80600000
1.76200000
1.94000000
1.80000000
1.76000000
1.86600000
1.73800000
1.76400000
1.96400000
1.80000000
1.76600000
1.80000000
1.76600000
1.76600000
1.93400000
1.76600000
1.89200000
1.60400000
1.86000000
1.70600000
2.05800000
1.80000000
1.87200000
1.92400000
1.97200000
1.90000000
2.16000000
1.89800000
1.96400000
1.93200000
1.96600000
2.09800000
2.10000000
1.76600000
1.86000000
1.97400000
1.99200000
1.90600000
2.16000000
1.90600000
1.99800000
1.93200000
2.03400000
1.99800000
2.22400000
1.77200000
1.76600000
1.83400000
1.76200000
1.80000000
1.94000000
1.82600000
1.83200000
1.73800000
1.76600000
1.86600000
1.96400000
1.83400000
1.73400000
1.79400000
1.73200000
1.80200000
1.92800000
1.76400000
1.67000000
1.80000000
1.73200000
1.76000000
1.87400000
1.82600000
1.67000000
1.72800000
1.89200000
1.73800000
2.05400000
1.73200000
1.83200000
1.66200000
1.87200000
1.73200000
1.99600000
1.76800000
1.76000000
1.77200000
1.80000000
1.73400000
2.03400000
1.79400000
1.80000000
1.80000000
1.77200000
1.73400000
2.03400000
1.86000000
1.80600000
1.76800000
1.83400000
1.76600000
2.03000000
1.96000000
1.63800000
1.83400000
1.80000000
1.89800000
2.03400000
1.82800000
1.80000000
1.84000000
1.82600000
1.77000000
1.96600000
1.80000000
1.79800000
1.82600000
1.70000000
1.80600000
2.65600000
1.76400000
1.73400000
1.80600000
1.82600000
1.70600000
1.93200000
1.76600000
1.76000000
1.77200000
1.80000000
1.73200000
2.02600000
1.70000000
1.80800000
1.73000000
1.82400000
1.73800000
2.05800000
1.67200000
1.79400000
1.74000000
1.80000000
1.76600000
1.99600000
1.72800000
1.83400000
1.76200000
1.79800000
1.82400000
1.94200000
1.73200000
1.80000000
1.76600000
1.79800000
1.76600000
1.96600000
1.76800000
1.82400000
1.73800000
1.76600000
1.80000000
2.00000000
1.76000000
1.77200000
1.89400000
1.80000000
1.80400000
1.99400000
1.83200000
1.76600000
1.76400000
1.76400000
1.79800000
1.93200000
1.80000000
1.73200000
1.80000000
1.79800000
1.76600000
1.93000000
1.80000000
1.73400000
1.76800000
1.73200000
1.76600000
1.93400000
1.73000000
1.80000000
1.73200000
1.83200000
1.73200000
1.96400000
1.76600000
1.80000000
1.73400000
1.80000000
1.75800000
2.00200000
1.73200000
1.77200000
1.76800000
1.82600000
1.73400000
1.97600000
1.72800000
1.80400000
1.69800000
1.80000000
1.82600000
1.87400000
1.73000000
1.79400000
1.70600000
1.76400000
1.76600000
2.03400000
1.79800000
1.73200000
1.79200000
1.76400000
1.77400000
1.93000000
1.76600000
1.73400000
1.76000000
1.73800000
1.82800000
1.96600000
1.70000000
1.73400000
1.80400000
1.70000000
1.79800000
1.99400000
1.73400000
1.76600000
1.79400000
1.79800000
1.77000000
1.96400000
1.80000000
1.73400000
1.76400000
1.76400000
1.79800000
1.99400000
1.69800000
1.80600000
1.79400000
1.77200000
1.76400000
1.96600000
1.76400000
1.89800000
1.96600000
2.02600000
1.96600000
2.17600000
1.99200000
2.00600000
1.96600000
2.10000000
1.96600000
2.03200000
1.79000000
1.73800000
1.82600000
1.79800000
1.73800000
2.00000000
1.80000000
1.73400000
1.89200000
1.70600000
1.79800000
1.96600000
1.76600000
1.73400000
1.76800000
1.73200000
1.83400000
1.92800000
1.80000000
1.69400000
1.86000000
1.70000000
1.86400000
1.93600000
1.80600000
1.76600000
1.80000000
1.79000000
1.70000000
1.94200000
1.83200000
1.76600000
1.75800000
1.80600000
1.76600000
1.93000000
1.79200000
1.80400000
1.79400000
1.80000000
1.77400000
2.00000000
1.83400000
1.83200000
1.79400000
1.80600000
1.80000000
1.99600000
1.80000000
1.83200000
1.80000000
1.89400000
1.80600000
2.06600000
1.80000000
1.83200000
1.86000000
1.80600000
1.80000000
2.03400000
1.79000000
1.90600000
1.83200000
1.89400000
1.80400000
2.00000000
1.76600000
1.82800000
1.74000000
1.76600000
1.89200000
1.87200000
1.82600000
1.74000000
1.76600000
1.76200000
1.90000000
1.90600000
1.80000000
1.80000000
1.79800000
1.73400000
1.80000000
2.00000000
1.76600000
1.70000000
1.82600000
1.77200000
1.86600000
1.99000000
1.77200000
1.82600000
1.70000000
1.86600000
1.76600000
1.97200000
1.83400000
1.86800000
1.92400000
1.79400000
1.73800000
2.05600000
1.80400000
1.80000000
1.82200000
1.84000000
1.80000000
2.06200000
1.86000000
1.80600000
1.80000000
1.86600000
1.85800000
2.03200000
1.77400000
1.80000000
1.85600000
1.96200000
1.73800000
1.96400000
1.83400000
1.79200000
1.80600000
1.80000000
1.79800000
1.99200000
1.77200000
1.73400000
1.79800000
1.83200000
1.76600000
2.00000000
1.89400000
1.77200000
1.83200000
1.79800000
1.83400000
2.00000000
1.89200000
1.70400000
1.80000000
1.89400000
1.90600000
1.99800000
1.79400000
1.77200000
2.40000000
1.89200000
1.74000000
2.00000000
1.76600000
1.86400000
1.82800000
1.77200000
1.79800000
2.02600000
1.73800000
1.92400000
1.67200000
1.86600000
1.79200000
2.03200000
1.74000000
1.83400000
1.76600000
1.89200000
1.70600000
2.00000000
1.76600000
1.86600000
1.76600000
1.80000000
1.76600000
2.02000000
1.74000000
1.73400000
1.83400000
1.80000000
1.80000000
1.93000000
1.83200000
1.73200000
1.80000000
1.82600000
1.80600000
1.93000000
1.83000000
1.75600000
1.86400000
1.76200000
1.80600000
1.96400000
1.92600000
1.66600000
1.80600000
1.82600000
1.80600000
1.99200000
1.80600000
1.76600000
1.92600000
1.76400000
1.80400000
2.03000000
1.86000000
1.77200000
1.76800000
1.86600000
1.76600000
2.05800000
1.73800000
1.83400000
1.76400000
1.92800000
1.77200000
1.99000000
1.80600000
1.80000000
1.76000000
1.86400000
1.73000000
2.06600000
1.77000000
1.80000000
1.76600000
1.83400000
1.76600000
1.93000000
1.76600000
1.76600000
1.76600000
1.76600000
1.79400000
1.90200000
1.76600000
1.70600000
1.76600000
1.80000000
1.76600000
1.93400000
1.76600000
1.82800000
1.74000000
1.76600000
1.76600000
1.99400000
1.77200000
1.80000000
1.82600000
1.77200000
1.83200000
1.99800000
1.86000000
1.74000000
1.80000000
1.80000000
1.86000000
1.97400000
1.76400000
1.79600000
1.76600000
1.96000000
1.67200000
1.95800000
1.79400000
1.77200000
1.89200000
1.83200000
1.73200000
2.00600000
1.76000000
1.80600000
1.79800000
1.86600000
1.83000000
2.03000000
1.86600000
1.79800000
1.79200000
1.83200000
1.67200000
1.99400000
1.77200000
1.85800000
1.70000000
1.96600000
1.76400000
1.94000000
1.83400000
1.73200000
1.83400000
1.76000000
1.80600000
1.96600000
1.79800000
1.73200000
1.79800000
1.82800000
1.84000000
1.93200000
1.80000000
1.76600000
1.76000000
1.86600000
1.76800000
1.87200000
1.80000000
1.72800000
1.77200000
1.86000000
1.73600000
1.93400000
1.80000000
1.72800000
1.77400000
1.79600000
1.83200000
2.02400000
1.77200000
1.80000000
1.72800000
1.86600000
1.76600000
1.99400000
1.89800000
1.80000000
1.80000000
1.80600000
1.80000000
2.06600000
1.89400000
1.73800000
1.79200000
1.79600000
1.86600000
1.90600000
1.73400000
1.79200000
2.13600000
1.90000000
1.69800000
1.97200000
1.80000000
1.76000000
1.83800000
1.83000000
1.83400000
1.96800000
1.79200000
1.80000000
1.80600000
1.79800000
1.83400000
1.96600000
1.80000000
1.76600000
1.86200000
1.90000000
1.70600000
1.96600000
1.82600000
1.77000000
1.76600000
1.79400000
1.99600000
1.90200000
1.83200000
1.79600000
1.73600000
1.79400000
1.80400000
2.00000000
1.76600000
1.86400000
1.80000000
1.83400000
1.76000000
2.00400000
1.76600000
1.80000000
1.80000000
1.86600000
1.83200000
2.12000000
1.63800000
1.80000000
1.73400000
1.86000000
1.77200000
1.99400000
1.73800000
1.83200000
1.76000000
1.89400000
1.70600000
2.00000000
1.82800000
1.80600000
1.73400000
1.79800000
1.82600000
2.00400000
1.83800000
1.76600000
1.80000000
1.82600000
1.80200000
1.96600000
1.90000000
1.82600000
1.73800000
1.83400000
1.83400000
1.96000000
1.82800000
1.80000000
1.82800000
1.80400000
1.86600000
2.00000000
1.89400000
1.80600000
1.83400000
1.80000000
1.82600000
2.03400000
1.77200000
1.80000000
1.79400000
1.86600000
1.80000000
2.63800000
1.79800000
1.92800000
1.73800000
1.93400000
1.89400000
1.93800000
1.73400000
1.82800000
1.76400000
1.83400000
1.80000000
2.00000000
1.63200000
1.80600000
1.76600000
1.80000000
1.73200000
2.00000000
1.73200000
1.79800000
1.73200000
1.83400000
1.80000000
1.93400000
1.76600000
1.79400000
1.80400000
1.80000000
1.76400000
1.96000000
1.83400000
1.76000000
1.90000000
1.70400000
1.83000000
1.96600000
1.86600000
1.76600000
1.83400000
1.80000000
1.83400000
1.96600000
1.82800000
1.77200000
1.86000000
1.83800000
1.83400000
2.00000000
1.83200000
1.79400000
1.77200000
1.86400000
1.76000000
2.06600000
1.77200000
1.83400000
2.19400000
1.86600000
1.83400000
1.84000000
1.86200000
1.73600000
1.79400000
1.80200000
1.76600000
2.00000000
1.76000000
1.80000000
1.77200000
1.86600000
1.79400000
1.97200000
1.86000000
1.76600000
1.73600000
1.89000000
1.86600000
1.90800000
1.76600000
1.79800000
1.76600000
1.79600000
1.83400000
1.97200000
1.80000000
1.80000000
1.83400000
1.76400000
1.80000000
1.99600000
1.80000000
1.82600000
1.80600000
1.76600000
1.86000000
1.97400000
1.85800000
1.76600000
1.90000000
1.70400000
1.82600000
1.94200000
1.80000000
1.80000000
1.89000000
1.79800000
1.70600000
2.00000000
1.80000000
1.89400000
1.73800000
1.79800000
1.76600000
1.99400000
1.73400000
1.82800000
1.73800000
1.86600000
1.73400000
2.00000000
1.82600000
1.77000000
1.72800000
1.80000000
1.76600000
2.00000000
1.73000000
1.80000000
1.76200000
1.87200000
1.76000000
2.00600000
1.82800000
1.80000000
1.76800000
1.92600000
1.79800000
1.90600000
1.83200000
1.76600000
1.83400000
1.83000000
1.95800000
1.87400000
1.86600000
1.76200000
1.83000000
1.83400000
1.82600000
2.00600000
1.86200000
1.86600000
1.76600000
1.86800000
1.83400000
2.02600000
1.77200000
1.76600000
1.79400000
1.83800000
1.80000000
1.99400000
1.70200000
1.76600000
1.70000000
1.89200000
1.73800000
1.96600000
1.76600000
1.79400000
1.67200000
1.82600000
1.73800000
1.96600000
1.76400000
1.79400000
1.83200000
1.77200000
1.76600000
2.12200000
1.70600000
1.83200000
1.79400000
1.77200000
1.82800000
2.00400000
1.76600000
1.89400000
1.73200000
1.83800000
1.79600000
2.06400000
1.86600000
1.76600000
1.83200000
1.80000000
1.86000000
1.97200000
1.82600000
1.89800000
1.73800000
1.83400000
1.83000000
2.00000000
1.80000000
1.83600000
1.85800000
1.86600000
1.83800000
2.06000000
1.79800000
1.77200000
1.89400000
1.80200000
1.83400000
2.03000000
1.86600000
1.80000000
1.86000000
1.80000000
1.77200000
2.09400000
1.70400000
1.82800000
1.77200000
1.86000000
1.77200000
2.06000000
1.86400000
1.73400000
1.83400000
1.89600000
1.82800000
1.97400000
1.82600000
1.77200000
1.76000000
1.90000000
1.73800000
2.03000000
1.85800000
1.73800000
1.72800000
1.87200000
1.72800000
1.97400000
1.79400000
1.73800000
1.79200000
1.82600000
1.83400000
2.04200000
1.80000000
1.82600000
1.76400000
1.73800000
1.86600000
1.96000000
1.83800000
1.82800000
1.80600000
1.83000000
1.83000000
2.02800000
1.83800000
1.86200000
1.79800000
1.86000000
1.80000000
2.00400000
1.76600000
1.80600000
1.80000000
1.89400000
1.86400000
2.02800000
1.76600000
1.90000000
1.70400000
1.89200000
1.73800000
2.03400000
1.76600000
1.80000000
1.80000000
1.83200000
1.89200000
2.65000000
1.80000000
1.82800000
1.77200000
1.83200000
1.79800000
2.00000000
1.80000000
1.83400000
1.76600000
1.90000000
1.76200000
2.13600000
1.67200000
1.82600000
1.77000000
1.80000000
1.83000000
1.96600000
1.83400000
1.76600000
1.86600000
1.86400000
1.85800000
1.97200000
1.83000000
1.76600000
1.83400000
1.86000000
1.77200000
1.96000000
1.83800000
1.76400000
1.80000000
1.86600000
1.83200000
1.96000000
1.80600000
1.73200000
1.80000000
1.80000000
1.86000000
1.87200000
1.82600000
1.80800000
1.72800000
1.87400000
1.76600000
2.00000000
1.76200000
1.80600000
1.76000000
1.83800000
1.76600000
2.09400000
1.73200000
1.80600000
1.79400000
1.83800000
1.79400000
2.00200000
1.76600000
1.83000000
1.79400000
1.86600000
1.83400000
2.14600000
1.79400000
1.80600000
1.80000000
1.86600000
1.82800000
1.99600000
1.70400000
1.79400000
1.83200000
1.73600000
1.82600000
1.97200000
1.89400000
1.70400000
1.82600000
1.86600000
1.80600000
1.93200000
1.82800000
1.76600000
1.80600000
1.79400000
1.80400000
1.96200000
1.79400000
1.73400000
1.80000000
1.80000000
1.82800000
1.90400000
1.80000000
1.73200000
1.76600000
1.82600000
1.73800000
2.00000000
1.73400000
1.80000000
1.73200000
1.89400000
1.86200000
1.90400000
1.76600000
1.83000000
1.76600000
1.83200000
1.76600000
2.00000000
1.79400000
1.80400000
1.80000000
1.89400000
1.80000000
2.03200000
1.73800000
1.82600000
1.73600000
1.86000000
1.70600000
1.99400000
1.80000000
1.70200000
1.83400000
1.79400000
1.77200000
1.96400000
1.79600000
1.80600000
1.79800000
1.80000000
1.76600000
2.06000000
1.76600000
1.73800000
1.79800000
1.83000000
1.76600000
1.96000000
1.87400000
1.80000000
1.79400000
1.80600000
1.86000000
1.93600000
1.83400000
1.80000000
1.80000000
1.83400000
1.82600000
1.97200000
1.79400000
1.90000000
1.70400000
1.86600000
1.76600000
2.00000000
1.76600000
1.95800000
1.74000000
1.99800000
1.86400000
2.09400000
1.83600000
1.82800000
1.73400000
1.82800000
1.77000000
2.00000000
1.73400000
1.80000000
1.76600000
1.79400000
1.76600000
1.97200000
1.76600000
1.79800000
1.76600000
1.76600000
1.86000000
1.90800000
1.85800000
1.73200000
1.73800000
1.79600000
1.80000000
1.96600000
1.76600000
1.79400000
1.80200000
1.80000000
1.86600000
1.99000000
1.86600000
1.70600000
1.83200000
1.80000000
1.96600000
1.96600000
1.86000000
1.87200000
1.99600000
2.12400000
1.94000000
2.20000000
2.03200000
1.96600000
1.99800000
2.09200000
1.93400000
2.36400000
1.89800000
2.03200000
1.97200000
2.06000000
1.97000000
2.19800000
1.99600000
2.00000000
2.00000000
2.06600000
1.93000000
2.19800000
2.06000000
1.97200000
1.92600000
2.00600000
1.92400000
2.11000000
1.93000000
1.95800000
1.86600000
1.96200000
1.67000000
2.02800000
1.86400000
1.73200000
1.76200000
1.77200000
1.79800000
2.02400000
1.70400000
1.76600000
1.79200000
1.80600000
1.83400000
1.93400000
1.86000000
1.80600000
1.79600000
1.79800000
1.92600000
1.90400000
1.80000000
1.79800000
1.86600000
1.82800000
1.87000000
2.02800000
1.80000000
1.79800000
1.83400000
1.92800000
1.79800000
2.07000000
1.67000000
1.89200000
1.73400000
1.90000000
1.83400000
2.15800000
1.77200000
1.82800000
1.77200000
1.86600000
1.76400000
2.06000000
1.67200000
1.83200000
1.76600000
1.86600000
1.83200000
2.10000000
1.76600000
1.80000000
1.79400000
1.86600000
1.70600000
2.60000000
1.76600000
1.80000000
1.86000000
1.80600000
1.83400000
1.96200000
1.83400000
1.76600000
1.83200000
1.83200000
1.80000000
1.96600000
1.82800000
1.73800000
1.82600000
1.87400000
1.76200000
2.02600000
1.83400000
1.73200000
1.79800000
1.83400000
1.80000000
1.99800000
1.79400000
1.77000000
1.79800000
1.83000000
1.85800000
1.94200000
1.82800000
1.77200000
1.82600000
1.86800000
1.80000000
2.01000000
1.80000000
1.86200000
1.76400000
1.73200000
1.77200000
1.96600000
1.82800000
1.73800000
1.76600000
1.83200000
1.82600000
1.93800000
1.82600000
1.73800000
1.76600000
1.95600000
1.69800000
1.99800000
1.76400000
1.86400000
1.73200000
1.77000000
1.79400000
1.93600000
1.85800000
1.79800000
1.76600000
1.83800000
1.86600000
1.96600000
1.79800000
1.79800000
1.82800000
1.77200000
1.83000000
1.96600000
1.79800000
1.79200000
1.86400000
1.70600000
1.86600000
1.93200000
1.83400000
1.80000000
1.80000000
1.76800000
1.79000000
2.01000000
1.76000000
1.80600000
1.79400000
1.84000000
1.82600000
1.97400000
1.76600000
1.82600000
1.67200000
1.86000000
1.63800000
1.99800000
1.76600000
1.80000000
1.72600000
1.80200000
1.76600000
2.09000000
1.69600000
1.73800000
1.76600000
1.83200000
1.73400000
2.05600000
1.73800000
1.80000000
1.82800000
1.83800000
1.76600000
1.96400000
1.79800000
1.76400000
1.79400000
1.86600000
1.73800000
1.93200000
1.83400000
1.80000000
1.79800000
1.83400000
1.82600000
1.93400000
1.80600000
1.79400000
1.83400000
1.80600000
1.82600000
1.94200000
1.83200000
1.86000000
1.74000000
1.92600000
1.86400000
1.90400000
1.92600000
1.76600000
1.77200000
1.83400000
1.76400000
2.03000000
1.82600000
1.73600000
1.76600000
1.83400000
1.76600000
1.99000000
1.77200000
1.86000000
1.77200000
1.79400000
1.80000000
1.93800000
1.76800000
1.80200000
1.76600000
1.83400000
1.83200000
2.06200000
1.67200000
1.79400000
1.73800000
1.83400000
1.76600000
1.96400000
1.76600000
1.82600000
1.67200000
1.76000000
1.84000000
1.93200000
1.86600000
1.80000000
1.92600000
1.70400000
1.79800000
1.95800000
1.80400000
1.79800000
1.83000000
1.83400000
1.83200000
2.03200000
1.89000000
1.80000000
1.80600000
1.83400000
1.86600000
1.96400000
1.86000000
1.77200000
1.90000000
1.83200000
1.80000000
2.02200000
1.73200000
1.87400000
1.76600000
1.86600000
1.70000000
2.00000000
1.76600000
1.83400000
1.76600000
1.83200000
1.85800000
1.97400000
1.75800000
1.80600000
1.80000000
1.83400000
1.82800000
1.96800000
1.79800000
1.76600000
1.76600000
1.86600000
1.84000000
2.06600000
1.79400000
1.77000000
1.76000000
1.86200000
1.73800000
1.99400000
1.76600000
1.76600000
1.80000000
1.80600000
1.79400000
1.93800000
1.89400000
1.69800000
1.80600000
1.89200000
1.77200000
1.99400000
1.80600000
1.76800000
1.88800000
1.76600000
1.83600000
2.02800000
1.83400000
1.86000000
1.73800000
1.76400000
1.83400000
1.96600000
1.82600000
1.73800000
1.73200000
2.05800000
1.69800000
2.03000000
1.77200000
1.79200000
1.79800000
1.80600000
1.82800000
1.97200000
1.73200000
1.92400000
1.70400000
1.90000000
1.76400000
2.03000000
1.86000000
1.87200000
1.86600000
1.83200000
1.79800000
2.06600000
1.76600000
1.83400000
1.80000000
1.89800000
1.80000000
2.03000000
1.89800000
1.83200000
1.83400000
1.83400000
1.82800000
2.57600000
1.96400000
1.66400000
1.80600000
1.86000000
1.80000000
2.00600000
1.83400000
1.80000000
1.80000000
1.92600000
1.73800000
1.93000000
1.82200000
1.70600000
1.80000000
1.80000000
1.79400000
1.93200000
1.73800000
1.76600000
1.80000000
1.82600000
1.67200000
2.09000000
1.67200000
1.80000000
1.76600000
1.86000000
1.79800000
1.93400000
1.80600000
1.83200000
1.72800000
1.84000000
1.80000000
2.00000000
1.76000000
1.80000000
1.73800000
1.86600000
1.79800000
1.99200000
1.77200000
1.79400000
1.77200000
1.83400000
1.76400000
2.12600000
1.70400000
1.83400000
1.80000000
1.80000000
1.86200000
2.12600000
1.70200000
1.80000000
1.92600000
1.73400000
1.80000000
1.97600000
1.86600000
1.82600000
1.80600000
1.79600000
1.86000000
2.01000000
1.76600000
1.80000000
1.80000000
1.76600000
1.80000000
1.95800000
1.86600000
1.70600000
1.83000000
1.76600000
1.83400000
1.93000000
1.82600000
1.74000000
1.76600000
1.80000000
1.76400000
2.00000000
1.76400000
1.76600000
1.79400000
1.80600000
1.76400000
2.03200000
1.76600000
1.86000000
1.67200000
1.83400000
1.73200000
2.00000000
1.76600000
1.80000000
1.79600000
1.83200000
1.76600000
2.02400000
1.73800000
1.83400000
1.80000000
1.86600000
1.76600000
1.93400000
1.86000000
1.73800000
1.79600000
1.86600000
1.83200000
1.96000000
1.84000000
1.80000000
1.83200000
1.85600000
1.73200000
2.00000000
1.77200000
1.76000000
1.77200000
1.86400000
1.79400000
2.03400000
1.70400000
1.76600000
1.82600000
1.83400000
1.73800000
1.96000000
1.83800000
1.76600000
1.76600000
1.86600000
1.76200000
2.03200000
1.79400000
1.83800000
1.79800000
1.85800000
1.76600000
2.04000000
1.76400000
1.83200000
1.83400000
1.83400000
1.80000000
2.03400000
1.80000000
1.83200000
1.76600000
1.83400000
1.76600000
1.99400000
1.74000000
1.83400000
1.73200000
1.83200000
1.82800000
2.04200000
1.79600000
1.80000000
1.82600000
1.73800000
1.82800000
2.02600000
1.74000000
1.82600000
1.80000000
1.77200000
1.76600000
1.93000000
1.76000000
1.73800000
1.86600000
1.76600000
1.82600000
1.93400000
1.77200000
1.76600000
1.82600000
1.73800000
1.83400000
1.99400000
1.87200000
1.72600000
1.80000000
1.80400000
1.73200000
2.03400000
1.80000000
1.79800000
1.76400000
1.85800000
1.76600000
2.00600000
1.83200000
1.86000000
1.73800000
1.86200000
1.79800000
1.94000000
1.76600000
1.80000000
1.76000000
1.87200000
1.72800000
2.03600000
1.80600000
1.89000000
1.67200000
1.89400000
1.73800000
1.96200000
1.76000000
1.84000000
1.76600000
1.82600000
1.80600000
2.05800000
1.83800000
1.82600000
1.80000000
1.70600000
1.80000000
1.96600000
1.82600000
1.80000000
1.73800000
1.89000000
1.74000000
2.02400000
1.83200000
1.73800000
1.80000000
1.76600000
1.83400000
1.99600000
1.80000000
1.86000000
1.76200000
1.80000000
1.86600000
2.05800000
1.73800000
1.83400000
1.79400000
1.89800000
1.73800000
2.09200000
1.70600000
1.83200000
1.79600000
1.86600000
1.79400000
2.04200000
1.80000000
1.89200000
1.70400000
1.86600000
1.90000000
2.03200000
1.82600000
1.74000000
1.80000000
1.86600000
1.76600000
2.00000000
1.76400000
1.86600000
1.79200000
1.83200000
1.74000000
2.03200000
1.92400000
1.73200000
1.73800000
1.79800000
1.76600000
1.96600000
2.36600000
1.79800000
1.83400000
1.80000000
1.80000000
1.96400000
1.80000000
1.76600000
1.79800000
1.79000000
1.80600000
1.96600000
1.82600000
1.70600000
1.79200000
1.80600000
1.79200000
2.00000000
1.84000000
1.79400000
1.77200000
1.86600000
1.80000000
2.02800000
1.76600000
1.82800000
1.79800000
1.90000000
1.79200000
1.97400000
1.80000000
1.86000000
1.73800000
1.90000000
1.76000000
2.03600000
1.77200000
1.83200000
1.76600000
1.86600000
1.79800000
1.99600000
1.82600000
1.77200000
1.76000000
1.87200000
1.76600000
2.19400000
1.76600000
1.73200000
1.76600000
1.76800000
1.82600000
1.90600000
1.76600000
1.76600000
1.80000000
1.79000000
1.79800000
2.00200000
1.73600000
1.76000000
1.73800000
1.76600000
1.76600000
2.00000000
1.76600000
1.86000000
1.74000000
1.86000000
1.70400000
1.96000000
1.77200000
1.73400000
1.79400000
1.80000000
1.74000000
1.99600000
1.89200000
1.67200000
1.79800000
1.86400000
1.76600000
2.00000000
1.80000000
1.82800000
1.80200000
1.86600000
1.80000000
2.06800000
1.70200000
1.89200000
1.73800000
1.86600000
1.83200000
1.99800000
1.80000000
1.79800000
1.80000000
1.86600000
1.79200000
1.97600000
1.80000000
1.76000000
1.80000000
1.77200000
1.79800000
1.93400000
1.79800000
1.80000000
1.85800000
1.73200000
1.77200000
1.93400000
1.76200000
1.80000000
1.67200000
1.82600000
1.73800000
1.93400000
1.80000000
1.73400000
1.76600000
1.76600000
1.85800000
1.90000000
1.73800000
1.73400000
1.80000000
1.82600000
1.80600000
1.96000000
1.77200000
1.83200000
1.76600000
1.89400000
1.73800000
1.99800000
1.76000000
1.80400000
1.82600000
1.80000000
1.80600000
1.99800000
1.83000000
1.80000000
1.79800000
1.86600000
1.76600000
2.06600000
1.76600000
1.89400000
1.74000000
1.99200000
1.79800000
1.90800000
1.76600000
1.79800000
1.76400000
1.83400000
1.76600000
1.96000000
1.80600000
1.79800000
1.80000000
1.82600000
1.77000000
1.96600000
1.80000000
1.76600000
1.79800000
1.76600000
1.89200000
1.87200000
1.83000000
1.79400000
1.77200000
1.82600000
1.83000000
1.90400000
1.83200000
1.76600000
1.79600000
1.80000000
1.82600000
1.90600000
1.79400000
1.77200000
1.76600000
1.86600000
1.79400000
1.97200000
1.76600000
1.80000000
1.83200000
1.86400000
1.76400000
2.08800000
1.77000000
1.83400000
1.76000000
1.90400000
1.82400000
1.99800000
1.77200000
1.86600000
1.76600000
1.86800000
1.76200000
2.06600000
1.63600000
1.80000000
1.75600000
1.84000000
1.79400000
1.93800000
1.79800000
1.76600000
1.82400000
1.84000000
1.83200000
1.92800000
1.82800000
1.76600000
1.79800000
1.92400000
1.73800000
1.96600000
1.82600000
1.77400000
1.80000000
1.79800000
1.83200000
1.96600000
1.89400000
1.70600000
1.79400000
1.80600000
1.89200000
1.94200000
1.76200000
1.76600000
1.85800000
1.70600000
1.76600000
1.99400000
1.70600000
1.79800000
1.79400000
1.83800000
1.82600000
1.97400000
1.73000000
1.80000000
1.79400000
1.87400000
1.76600000
2.06000000
1.77200000
1.86400000
1.73000000
1.89800000
1.76600000
2.02800000
1.79800000
1.70600000
1.76000000
1.80600000
1.76400000
2.00000000
1.76600000
1.83200000
1.79800000
1.86600000
1.83200000
1.96600000
1.83400000
1.76600000
1.86000000
1.77200000
1.82600000
1.94200000
1.82600000
1.76800000
1.84000000
1.86000000
1.77200000
2.00000000
2.46600000
1.76600000
1.80000000
1.83400000
1.82600000
1.97600000
1.83400000
1.76200000
1.83200000
1.83400000
1.86600000
2.00000000
1.83200000
1.83000000
1.79800000
1.86600000
1.79400000
2.04000000
1.83400000
1.89400000
1.67200000
1.90000000
1.76600000
2.03400000
1.82400000
1.87000000
1.83200000
1.83000000
1.76600000
1.99800000
1.73000000
1.76400000
1.73200000
1.89400000
1.64000000
1.96600000
1.76000000
1.80000000
1.73800000
1.80000000
1.69800000
1.96600000
1.73200000
1.76000000
1.80600000
1.76600000
1.82600000
2.00600000
1.90000000
1.86200000
1.79200000
1.80600000
1.83000000
2.03000000
1.82600000
1.77200000
1.83200000
1.83400000
1.83200000
1.96400000
1.83400000
1.76600000
1.82600000
1.80600000
1.80000000
2.02800000
1.82600000
1.77200000
1.89000000
1.80600000
1.76600000
2.09800000
1.80000000
1.82800000
1.76600000
1.87200000
1.76600000
2.09400000
1.70600000
1.76000000
1.77200000
1.86400000
1.76600000
2.03400000
1.73200000
1.76600000
1.73400000
1.89400000
1.67200000
1.96200000
1.73400000
1.74000000
1.76600000
1.82600000
1.70600000
1.96600000
1.76000000
1.77200000
1.79200000
1.77200000
1.76600000
1.89600000
1.83000000
1.73200000
1.80000000
1.89200000
1.70600000
2.09000000
1.80400000
1.76000000
1.80600000
1.83200000
1.83200000
1.96600000
1.82600000
1.77200000
1.79400000
1.84000000
1.83400000
2.00000000
1.86600000
1.76200000
1.80000000
1.83200000
1.80000000
2.06000000
1.76600000
1.84000000
1.83400000
1.93400000
1.83200000
2.03200000
1.76000000
1.80600000
1.76000000
1.80400000
1.76000000
2.04200000
1.76000000
1.90000000
1.70600000
1.89200000
1.70200000
2.00000000
1.83200000
1.83400000
1.80000000
1.79800000
1.76600000
2.12400000
1.64000000
1.86000000
1.70600000
1.83200000
1.86400000
1.96600000
1.80000000
1.73400000
1.80000000
1.76600000
1.79800000
1.92200000
1.80600000
1.76600000
1.79400000
1.80600000
1.80000000
1.96600000
1.89000000
1.76400000
1.83400000
1.79800000
1.83400000
2.00000000
1.82600000
1.73800000
1.83000000
1.83200000
1.82400000
1.93600000
1.90600000
1.83200000
1.76600000
1.89800000
1.90000000
1.99400000
1.76600000
1.80000000
1.82400000
1.80600000
1.72600000
2.00800000
1.76600000
1.80000000
1.76000000
1.86600000
1.80600000
2.06000000
1.70400000
1.80000000
1.76600000
1.86000000
1.83200000
1.90800000
1.76600000
1.80000000
1.72600000
1.94000000
1.92600000
1.86800000
1.80600000
1.82600000
1.70600000
1.95400000
1.77200000
1.99600000
1.82600000
1.73800000
1.83200000
1.79800000
1.80000000
1.93400000
1.83000000
1.73200000
1.82800000
1.80600000
1.83200000
2.12600000
1.77400000
1.80000000
1.80000000
1.76000000
1.84000000
2.02400000
1.74000000
1.80000000
1.83400000
1.83400000
1.82600000
2.01000000
1.73200000
1.79400000
1.77200000
1.89400000
1.70400000
1.99200000
1.70400000
1.80000000
1.76200000
1.83400000
1.83400000
1.99600000
1.73200000
1.79800000
1.79400000
1.77200000
1.79000000
1.90800000
1.79200000
1.83200000
1.70400000
1.85600000
1.77200000
2.06000000
1.70000000
1.77200000
1.93200000
1.83200000
1.80000000
2.02200000
1.80600000
1.76600000
1.79400000
1.80600000
1.82600000
2.13000000
1.79800000
1.80600000
1.86000000
1.77200000
1.80000000
1.96600000
1.90000000
1.76600000
1.83200000
1.79800000
1.80000000
1.99600000
1.85800000
1.79800000
1.80400000
1.82800000
2.48800000
1.94200000
1.73400000
1.79800000
1.76600000
1.86600000
1.73000000
2.02400000
1.70600000
1.83200000
1.69400000
1.83200000
1.79600000
1.90000000
1.77200000
1.79800000
1.76600000
1.86000000
1.70400000
1.99600000
1.76400000
1.86000000
1.67000000
1.86400000
1.76400000
1.99600000
1.80000000
1.80000000
1.79400000
1.80600000
1.80000000
1.93400000
1.80000000
1.76600000
1.82600000
1.77000000
1.83400000
1.95600000
1.80400000
1.76600000
1.80000000
1.79200000
1.77200000
2.05600000
1.70400000
1.76600000
1.82800000
1.73200000
1.80600000
1.96400000
1.79400000
1.66800000
1.79600000
1.69800000
1.73000000
1.92800000
1.73400000
1.73400000
1.80000000
1.77200000
1.69800000
1.90000000
1.73000000
1.73200000
1.70000000
1.80000000
1.73200000
1.96600000
1.73200000
1.76400000
1.79200000
1.73000000
1.70400000
1.99600000
1.73200000
1.76600000
1.76400000
1.79800000
1.76800000
1.99400000
1.76600000
1.77200000
1.79400000
1.90000000
1.67000000
1.95600000
1.83800000
1.76800000
1.83400000
1.76800000
1.83400000
1.96600000
1.79800000
1.76400000
1.76400000
1.76400000
1.79600000
1.96200000
1.80800000
1.76600000
1.80000000
1.83200000
1.79400000
1.91800000
1.87000000
1.76000000
1.76600000
1.70000000
1.80600000
1.92600000
1.80600000
1.73400000
1.73200000
1.76200000
1.76400000
1.99200000
1.73200000
1.80600000
1.73200000
1.79400000
1.77400000
1.96600000
1.82600000
1.70400000
1.79200000
1.70400000
1.76200000
1.97200000
1.73200000
1.82400000
1.76600000
