9926554.00000000
50745578.00000000
61519397.00000000
55996401.00000000
40876988.00000000
27578939.00000000
21556437.00000000
17440444.60000000
15573374.00000000
16861197.60000000
15478144.60000000
13678676.60000000
11499313.80000000
12124202.80000000
9052782.80000000
8203117.20000000
8309003.00000000
7288143.80000000
8049176.20000000
7444835.60000000
6954155.40000000
7231045.00000000
8040165.80000000
8041010.60000000
8631127.00000000
10871151.80000000
12124409.60000000
13318374.80000000
13666994.40000000
14298954.00000000
12679300.00000000
13892004.80000000
14145179.80000000
13505345.20000000
12603028.80000000
12435453.80000000
12193640.40000000
11542288.00000000
11432968.60000000
12384512.20000000
11534099.60000000
14190782.80000000
10355034.80000000
11658785.80000000
11139206.80000000
8083117.80000000
8599227.60000000
9273135.20000000
10097324.20000000
7103913.60000000
6885343.00000000
9448017.60000000
9151835.20000000
7744279.80000000
8781789.80000000
8182947.40000000
8303328.20000000
7031833.40000000
8185888.60000000
8057902.00000000
7633338.00000000
6917495.80000000
6870317.00000000
7294645.60000000
5611490.20000000
6072482.40000000
5285099.80000000
6168137.20000000
5984117.80000000
5378818.40000000
4649463.40000000
4785452.60000000
3547037.60000000
4001507.20000000
3605455.20000000
3690194.00000000
3352156.80000000
3301986.20000000
3269069.20000000
3290852.40000000
1511772.60000000
1361081.20000000
1313713.00000000
2147718.80000000
1998864.20000000
1534170.40000000
978077.00000000
974482.60000000
1120244.00000000
1041381.40000000
1315852.80000000
1663223.00000000
881168.60000000
864271.80000000
831722.80000000
1025884.60000000
1056338.60000000
1342641.20000000
901321.40000000
994254.00000000
995340.20000000
1042389.80000000
1468524.80000000
1874774.40000000
1068452.60000000
997374.40000000
1185431.80000000
1253500.40000000
1019610.00000000
1467012.80000000
889605.00000000
825968.80000000
944624.60000000
1014397.60000000
985993.20000000
1556147.00000000
918924.20000000
946216.00000000
1203311.60000000
818717.80000000
1271861.40000000
1249426.00000000
959763.20000000
894922.60000000
1035031.60000000
1291079.80000000
1066712.60000000
2790829.80000000
2466770.60000000
3168191.80000000
1362582.20000000
1203811.00000000
892913.20000000
1422962.00000000
1272848.00000000
1383750.20000000
973746.40000000
1240975.60000000
1022294.60000000
1794335.00000000
1261058.80000000
1260534.40000000
1064257.40000000
1027933.80000000
959238.60000000
955490.20000000
1219726.60000000
944099.20000000
789781.00000000
1506217.20000000
1009633.40000000
1910032.40000000
1004299.40000000
800122.20000000
1414346.80000000
1114365.60000000
1222933.00000000
1177306.60000000
936231.00000000
1086114.80000000
865114.80000000
1058657.60000000
1002185.80000000
1487688.60000000
1031687.80000000
821456.40000000
898685.40000000
920632.80000000
1260650.80000000
1028933.80000000
792172.00000000
936512.80000000
1188596.20000000
1166070.00000000
924183.80000000
1702998.00000000
2861705.20000000
1146903.40000000
1051866.20000000
1196833.40000000
1439759.40000000
1084365.80000000
1227197.80000000
951286.80000000
909773.00000000
1673980.60000000
1239774.40000000
1623926.40000000
1899871.80000000
1061869.40000000
1169978.40000000
1309258.80000000
1400611.40000000
1478794.00000000
1154915.60000000
1119468.60000000
1315528.40000000
1316311.20000000
1252876.60000000
1611319.60000000
1874347.20000000
7734377.80000000
21326575.60000000
34239448.60000000
39717876.00000000
41614284.60000000
46141497.60000000
36632762.00000000
22884266.20000000
18195488.20000000
14726156.80000000
13021075.20000000
12199362.00000000
10825948.60000000
9548127.60000000
8109072.20000000
8925800.40000000
7765588.00000000
6306836.60000000
6912175.40000000
8497172.40000000
9570483.40000000
10766459.60000000
11728221.20000000
12230082.20000000
12685043.60000000
13446408.00000000
13995080.60000000
14218029.80000000
13467919.20000000
13460836.00000000
13809836.00000000
14009019.00000000
13084023.60000000
12709564.20000000
12814870.40000000
11877359.00000000
11696078.20000000
11996982.80000000
11997259.80000000
11376455.00000000
11210009.40000000
9479133.60000000
8772188.60000000
7232056.80000000
5023842.20000000
4625737.40000000
4001864.80000000
3590778.40000000
3459420.20000000
4111032.60000000
4421097.40000000
4455026.00000000
7491621.60000000
6655292.60000000
5443550.20000000
6155358.20000000
6492683.40000000
6950044.00000000
6841478.00000000
6484278.00000000
6224288.00000000
6695084.80000000
6520807.00000000
4169085.80000000
3935875.60000000
3871600.00000000
4002291.20000000
3947186.20000000
4353851.60000000
4353784.60000000
5099945.00000000
5771032.80000000
6843186.00000000
5279036.40000000
6496034.20000000
4476881.40000000
7500000.40000000
4549360.80000000
4837703.40000000
5145406.00000000
5235980.40000000
4608298.00000000
4648481.00000000
5222922.00000000
5018915.40000000
6171433.40000000
5202479.80000000
3324062.00000000
5081782.80000000
4249074.60000000
4199818.60000000
5219494.20000000
4694730.20000000
6152926.20000000
5550911.80000000
4896396.00000000
5670213.80000000
4850725.40000000
4571890.40000000
4536476.80000000
4437847.20000000
5375253.20000000
4312917.20000000
3983407.80000000
4300847.60000000
4406236.00000000
4374796.80000000
3936344.40000000
3846504.40000000
3692155.20000000
3217057.00000000
3820828.80000000
4718348.60000000
3415757.80000000
4203280.80000000
3655304.00000000
3335873.00000000
3137363.00000000
3636906.40000000
3469994.60000000
3291118.60000000
3582063.00000000
3177593.00000000
3183260.80000000
2701991.80000000
2756069.00000000
3424595.00000000
2716830.00000000
2595576.60000000
3246679.00000000
2800273.60000000
2484272.00000000
2227412.40000000
2684762.60000000
3560943.00000000
3986034.80000000
4382304.20000000
6511585.20000000
13757010.40000000
9203809.40000000
5384941.60000000
3715801.60000000
3076906.80000000
2981824.00000000
2508304.80000000
2873027.00000000
2736929.80000000
2852624.60000000
2597563.60000000
2299805.40000000
2124006.60000000
1843232.80000000
2516452.40000000
2635773.20000000
2934168.60000000
3165361.20000000
2596034.80000000
2365396.20000000
2410592.40000000
2411177.20000000
2817637.00000000
2420126.00000000
2087740.60000000
1964231.00000000
2010772.40000000
1781298.80000000
2799522.00000000
2338843.00000000
1943066.80000000
2518236.80000000
3359710.80000000
2119819.40000000
2216677.40000000
1922451.00000000
2131340.40000000
2174178.60000000
2053342.80000000
2500698.40000000
2345290.80000000
2157204.40000000
2458691.20000000
2451451.40000000
2074059.40000000
2823709.60000000
3076168.60000000
2733595.00000000
2627582.60000000
2571875.40000000
2763043.40000000
3373233.60000000
2596747.20000000
2573697.00000000
2585580.80000000
2926060.20000000
2721994.20000000
2826090.80000000
3175531.00000000
2783067.40000000
2646577.80000000
2249622.80000000
2380653.20000000
3353167.80000000
2691037.40000000
2815953.60000000
2388228.80000000
2607510.20000000
2258206.20000000
2119898.00000000
2234826.60000000
2029213.00000000
2022639.20000000
2477133.00000000
2322718.80000000
2451926.60000000
3751994.80000000
3835848.40000000
4605135.80000000
2598200.00000000
2721577.40000000
2402112.20000000
2573645.60000000
1869702.60000000
2195341.80000000
2179106.20000000
2224773.80000000
2051167.20000000
2076078.60000000
2338487.00000000
2322368.60000000
2213996.40000000
1960851.40000000
2122598.60000000
2050746.20000000
1663046.40000000
1939977.00000000
1737724.60000000
2021960.80000000
2004803.60000000
2166114.60000000
1853609.60000000
1976750.80000000
2105559.20000000
1761453.00000000
2153253.40000000
1780847.80000000
2041699.20000000
1819123.40000000
1892495.80000000
2131994.00000000
2037706.00000000
2019189.00000000
1799215.40000000
1805860.40000000
1768089.20000000
2498414.80000000
2238022.20000000
2159250.60000000
2639714.60000000
2171903.20000000
2519590.80000000
2841035.40000000
2955063.40000000
2999436.20000000
3614117.40000000
3138828.00000000
2943885.20000000
3058868.20000000
3485896.20000000
3034602.40000000
3229994.20000000
3210041.00000000
3268730.40000000
4081030.80000000
4146895.20000000
3599528.00000000
3779623.60000000
3734695.80000000
3843868.20000000
3627613.40000000
3246938.20000000
3139698.40000000
3022623.20000000
3175430.40000000
2937446.60000000
2705773.00000000
2281336.20000000
2721626.80000000
2526060.20000000
1943263.00000000
2115264.80000000
1716114.60000000
1689399.40000000
1614255.40000000
1586300.60000000
1945050.00000000
1419494.60000000
2052665.40000000
1503766.40000000
1425593.80000000
1564241.20000000
1445060.20000000
1402325.60000000
1630047.20000000
1315837.20000000
1399811.80000000
1653111.40000000
1317575.40000000
1333332.80000000
1646857.60000000
1436422.60000000
1447339.20000000
1613220.40000000
1662310.20000000
1545840.20000000
2411798.80000000
2392206.40000000
2101047.40000000
1488686.20000000
2004115.60000000
1691222.60000000
2059449.40000000
2161052.60000000
2587023.00000000
3038556.80000000
3019801.60000000
3016383.40000000
3488911.00000000
3639406.40000000
4288769.20000000
4508238.60000000
3876246.20000000
3620962.80000000
4616707.20000000
4108598.80000000
4354785.60000000
4086370.40000000
4152349.60000000
4059468.60000000
4503811.60000000
4255971.60000000
4555081.60000000
3962572.60000000
4546405.80000000
4112242.40000000
3963009.40000000
4264964.20000000
4711787.00000000
4008551.60000000
3886748.40000000
4360407.80000000
3777113.60000000
4448038.40000000
4350720.00000000
4000456.40000000
3757759.00000000
3714593.20000000
3802077.80000000
4170299.80000000
5127343.20000000
5878506.00000000
7135374.60000000
5958465.20000000
5198396.60000000
4433295.40000000
4855605.80000000
4924891.20000000
4788996.00000000
4697164.60000000
4682754.00000000
4119163.40000000
5152299.20000000
5840876.00000000
4851767.20000000
5146560.40000000
4523770.80000000
5435023.60000000
4971937.80000000
5635966.80000000
5122805.80000000
5066339.00000000
5091821.00000000
5286978.00000000
4617354.20000000
5074936.20000000
4946120.00000000
6072816.00000000
5499821.00000000
5616319.60000000
6105407.60000000
5154501.00000000
4878282.20000000
5460952.20000000
5431154.60000000
6670608.00000000
6095858.60000000
6956541.40000000
6199730.60000000
5714497.80000000
6457977.60000000
5753349.20000000
6047827.20000000
6658760.60000000
5845224.00000000
6342895.40000000
6092819.00000000
6495620.40000000
6848253.40000000
7022389.40000000
6095139.60000000
5196470.00000000
6245523.60000000
6063450.00000000
5752171.40000000
6961971.20000000
5756761.60000000
6439968.00000000
6029420.40000000
5526105.20000000
5683547.40000000
5640075.60000000
5640589.80000000
5567824.00000000
5077413.00000000
5764415.00000000
6909404.80000000
7339086.60000000
10412561.60000000
7364122.00000000
5189782.40000000
3723893.60000000
6623585.80000000
4414673.20000000
9307313.40000000
3958717.20000000
4500197.40000000
4809785.20000000
4220875.40000000
4678269.80000000
4023287.80000000
4025726.20000000
4899668.20000000
4500448.20000000
5425124.20000000
4736342.60000000
3897116.40000000
4175719.20000000
3768877.40000000
3633691.40000000
3136307.20000000
3600642.00000000
3480859.40000000
3182200.60000000
3398359.60000000
3428305.60000000
3942081.20000000
3610477.80000000
2606589.80000000
2532067.60000000
3795175.80000000
4031016.20000000
3087124.60000000
2645886.20000000
2921061.80000000
2868193.80000000
3678312.00000000
3993569.20000000
3155317.80000000
2577275.40000000
2030924.20000000
2691552.80000000
2108746.20000000
2602548.40000000
2468735.60000000
2507354.40000000
2261713.80000000
2457518.20000000
2418719.60000000
3111028.00000000
3591372.80000000
3041616.40000000
2416064.80000000
2395888.00000000
2708144.60000000
2907673.00000000
2969344.60000000
2668099.40000000
3015050.00000000
2737246.20000000
3323086.00000000
3542606.40000000
3537503.40000000
3174286.20000000
3053158.40000000
2712443.20000000
3243322.60000000
2970901.60000000
3602252.00000000
3767764.60000000
3217024.80000000
3623309.20000000
3463932.60000000
3473942.80000000
4327528.20000000
4953168.00000000
6010022.00000000
3792235.20000000
5067495.20000000
4178473.40000000
3722183.40000000
6000974.20000000
3656226.20000000
3946900.80000000
3872716.20000000
3954127.40000000
3870564.80000000
3812299.20000000
3793134.40000000
3610520.80000000
4167550.60000000
3844542.60000000
4094993.00000000
4207063.80000000
4017962.20000000
4211817.80000000
4397386.80000000
3821873.60000000
3433559.80000000
3552335.00000000
2997523.40000000
4158629.40000000
3505453.60000000
3596603.00000000
3458603.80000000
4103340.40000000
3722259.60000000
3310317.80000000
3180112.20000000
2763020.20000000
3481835.80000000
3115962.00000000
3758110.60000000
3146130.60000000
3678237.80000000
3332586.20000000
3376556.80000000
2932539.40000000
3868952.00000000
4180022.40000000
2911885.20000000
3045753.40000000
3893686.20000000
3498895.40000000
2484609.80000000
3153370.40000000
2963782.00000000
3208165.80000000
3842270.60000000
2712457.00000000
2525058.40000000
2654476.60000000
2774432.80000000
3125988.40000000
2628484.40000000
2750668.80000000
2121267.80000000
2423121.00000000
2492465.20000000
2205542.40000000
2244046.40000000
2289428.20000000
2335671.20000000
1986150.40000000
1974910.20000000
1931628.80000000
2256923.00000000
1563206.20000000
1680554.40000000
1435048.20000000
1445570.20000000
1230529.00000000
1292470.80000000
1377636.60000000
1814704.40000000
1646375.80000000
1589812.00000000
2908752.20000000
2209294.80000000
2293599.80000000
2518515.20000000
2368925.20000000
2418048.60000000
2574732.00000000
2560719.60000000
2998595.00000000
2464394.80000000
2695531.60000000
2881381.60000000
2912230.40000000
3149090.60000000
3296592.00000000
3696286.20000000
2925279.80000000
3628548.80000000
3048131.80000000
2474744.60000000
2733783.80000000
2876619.20000000
2426435.20000000
2877881.20000000
2236777.40000000
2424895.60000000
2036357.00000000
3273247.80000000
2225564.40000000
2773553.40000000
3272074.80000000
2563503.80000000
3315340.60000000
2490231.60000000
2685661.40000000
2783047.80000000
2494818.80000000
2915377.00000000
2100844.80000000
2932784.40000000
3113921.80000000
2679085.20000000
2981291.60000000
3528916.20000000
3714299.60000000
2506308.40000000
2977082.80000000
2654474.00000000
2747757.60000000
3425450.20000000
2860588.40000000
2602600.60000000
3064562.40000000
2678636.40000000
2811047.40000000
2986170.00000000
3030498.20000000
1992914.20000000
2307638.60000000
2916463.00000000
3218693.20000000
4232165.40000000
4293438.20000000
5731243.00000000
3331719.80000000
3883587.80000000
3271342.20000000
2942843.20000000
3694746.00000000
3642126.40000000
3734729.00000000
3394430.60000000
3529268.40000000
3715568.80000000
3746838.60000000
4208361.20000000
4003901.80000000
3824163.80000000
3375125.80000000
3540937.00000000
3146923.20000000
4168467.00000000
3349810.20000000
3187740.80000000
3217855.60000000
3205658.20000000
2214341.80000000
2062268.80000000
2550043.20000000
2092985.20000000
3150399.80000000
2122509.20000000
2788856.20000000
2321360.20000000
2890855.40000000
4035097.60000000
3497103.60000000
3170049.20000000
3004455.60000000
3466245.80000000
3331877.80000000
2944188.80000000
3491523.40000000
4161306.20000000
2824246.40000000
3238769.00000000
3347327.80000000
3104582.80000000
3044250.20000000
3441568.00000000
3898819.60000000
3327445.80000000
3769617.80000000
4145610.00000000
4461434.60000000
3386405.40000000
7170114.60000000
3835937.60000000
3849577.00000000
4728437.00000000
3653101.40000000
3423475.40000000
3319426.20000000
3426644.40000000
3285794.40000000
3850047.60000000
3685854.40000000
3379478.60000000
3566683.40000000
3590507.80000000
3402758.40000000
3548430.00000000
3619610.40000000
3748961.40000000
3559610.40000000
5178590.80000000
6822890.40000000
3652706.20000000
3923214.00000000
3458745.60000000
4955067.80000000
4262822.60000000
3248786.20000000
2712873.60000000
4488676.80000000
3780386.60000000
3801917.80000000
3410020.40000000
4013800.20000000
3837695.00000000
3715738.80000000
3156862.40000000
3447375.00000000
3909523.00000000
4083487.20000000
3410969.80000000
3630547.60000000
3579646.00000000
3518559.00000000
3615376.20000000
3579870.00000000
3914775.40000000
3026430.00000000
3681278.00000000
3655270.00000000
3117778.60000000
3464887.80000000
3490145.60000000
3530907.40000000
3536547.40000000
3438769.80000000
2592687.80000000
1960360.20000000
2025196.80000000
1716619.80000000
1789308.00000000
1892481.00000000
1726840.40000000
1878791.80000000
1792245.20000000
1458174.20000000
1740755.80000000
1807006.80000000
2307076.80000000
3108940.60000000
3450633.20000000
3664786.40000000
4118068.80000000
4053222.60000000
4201796.40000000
4304214.20000000
4524176.60000000
4352175.40000000
4193209.20000000
4482098.20000000
4644432.80000000
4435991.60000000
4417648.00000000
4486779.60000000
4538636.00000000
4461462.40000000
4468985.00000000
4612245.80000000
4484731.40000000
4642155.20000000
4893176.20000000
5549813.80000000
6179932.60000000
5105403.40000000
4451766.60000000
4481147.00000000
4694028.60000000
4430812.40000000
4501812.40000000
4637840.20000000
4893904.40000000
4580558.00000000
4631284.00000000
4510029.80000000
4531931.80000000
4951073.20000000
4744324.60000000
4864875.00000000
4681125.80000000
4368098.80000000
4687881.20000000
5001344.00000000
4618461.80000000
4584497.40000000
4755072.80000000
4852368.40000000
4795987.80000000
4832927.00000000
4690033.40000000
4729095.20000000
4726369.60000000
4429855.80000000
4617503.60000000
4952628.80000000
4256910.40000000
4674205.40000000
4440490.80000000
4634800.40000000
4207472.80000000
4063905.40000000
4231708.60000000
4443433.00000000
4569577.80000000
4232463.60000000
4530729.60000000
5188727.40000000
3816894.80000000
4050048.60000000
4632655.00000000
4331165.40000000
4256816.40000000
4514565.00000000
4231642.80000000
3996057.00000000
3821746.80000000
3693434.80000000
4069099.20000000
4101726.80000000
4205671.80000000
3989263.60000000
3828862.00000000
3641686.60000000
3324261.60000000
3584599.20000000
3401789.80000000
3171775.20000000
2938971.80000000
2675676.20000000
2022947.80000000
2613405.80000000
3074915.60000000
3454406.60000000
3953057.80000000
4346876.80000000
4690494.20000000
4601621.20000000
1482509.20000000
4149789.20000000
5092226.40000000
4921400.80000000
4510003.60000000
4857760.20000000
4635341.40000000
4752849.60000000
4600516.40000000
4467507.00000000
4600820.20000000
4466740.60000000
4816356.00000000
4412821.20000000
4289461.20000000
4806912.60000000
4540884.60000000
3973230.60000000
4151312.00000000
4408599.00000000
4412467.00000000
4014711.60000000
4455661.40000000
4518165.40000000
5219553.40000000
4529007.20000000
5014467.60000000
5091716.80000000
4955261.00000000
5129745.60000000
5522536.00000000
5466070.00000000
5181228.20000000
4971070.00000000
5417314.40000000
5381120.20000000
5648711.40000000
5237271.00000000
4567196.60000000
5010997.60000000
4802090.80000000
5512044.20000000
5365367.00000000
5359112.80000000
5206969.00000000
5441836.60000000
5013968.80000000
5087288.80000000
4889297.00000000
5113966.20000000
5380729.20000000
5135762.40000000
5726463.80000000
5152678.40000000
5179141.40000000
5313273.60000000
4990068.00000000
5135694.00000000
4809917.00000000
4837499.40000000
5081224.00000000
4846339.20000000
4988007.00000000
4598591.40000000
4467228.20000000
4261252.80000000
5263430.80000000
4741242.80000000
5268673.40000000
6355621.00000000
6548625.40000000
5110530.80000000
5345068.80000000
4738408.80000000
5107021.40000000
5235458.40000000
5233619.60000000
5029582.00000000
4514236.80000000
4910708.80000000
4712074.40000000
5420857.40000000
5476916.20000000
5125320.00000000
5001679.40000000
4980771.60000000
5543129.20000000
5178798.40000000
5374906.80000000
4965761.20000000
4625607.60000000
5155595.20000000
4758968.40000000
4846633.60000000
4966854.20000000
4799362.00000000
5217818.20000000
4846504.60000000
4857580.00000000
5305944.20000000
5216126.80000000
5126791.60000000
4716540.80000000
5194275.20000000
4594784.40000000
5313192.60000000
5349453.40000000
5664016.00000000
5165652.40000000
5806009.20000000
5725820.20000000
5818352.00000000
6039204.00000000
6146104.80000000
6520842.00000000
6414160.00000000
7121288.00000000
7733993.20000000
7171976.00000000
6572442.00000000
6669027.20000000
6541002.60000000
8036983.20000000
6780480.00000000
7105309.20000000
6645670.60000000
7129069.20000000
6886046.60000000
7070269.80000000
7112211.80000000
6736356.80000000
6885695.20000000
6829566.20000000
6670142.60000000
6989347.80000000
7089460.20000000
7126232.40000000
7180348.20000000
7251597.40000000
7138828.00000000
7358757.60000000
6691074.80000000
7419464.20000000
7345692.40000000
7106381.20000000
7439340.80000000
7148265.00000000
7079349.40000000
7313239.20000000
7370054.20000000
7146604.00000000
7380294.80000000
7444886.20000000
6960113.00000000
7776972.40000000
7458856.00000000
7193220.00000000
7221732.40000000
7683360.00000000
7346899.60000000
7728333.20000000
6895594.80000000
6637198.00000000
7011225.40000000
6560515.60000000
6638822.60000000
7921025.00000000
8124689.40000000
7346551.80000000
8111561.60000000
7575658.40000000
7198625.20000000
7964260.40000000
7547664.00000000
7988676.20000000
7788122.60000000
