8.31903
8.04344
8.15292
8.38784
8.50179
7.8768
8.3364
7.61403
8.16928
8.20201
8.16081
8.32509
8.35155
8.40532
8.20823
8.29782
8.20873
7.96676
8.42553
8.06088
8.75198
8.27814
8.52383
8.08422
8.30058
7.87076
8.28855
8.45686
7.89465
7.93555
8.12418
8.53805
7.76925
8.24472
8.32664
8.05432
8.59508
8.58361
8.71119
8.29097
8.24514
8.54117
8.39502
8.85935
8.52338
8.43009
8.5807
8.44997
8.98278
8.83724
8.76291
8.87029
8.66913
8.57869
8.66555
8.16097
8.26491
8.49723
8.56955
8.364
8.79027
8.6216
8.41426
8.11334
8.57189
8.17284
8.51916
8.7822
8.22104
8.48758
8.50332
8.79813
8.52716
8.5244
8.31936
8.43584
8.58178
8.03499
8.53197
8.12777
8.54654
8.64424
8.37044
8.57436
8.76235
8.48759
8.10301
8.37785
7.89
7.68848
8.3964
7.65031
8.02102
7.69969
8.51631
8.2394
7.78915
7.86451
7.96216
7.79584
7.75517
8.03578
7.98394
8.00269
8.03027
7.63597
7.7153
7.55337
7.88735
7.66786
8.14503
7.64631
8.03823
8.10714
7.68596
7.63935
7.54944
7.68652
7.86925
7.89765
8.24602
7.81397
8.2769
7.50233
7.82876
7.5681
7.72279
7.63602
8.06236
7.66988
8.25548
8.59822
8.23559
7.98271
8.49487
7.85837
8.3591
8.20326
8.68354
8.01339
8.72222
8.49769
8.72406
8.56423
8.69799
8.74004
8.72147
8.76326
8.94625
8.49014
8.69225
8.42868
8.94221
8.48413
8.93447
8.58957
8.95033
8.44756
8.98279
8.93035
8.80658
8.85026
9.14018
8.75444
9.10057
8.46659
9.02309
8.74931
8.99943
8.41825
9.21706
8.81756
8.71936
8.62885
8.77573
8.52963
8.97644
8.77108
9.19115
8.45852
8.84378
8.64653
8.9703
8.39023
8.75615
8.52057
8.84213
8.40547
8.94945
8.89215
8.89176
9.05112
8.88597
8.5893
9.14257
8.80818
8.93799
8.7071
9.01766
8.83576
9.3319
8.68429
8.9223
9.05954
9.10241
8.83725
9.25831
8.78403
8.9192
8.85226
8.68586
8.97595
8.63963
8.86762
8.96361
8.78138
8.80629
8.68652
9.17624
8.26824
8.77315
8.60341
8.82436
8.65691
8.52611
8.70043
8.44438
8.58395
8.74124
8.28521
8.48291
8.35094
8.4492
8.40955
8.55145
8.09698
8.8647
8.05882
8.60768
8.49166
8.47344
8.52905
8.36074
8.48864
8.18607
8.178
8.48197
8.13835
8.74105
8.15261
8.58724
8.34094
8.33163
8.37791
8.39849
8.18484
8.49713
8.12348
8.4247
8.02014
8.22928
8.35308
8.06917
8.19089
8.56674
7.65999
8.59893
7.66534
8.07731
7.85214
7.70091
7.93217
7.93454
7.85775
7.94503
8.10706
8.00656
7.89961
7.81089
7.83654
7.56371
7.88515
7.82671
7.42187
7.8305
7.79354
7.98738
7.57167
7.62678
7.93482
7.49902
7.91376
7.96714
7.78799
8.15298
7.20327
8.32723
7.65954
7.76563
7.94189
8.24868
7.76634
8.24955
8.22121
8.51388
8.08265
8.26091
8.59166
7.93659
8.58242
8.26574
8.28079
8.81158
7.78222
8.60127
8.27591
8.06591
8.39595
8.28787
8.38338
7.85677
8.73307
8.3741
8.09258
8.72607
8.45518
8.48831
8.68516
8.24881
8.38568
8.7726
7.94733
8.86207
8.68274
8.5227
8.69686
8.65033
8.7092
8.59044
8.9102
8.90289
8.43491
9.02535
7.9488
8.35692
8.41061
8.1655
8.59589
8.59325
8.63059
8.67147
8.3959
8.71586
8.18937
8.31263
8.03755
8.43457
8.36821
7.91405
8.45902
8.56697
7.98397
8.7757
8.25512
8.48982
8.66229
8.21007
8.30396
8.1529
7.99606
8.83095
8.1609
8.63418
8.3561
8.33651
8.30078
8.18716
8.2226
8.09972
7.75417
8.30275
7.99166
8.65004
8.09143
8.31954
7.95358
8.12502
8.07015
8.35538
8.08948
8.23049
7.80833
8.57125
8.15285
8.20676
7.9489
8.38837
8.06692
8.38001
8.40359
8.86665
7.81639
8.26881
8.24103
8.11951
8.16216
8.13774
8.14262
8.32261
8.26312
8.57495
8.38149
8.09165
7.8263
7.98323
7.97855
7.99565
7.8823
8.06551
7.97377
8.21881
8.16621
8.06672
8.22901
7.86389
7.9048
8.43371
8.16017
8.35559
8.41658
8.58659
8.50374
8.79674
8.58394
8.84296
8.51474
8.84632
8.5701
8.66349
8.37754
8.64355
8.68766
8.51571
8.55744
8.6944
8.32687
8.51809
8.33645
8.44416
8.14373
8.33893
8.11111
8.08061
8.17528
8.01262
8.30838
8.35912
8.06386
8.46596
8.64317
8.09455
8.44396
8.32445
8.35784
8.48371
8.58117
8.62427
8.49401
8.41018
8.22482
8.35761
8.28636
8.1081
8.35858
8.39913
7.871
8.50953
8.3579
8.1606
8.07412
8.10157
7.9053
8.16009
7.7462
8.00972
8.02078
8.25866
8.04571
8.74084
8.36341
8.16986
8.65017
8.51605
8.36761
8.75344
8.53379
8.68778
8.62579
8.58436
8.38881
8.56397
8.57445
8.44171
8.56492
8.71207
8.40221
8.73247
8.33597
8.34809
8.47883
8.35861
8.2787
8.462
8.10828
8.27057
8.41688
8.56843
8.28046
8.63472
8.58234
8.44538
8.54221
8.68769
8.36035
8.70707
8.64852
8.7699
8.6784
8.75971
8.72437
8.4335
8.31665
8.42992
8.37681
8.45278
8.30012
8.37092
8.36411
8.34714
8.45528
8.43722
8.19154
8.37612
8.11145
8.3342
8.14365
8.11669
8.13601
8.45513
8.33051
8.37725
8.45824
8.75459
8.13354
8.67702
8.3292
8.33251
8.21365
8.50609
8.13963
8.31498
8.22256
8.54271
8.17402
8.51042
8.05318
8.55262
8.0892
8.06806
8.08064
8.42172
7.85684
8.3798
7.77266
8.03811
7.99078
8.21256
8.23654
8.38618
8.17146
8.0099
8.38505
8.34849
8.09629
8.62308
8.35771
8.58325
8.38366
8.72971
8.66715
8.38273
8.13901
8.42787
8.29204
8.78505
8.17864
8.66789
8.31373
8.45822
8.69004
8.7333
8.34638
8.52559
8.02441
8.34421
8.15162
8.46686
8.30758
8.37337
8.4506
8.34262
8.79372
8.78196
8.39669
8.48639
8.19445
8.72717
8.60754
8.6253
8.57948
8.56188
8.82576
8.7782
8.65819
8.94246
8.3355
8.61089
8.58775
8.65078
8.45346
8.50488
8.06023
8.15252
8.10979
8.47438
8.07412
9.02652
7.79952
8.4507
8.41536
8.24637
8.27982
8.32621
8.15636
8.52012
7.86181
8.45591
8.22699
8.24378
8.24616
8.99905
8.40037
8.62182
8.99718
9.32255
8.43329
8.87474
8.43047
8.59838
8.32136
8.4552
8.59063
8.50102
8.28896
8.73696
8.57971
8.73861
7.71741
8.59066
8.17222
7.94115
8.65174
8.18042
8.25249
8.02734
7.66557
8.16809
7.82684
7.84388
8.03749
8.46382
7.86805
8.15613
8.2485
8.77637
7.93551
8.45834
8.50752
8.28005
8.20586
7.89088
8.25229
7.79643
8.20333
8.42315
8.26843
8.33719
8.05174
8.45366
8.03762
7.77036
7.93301
7.81774
7.81162
7.80593
8.23406
8.04045
8.23977
8.18398
8.08556
8.06465
8.20258
8.21044
8.17914
8.52794
8.28018
8.87444
8.82773
8.44347
8.96359
8.65955
8.8284
8.66647
8.75711
8.56682
8.74016
8.43697
8.31923
8.67159
8.40728
8.16273
8.50655
8.61891
8.02745
8.52413
8.61845
7.91822
8.35399
8.31817
7.97518
8.32736
8.03847
8.29294
8.26852
8.50788
7.90327
8.65062
8.31662
8.29502
8.26644
8.32943
8.15726
8.33935
8.23047
8.33024
8.28755
8.19187
7.96842
8.36053
7.85739
7.93257
8.05281
8.3095
7.83313
8.29251
8.54452
8.09867
8.0041
8.36697
8.05024
8.22707
8.17496
8.38707
8.38286
8.42672
8.33092
8.71105
8.31533
8.63892
8.62913
8.63476
8.46946
8.77258
8.47072
8.4827
8.25997
8.31737
8.27081
8.60161
8.25491
8.68668
8.55737
8.77881
8.37358
8.71896
8.43937
8.56289
8.42394
8.92764
8.3457
8.62895
8.72318
8.5091
8.59244
8.63233
8.36915
8.74429
8.2731
8.58685
8.30067
8.37872
8.23314
8.36502
8.2002
8.17081
8.31373
8.34055
8.00663
8.42337
8.04135
8.33252
8.20392
8.43198
8.0693
8.49407
8.45344
8.74375
8.53127
8.63546
8.28334
8.54563
8.50592
8.28227
8.5537
8.52625
8.5403
8.92191
8.55018
8.87451
8.40043
8.69462
8.59224
8.57541
8.63592
8.61324
8.46852
8.26366
8.46919
8.86333
8.29884
8.7288
8.37373
8.86371
8.37695
8.89637
8.65909
8.65892
8.3977
8.61813
8.517
8.49392
8.19559
8.19629
8.28882
8.61296
8.38759
8.82737
8.43307
8.47425
8.22519
8.62716
8.24318
8.29692
8.06771
8.09636
8.25589
8.22189
8.22718
8.47725
8.03385
8.17225
8.19633
8.58861
7.74911
8.33975
7.96794
8.14435
8.36634
8.44832
8.1068
8.24519
7.84684
8.03528
8.24466
8.29257
7.90802
8.48838
8.72106
8.20658
8.955
8.76896
8.2881
8.69184
8.42112
8.50582
8.63751
8.33995
8.38027
8.44619
8.73553
8.47079
8.7232
8.44028
8.59538
8.8416
8.79991
8.60799
8.92029
8.56133
8.27981
8.47595
8.26003
8.34076
8.21858
9.08959
8.35846
9.01698
9.09553
8.34274
8.8281
8.34124
8.15207
8.6726
8.34351
8.66167
8.54951
8.64134
8.52138
8.58144
8.08368
8.37121
8.20325
8.37457
8.10819
8.35136
8.3403
8.1145
8.5849
8.34633
8.09422
8.62045
8.33346
8.49054
7.96539
8.44927
7.94176
8.69855
8.50813
8.35232
8.17213
8.44472
8.12075
8.32824
8.35291
8.10206
7.95397
8.11659
8.03591
8.13379
7.62344
8.0435
8.05462
8.00079
8.06241
8.43509
8.3207
7.64087
7.87438
7.9534
7.84298
7.84549
8.18984
8.25644
8.46231
8.17974
8.54897
8.38853
7.8824
8.39315
8.09761
8.37291
8.10461
7.95606
8.14124
8.15618
7.90933
8.52437
7.80083
8.14239
7.94471
8.3113
8.32761
7.7856
8.29582
8.03709
8.10251
8.5981
7.97522
8.62836
8.15339
8.576
8.64566
8.48083
8.68938
8.61401
8.372
8.8283
8.30287
8.62182
8.73924
8.47736
8.55493
8.42816
8.62489
8.74075
7.9889
8.94492
7.66655
8.58786
8.11576
8.26152
8.51599
8.18254
8.32143
8.46101
8.23454
8.5202
7.95949
8.45702
8.19581
8.54039
8.4887
8.71754
8.64262
8.49066
7.91678
8.53794
8.22709
8.32255
8.55284
8.22416
8.62877
8.41888
8.71323
8.66677
8.10677
8.55669
7.94278
8.55806
8.08891
8.10477
8.38479
8.21485
8.32463
8.34602
8.38607
8.53063
8.36418
8.5432
8.29984
8.3384
8.12892
8.38082
8.47439
8.33021
8.34758
8.60211
8.53862
8.67672
8.52361
8.72409
8.14411
8.3705
8.525
8.60791
8.40835
8.65011
8.12595
8.45284
8.2212
8.4966
8.05642
8.50498
8.06234
8.2878
8.58195
8.20913
8.16287
8.48208
7.76905
8.37061
8.38511
8.25187
8.57353
8.1813
8.32759
8.57436
8.32587
8.39345
8.4063
8.70059
8.12695
8.70421
8.60227
8.17758
8.53897
8.5636
8.1028
8.61953
7.93633
8.43997
8.18578
8.49756
7.98942
8.35205
8.37763
7.91706
8.4654
8.39769
7.90414
8.73493
8.09929
8.17927
8.58972
8.35927
8.12066
8.68681
8.27814
8.46205
8.62995
8.50895
8.38478
8.85877
8.49242
8.46825
8.74862
8.54235
8.07189
8.84913
8.28438
8.79436
8.57275
8.71847
8.41375
8.99879
8.27473
8.54386
8.49766
8.134
8.4237
8.77372
8.33404
8.70215
8.64895
8.39291
8.69793
8.74469
8.35142
8.53968
8.52942
8.11695
8.5211
9.01475
8.29864
8.52018
8.57523
8.43419
8.38689
9.06554
8.38493
8.43233
8.34143
8.3449
8.3746
8.59541
8.17082
8.64588
8.23746
8.51682
8.47712
8.57837
8.12829
8.30913
8.14162
8.24227
8.43643
8.3685
8.24383
8.5163
8.76606
8.57308
8.66733
8.95757
8.56172
8.42697
8.71732
8.49801
8.39244
8.81741
8.46282
8.62591
8.52997
8.73319
9.08262
8.20617
8.49654
8.62778
8.44648
8.23482
8.34977
8.17253
8.16277
8.08468
8.36095
8.47473
8.36288
8.53734
8.24926
8.56519
8.04312
8.08188
8.52095
8.18661
8.48659
8.56367
9.19925
8.52416
8.04909
8.48689
8.35489
8.24054
8.09831
8.61842
8.52168
7.98993
8.2143
8.35208
7.79079
8.03193
8.01033
8.19244
7.67846
7.66198
8.11485
7.99069
7.43193
7.96763
7.77845
7.86588
7.65088
8.31866
8.35047
8.11181
7.92493
7.9158
8.08483
7.95976
7.61164
8.05591
7.80607
7.99909
8.33269
8.46955
7.93913
7.81971
7.64553
7.84366
7.63866
7.66659
7.71694
7.86065
7.83012
8.01476
8.3146
8.10062
7.82353
8.07175
8.00018
8.08315
8.10355
8.47899
8.25861
8.55372
8.75994
8.68546
8.69759
8.69001
8.53715
8.93489
8.55567
8.73123
8.71009
8.62496
8.68184
8.80551
8.73838
8.83108
8.74868
8.87891
8.55142
8.8572
8.59611
8.71824
8.78147
8.75802
8.60511
8.92646
8.60543
8.87734
8.70291
8.76937
8.57033
8.82186
8.80562
8.52982
8.54764
8.46328
8.2037
8.82537
8.27164
8.53934
8.63661
8.28606
8.19719
8.42447
8.23675
8.3283
8.05586
8.31774
8.03567
8.3236
8.32189
8.2396
8.16421
8.28813
8.01305
8.59165
7.98685
8.36717
8.14053
8.25051
8.0959
8.48292
8.15916
8.31577
8.25316
8.42601
8.08837
8.40282
8.19284
8.31945
8.10073
8.41401
8.32539
8.58541
8.36788
8.81999
8.31889
8.75251
8.38194
8.7185
8.34216
8.59994
8.51538
8.69566
8.23259
8.79083
8.42934
8.51377
8.70848
8.55852
8.43833
8.65887
8.10299
8.32493
8.22956
8.43712
8.25748
8.17265
8.28507
8.4826
7.951
8.64097
7.98717
8.40018
8.1852
8.55259
8.28595
8.45966
8.16607
8.6399
8.25085
8.39047
8.50049
8.5132
8.19683
8.31088
8.32657
8.54274
8.30165
8.6067
8.09344
8.14679
8.43401
8.63666
8.45435
8.47953
8.57636
8.24484
8.58116
8.59441
8.40827
8.53536
8.45092
8.83273
8.52212
8.77568
8.86331
8.76838
8.46785
8.77974
8.6345
8.81381
8.67487
8.58484
8.56683
8.45764
8.57927
8.77932
8.3209
8.62806
8.16531
8.65357
8.14299
8.34157
8.16333
8.35554
8.36639
8.02538
8.31211
8.15941
8.12659
8.43118
8.08265
8.35415
8.0563
8.34301
8.1006
8.15278
7.94433
8.42465
7.97369
8.46523
8.01216
8.49571
8.2412
7.87216
8.16928
7.99391
7.73499
8.27327
7.84648
8.42715
8.03775
8.51466
8.17279
8.57374
8.06129
8.36713
8.33127
8.45216
8.1741
8.65797
8.15952
8.34431
8.20339
8.44897
8.59087
8.58401
8.68878
8.95724
8.37501
8.58639
8.1699
8.43927
8.06977
8.41643
8.528
8.20025
8.56533
8.73178
8.189
8.28866
8.38301
8.24508
8.19917
8.65466
8.07498
8.33766
8.34917
8.73715
8.46583
8.61713
8.34897
8.70443
8.38904
8.12061
8.61698
8.47707
8.74142
8.70355
8.94629
8.52475
8.43636
9.23183
8.25364
8.71679
8.40766
8.51021
8.23906
8.11968
8.12824
8.23753
8.1141
8.10117
8.42019
8.57612
8.25739
8.18236
7.67481
7.67245
7.47455
8.24541
7.70993
8.1104
7.67029
7.9568
8.06864
7.53658
7.58903
7.62814
7.6221
7.49374
7.89837
8.32923
7.52807
7.8702
7.38324
7.70083
7.52949
7.73073
7.77946
7.88061
7.54496
7.90875
8.15649
7.71219
7.61167
8.09788
7.5882
8.04119
7.9583
8.54837
7.92435
8.40364
8.13243
8.34181
8.13267
8.47715
8.36527
8.45358
8.74391
8.52072
8.62577
8.6478
8.47393
8.85228
8.4885
8.58088
8.66854
8.65242
8.55298
8.65984
8.61543
8.48083
8.64674
8.75162
8.37287
8.7464
8.56146
8.57755
8.7732
8.57576
8.39618
8.712
8.30984
8.64145
8.43553
8.84966
8.28059
8.53743
8.72093
8.28714
8.46565
8.51333
8.16708
8.72496
8.48218
8.65471
8.88721
8.3492
8.29397
8.58972
8.3101
8.42517
8.43709
8.65715
8.07321
8.63338
8.5613
8.39695
8.48396
8.39391
8.21185
8.78835
8.26278
8.74271
8.51492
8.70219
8.37297
8.70953
8.41056
8.56568
8.38964
8.73702
8.44932
8.73368
8.48564
8.68652
8.71082
8.38696
8.60583
8.4903
8.38173
8.6718
8.27327
8.67696
8.37567
8.35799
8.35629
8.14201
8.46717
8.25593
8.18778
8.63051
8.31809
8.62915
8.5621
8.53063
8.30914
8.3271
8.43978
8.51945
8.08676
8.58878
8.43468
8.23556
8.40888
8.3815
8.4576
8.23563
8.19375
8.49198
8.13012
8.33703
7.91782
8.35279
7.93709
7.95439
7.93266
7.80008
8.10936
7.85669
7.92748
8.34081
7.88978
8.25344
8.24776
8.40248
7.93166
8.11084
8.00311
8.35325
7.7082
8.35093
8.35386
8.20291
8.11643
8.5213
8.43103
8.31308
8.17231
8.68766
8.02075
8.66817
8.5778
8.58049
8.00073
8.61581
8.18911
8.46356
8.37617
8.51391
8.5503
8.7647
8.36568
8.99183
8.37284
8.94272
8.76182
8.89546
8.60902
8.95174
8.57162
8.75279
8.38813
8.88068
8.69731
9.03136
8.31118
9.01717
8.44492
8.84139
8.55439
8.72535
8.59461
8.70616
8.30121
8.49289
8.1778
8.32087
8.48998
8.79206
8.34001
8.49193
8.45364
8.67602
7.89097
8.53207
7.94729
8.18503
8.30056
8.40526
8.33066
8.24289
8.0866
8.29969
7.91911
7.97095
8.20951
8.39789
7.73796
8.25247
8.17726
8.0349
8.2008
8.07684
8.05754
8.18294
8.26275
8.16007
8.23666
8.0517
8.05468
8.4397
8.35324
8.50613
8.55233
8.72699
8.78074
8.76555
8.50503
8.32267
8.49052
8.42703
8.58251
8.3617
8.23535
8.44008
8.47585
8.785
8.29087
8.82936
8.07805
8.4197
8.26234
8.22872
8.19222
8.18493
8.38312
8.38262
8.23566
8.76509
8.52719
8.39585
8.31329
8.62034
8.1472
8.56916
8.36888
8.43062
8.54459
8.94202
8.74792
8.86731
8.37763
8.30951
8.25747
8.38883
7.9994
8.53578
8.19707
8.54435
8.25594
8.3842
8.22041
8.47545
8.01931
8.11297
8.23268
8.28013
7.83063
8.12943
7.91299
8.17751
8.14934
8.36941
8.29119
8.39644
8.26026
8.45523
8.21498
8.30523
8.00651
8.47015
8.16879
8.40262
8.41682
8.60333
8.46759
8.49634
8.14612
8.38644
8.31597
8.18057
8.21521
8.65788
8.14571
8.6722
8.46613
8.52391
8.26056
8.49197
8.51991
8.34577
8.31158
8.19711
8.39449
8.22805
8.1431
8.49896
8.42898
8.42253
8.4212
8.8875
8.25132
8.65888
8.449
8.69835
8.52513
8.6251
8.38137
8.33879
8.28005
8.29951
8.253
8.49186
7.9303
8.44378
8.3415
8.35292
8.08677
8.12973
7.88986
8.10112
8.00713
8.07114
8.10873
7.89133
7.88055
8.17526
8.104
8.20321
8.10384
8.44697
7.95934
8.58276
8.49998
8.46734
8.41318
8.43283
8.36336
8.55486
8.24107
8.5754
8.24584
8.7017
8.12617
8.72886
8.23815
8.45145
8.35212
8.58715
8.16366
8.54785
8.18445
8.22163
8.47713
8.22802
8.25406
8.53757
8.28855
8.51507
8.56634
8.80532
8.29378
8.74564
8.19487
8.5362
8.50025
8.5943
8.38615
8.56935
8.34125
8.596
8.53299
8.47823
8.40159
8.33277
8.09181
8.49977
8.27756
8.30593
7.90442
8.36666
8.25746
8.31634
8.39699
8.57689
8.02177
8.59828
8.19927
8.41719
8.33174
8.4293
8.36272
8.68985
8.24508
8.61069
8.20132
8.46929
8.09108
8.62294
8.35683
8.47948
8.21489
8.44816
8.40383
8.49341
8.30339
8.13823
7.97589
8.38529
8.37116
8.57189
8.44407
8.25307
8.30065
8.61325
8.25516
8.61405
8.33255
8.36606
8.66467
8.75931
8.52403
8.72973
8.44611
8.33994
8.28111
8.76574
8.12056
8.70346
8.25476
8.43536
8.52028
8.659
8.31322
8.38217
8.32457
8.289
8.2704
8.56824
8.09765
8.5566
8.60618
8.43403
8.57503
8.43599
8.15803
8.61849
8.37636
8.60842
8.37778
8.46362
8.27713
8.44256
8.51291
8.51457
8.60039
8.87285
8.49561
8.76758
8.61956
8.37455
8.35205
8.43254
8.11871
8.47583
8.19114
8.27058
8.25229
8.65161
8.19319
8.5022
8.29966
8.31136
8.55554
8.26474
8.40805
8.4055
8.0568
8.30724
8.31644
8.44692
8.21876
8.45097
8.45036
8.38572
8.4974
9.14033
8.36472
8.66799
8.29111
8.5001
8.65368
8.33998
8.1016
8.61005
8.07273
8.42927
8.56542
8.55758
8.24367
8.9687
8.74836
8.66821
8.60143
8.6569
8.61928
8.66664
8.29099
8.52744
8.36811
8.2858
8.17544
8.81149
8.5416
8.19596
8.69956
9.0975
8.17015
8.97536
8.49427
8.42896
8.14518
8.11107
8.15577
8.33289
7.49619
8.13584
8.04657
8.13247
7.68202
8.64317
8.05772
7.88821
8.16778
8.61263
7.96267
8.13944
7.67892
7.68288
7.87699
7.89108
7.91501
8.15454
8.03637
8.00564
8.01169
8.64606
7.58626
7.89743
7.86318
7.75119
7.82118
8.18134
8.05
8.30964
7.93034
8.09243
7.87009
8.29581
7.79101
8.48657
8.09619
8.36127
8.42003
8.88282
8.21656
8.5405
8.31932
8.14485
8.26244
8.57507
8.12045
8.32504
8.52716
8.58784
8.2559
9.00512
8.19102
8.5936
8.41387
8.25705
8.42936
8.2516
8.20766
8.58006
8.36138
8.51361
8.58
8.59961
8.10927
8.57282
8.45097
8.35512
8.38686
8.70747
8.13604
8.48158
8.31469
8.34491
8.34374
8.48015
8.21261
8.41688
8.61774
8.28601
8.4147
8.54033
8.05848
8.6581
8.34429
8.36564
8.40812
8.16476
8.01902
8.41076
8.14627
8.25437
8.21425
8.28715
8.01263
8.42015
8.18612
8.18688
8.25364
8.08653
7.85772
8.3651
7.90844
8.16886
8.04788
8.47249
8.19192
8.49666
8.63439
8.3368
8.50385
8.43338
8.13156
8.7585
8.24364
8.53325
8.57197
8.4773
8.2645
8.59229
8.26004
8.53296
8.38918
8.48415
8.53005
8.63301
8.54481
8.22078
8.49255
8.49074
8.13962
8.73176
8.36419
8.48109
8.53004
8.65001
8.4884
8.74037
8.35698
8.54201
8.55495
8.57642
8.13863
8.69742
8.33209
8.60499
8.42481
8.90437
8.32347
8.65108
8.1961
8.38331
8.3522
8.49899
8.52599
8.71142
8.37634
8.38682
8.83624
8.49457
8.0747
8.90168
8.31172
8.5947
8.72465
8.59779
8.29947
8.48149
8.45671
8.56678
8.50975
8.60338
8.51099
8.48053
8.50684
8.69029
8.58935
8.73019
8.1086
8.84865
8.38983
8.86004
8.84616
8.83286
8.73966
9.02815
8.5965
9.05353
8.67762
8.53086
8.69226
8.88986
8.55171
8.75486
8.35249
8.99985
8.32417
8.63561
8.79712
8.5576
8.34126
7.96793
8.23733
8.31191
7.77873
8.58996
8.06779
7.93806
8.07406
8.30904
7.70827
8.21252
7.65064
8.24181
7.87076
8.55587
7.80393
8.24251
8.38244
8.06141
8.07963
8.27591
7.8408
8.19319
7.73646
8.2706
8.00098
8.44953
8.53068
8.22139
8.39258
8.10224
8.45578
8.6427
8.02156
8.4324
8.41587
7.84239
8.34425
8.21846
8.19612
8.21934
8.74505
8.89651
8.24188
8.67474
8.72998
8.54277
8.78247
8.63671
8.81858
8.87367
8.29847
8.70164
8.31525
8.73689
8.49134
8.49947
8.68479
8.8771
8.82963
8.65566
8.40484
8.41884
8.04443
8.59327
8.68292
7.97758
8.21799
8.36878
8.10101
8.42811
8.20161
8.37345
8.16084
8.59861
8.46129
8.70728
8.51607
8.51429
8.37791
8.4395
8.41561
8.61739
8.30997
8.16289
7.88518
8.43257
8.16277
8.26879
8.02149
8.04422
7.85864
8.35613
7.90142
7.95146
7.75027
7.63345
7.66913
7.83433
7.47183
7.32761
7.68454
7.78202
7.6346
8.10076
7.89875
8.11398
7.73236
7.74462
7.68891
7.68774
7.81786
7.99725
7.94067
8.14154
8.12404
7.9888
7.85493
7.81993
7.71743
7.94472
7.80182
8.15077
7.92
8.60222
8.36499
8.43543
8.15138
8.28155
8.20625
8.43643
8.29753
8.60427
8.60187
9.15854
8.86583
9.13575
8.90622
9.11844
8.84729
9.18941
8.90776
9.01285
8.93236
8.83641
8.737
8.80843
8.67146
8.74838
8.71323
8.74226
8.56784
9.01298
8.52956
8.67894
8.51548
8.69659
8.22263
8.45167
8.33145
8.43771
8.41833
8.44389
8.37848
8.55332
8.59358
8.27818
8.40835
8.46745
8.03062
8.48553
8.21827
8.19251
8.20522
8.07177
7.94499
8.12517
7.95659
8.01186
8.08872
8.09129
7.99135
8.40418
8.30753
8.14279
8.19072
8.17956
7.95077
8.36558
8.17285
8.26798
8.21474
8.61246
8.60106
8.3907
8.62261
8.7363
8.62007
8.68555
8.59455
8.61911
8.53989
8.3801
8.45862
8.72378
8.45167
8.50293
8.71196
8.78467
8.41588
8.77104
8.7039
8.70208
8.61848
8.90279
8.80592
8.37249
8.37485
8.43254
8.33868
8.48995
8.31342
8.71823
8.38382
8.25379
8.42893
8.55002
8.14532
8.24013
8.17889
8.25674
8.49493
8.1401
8.27735
8.22764
7.87565
8.37408
8.08949
8.4432
8.00979
8.65533
8.08602
8.62306
8.23168
8.28282
8.52314
8.34961
8.19525
8.71616
8.25688
8.3862
7.89396
8.59129
7.8011
8.53991
8.14729
8.31383
8.29848
8.79739
7.9801
8.75535
7.91109
8.31926
8.4174
8.70956
8.08535
8.50557
7.9609
8.35536
8.0525
8.53251
8.30088
8.71856
8.14922
8.59413
8.71364
8.36261
8.29096
8.77798
8.03402
8.70533
8.4861
8.65947
8.33926
8.41861
8.4429
8.28352
8.39833
8.67682
8.22878
8.83086
8.03387
8.90626
8.62435
8.67583
8.63461
8.50297
8.0886
8.25734
8.11192
8.47839
8.24934
8.71537
8.51901
8.64912
8.76431
8.65735
8.61777
8.5724
8.09186
8.88868
8.55324
8.46964
8.64104
8.29909
8.51856
8.40639
8.75772
8.77922
8.39692
8.51398
8.54438
8.8156
8.26229
8.38639
8.40791
8.00959
8.31542
8.60916
8.48234
8.59103
8.32283
8.52695
8.09771
8.3414
8.67271
7.96258
8.39003
8.39595
8.1444
8.66667
8.12982
8.62136
8.4091
8.19663
8.29063
8.41434
8.286
8.24217
8.11409
8.60268
8.19165
8.38069
8.59832
8.7052
8.45646
8.10765
8.26086
8.54047
8.04787
9.00479
8.06472
8.80673
8.58706
8.27428
8.61814
8.46706
8.16895
8.57798
7.97258
8.34219
7.87782
8.65819
8.0896
8.17688
8.17057
7.97748
8.09341
8.68776
7.83617
8.43911
8.13827
7.80871
8.14378
8.26329
8.1021
8.07517
8.12002
8.08897
7.83259
8.51494
8.30807
7.97033
8.20521
7.56928
7.90382
8.2938
7.39466
8.01713
7.7391
7.94477
8.03392
8.24887
8.11402
8.04617
7.84183
7.75901
7.70278
8.05169
7.79644
8.10009
8.18682
8.16395
8.58836
9.77427
9.5948
10.7682
11.6659
12.0396
13.6324
13.7988
14.9325
15.5872
16.102
16.631
17.0704
17.1701
17.447
17.4508
17.9046
17.97
18.5012
18.6968
18.9272
19.0669
19.3339
19.2781
19.9189
19.4803
19.4363
19.1444
18.9568
18.7139
18.6582
18.0605
18.0253
17.9427
18.7399
18.0135
18.7136
17.5968
18.1485
18.0061
17.7617
17.7882
17.857
16.8915
16.6937
15.8114
15.5659
14.4022
14.0671
12.9314
12.6895
12.0906
12.3888
11.4358
11.458
10.1185
10.1345
9.619
9.05851
8.46585
8.14689
7.1103
7.63317
6.73805
6.43499
6.01663
6.02648
5.3171
5.06346
4.45037
4.36605
3.69721
3.48933
3.40129
3.22905
2.49354
2.49841
2.0349
1.61004
0.804059
0.876275
0.700471
0.0533822
0.0326993
-0.585298
-0.789251
-0.868873
-0.972934
-0.822552
-0.798857
-0.835872
-1.17103
-0.871907
-1.58739
-2.52578
-1.85888
-2.33639
-2.17225
-2.7205
-2.61794
-2.95412
-3.1592
-3.57781
-2.87236
-2.42927
-1.85782
-0.926322
-0.240015
-0.0520547
0.651579
1.36696
1.72745
1.08975
2.36741
2.63957
4.06
4.76147
5.70524
6.84264
7.16935
8.34045
8.2821
8.09467
8.3015
8.45998
8.18453
8.20442
8.27673
7.85021
8.34584
9.35598
9.88127
10.1604
11.8015
12.2372
12.9653
13.6589
14.5159
15.2918
15.3408
16.1897
16.8042
16.5853
16.786
17.5091
17.1872
17.5988
17.9851
18.6291
18.3766
18.4468
18.9517
18.9199
18.9881
19.3859
18.7514
18.8554
18.1186
18.2575
18.4308
17.9799
17.5424
18.0251
18.2419
18.0744
17.8574
17.9868
17.4369
17.6793
17.3545
17.9224
17.4665
17.1022
16.1096
16.2404
14.8762
14.7412
13.9958
13.6083
12.518
12.5789
12.6296
12.243
11.2613
11.1693
9.79643
10.0494
8.94443
8.90582
7.93981
7.82037
7.53195
7.02793
6.56299
6.3069
5.53858
5.1523
4.82794
4.60007
4.09246
3.83234
3.56132
3.49462
2.8127
2.85295
2.24234
1.60887
1.26874
1.13131
1.04115
0.390588
0.117348
-0.188598
-0.563381
-0.32138
-0.509316
-0.0701163
-0.589584
-0.785946
-0.62755
-0.594497
-1.03361
-2.33272
-1.56857
-2.24128
-1.74861
-2.11919
-1.95932
-2.52294
-2.97244
-3.18805
-2.22946
-1.95097
-1.63517
-0.779887
-0.0150461
-0.254373
0.975737
1.11816
1.80544
1.03053
2.24626
2.60662
3.86185
4.65473
5.23298
6.25945
6.65325
7.71529
7.73838
7.53756
7.76025
7.75872
7.75997
7.51722
8.07957
7.41814
7.96308
7.83482
7.68144
7.50556
7.77
7.73231
7.75267
7.93588
7.86916
7.53722
8.09092
8.58627
8.61945
7.8522
9.5827
9.0021
10.8327
10.7626
12.668
12.5947
13.0256
13.7753
15.0368
14.5991
15.5672
16.1812
16.4768
16.4854
17.1226
17.2596
17.0356
17.2968
18.5338
18.2717
18.6802
18.6464
18.5464
18.7114
18.4463
19.258
18.8766
18.4148
18.2593
18.3526
19.058
17.4284
17.8371
17.7442
18.6065
17.9031
18.1516
17.9422
17.3682
16.8346
17.0047
17.6102
16.55
16.5279
15.9104
15.5782
14.3746
14.1005
14.0118
12.5713
12.0184
12.2109
11.616
11.6635
10.2269
10.7967
9.64141
9.61556
9.17403
8.83806
7.81342
8.10043
7.31297
7.60532
6.22987
6.16597
5.86543
5.52387
4.98736
4.6212
3.98531
3.85384
2.8839
3.40319
2.98635
2.50736
2.16396
1.85932
1.39115
1.01848
0.867151
0.946953
-0.205098
0.195509
-0.471367
-0.69253
-0.598952
-0.866231
-0.183453
-0.414535
-0.892619
-0.247759
-0.744963
-0.83738
-2.10244
-1.62866
-1.96746
-2.07579
-1.8406
-2.14273
-2.47247
-2.76956
-2.93631
-2.13521
-1.55263
-1.53398
-0.479987
-0.0382607
0.71888
0.855655
1.90165
1.88555
1.43696
2.29177
3.28936
3.96902
5.76908
5.15589
6.85666
7.25429
8.06896
7.9263
8.19599
8.07795
8.12434
8.47469
8.78882
9.16104
8.54624
8.00006
9.74478
8.94888
10.3453
10.5645
12.4901
12.5141
13.1223
14.2579
14.8547
14.5187
15.6521
16.1368
16.5543
16.4245
17.0872
17.2299
16.8614
17.6159
18.1505
18.326
18.631
18.4864
18.52
18.7818
18.3833
19.2994
18.5261
18.5302
17.7233
18.2955
18.7987
16.9781
17.6058
17.6437
17.8826
18.0682
17.8036
18.2188
17.2628
16.8745
16.7
17.4157
16.353
16.6554
15.6094
15.4315
13.8457
14.6468
13.9193
12.9808
12.0011
12.1978
11.5704
12.0866
10.6739
11.133
9.35654
10.38
9.09052
9.34649
8.36358
8.3428
7.38843
8.02376
6.35606
7.48019
6.2066
6.27115
5.27544
5.15514
4.78966
4.59803
3.58005
4.22219
3.28188
3.32782
2.84926
2.94919
1.92643
1.62536
1.33727
1.58404
0.488504
0.875559
0.335727
0.00595494
-0.10048
-0.103241
0.192304
-0.323906
-0.564037
-0.2069
-0.614915
-0.563381
-1.61173
-1.26873
-1.77147
-1.86499
-1.67135
-2.47283
-2.35563
-2.98849
-3.10931
-2.47061
-1.66333
-1.54371
-0.477388
-0.156551
0.348496
0.770201
1.64898
1.59044
1.45596
2.08018
3.15464
3.76655
5.74024
5.3376
7.42303
7.20298
8.45567
8.2413
8.29458
8.14631
8.41631
7.8535
8.26668
7.95162
8.05677
7.95083
8.12963
8.21198
8.06221
7.90592
8.09278
7.51306
7.89093
7.30262
7.8015
7.65954
7.71032
7.76552
7.80736
7.55914
7.66023
7.56932
7.6259
7.71529
7.73838
7.53756
7.76025
7.75872
7.75997
7.51722
8.07957
7.41814
7.96308
7.83482
7.68144
7.50556
7.77
7.73231
7.75267
7.93588
7.86916
7.53722
8.09092
8.57652
8.61485
8.85449
9.9817
9.24102
11.3164
10.2734
13.2503
11.3752
13.8951
13.3797
14.4771
14.2654
15.4382
15.7233
16.2886
16.2907
17.992
16.8202
17.4536
17.7746
17.9887
17.7324
18.4478
18.4906
18.4055
17.6222
18.2887
18.2016
17.6236
18.5981
17.8606
18.3662
18.3502
17.1834
18.744
16.456
18.3945
16.4542
17.9998
17.3676
17.0668
16.9999
16.585
16.5709
15.7522
16.0116
16.0229
15.5293
14.7953
14.555
13.6995
13.1431
12.8052
12.2573
11.4166
10.9786
10.6028
10.87
9.06716
10.4534
8.64737
9.43569
7.96105
8.70711
7.73085
7.79046
7.04217
6.70786
5.52271
6.07505
5.00974
5.00715
4.39718
4.43228
3.71505
3.99188
3.73186
3.40926
2.91789
2.6139
1.84898
1.26795
1.02984
1.25606
0.636068
0.516515
-0.530805
-0.503671
-0.175645
-0.474175
-0.370765
-0.846037
-0.966093
-0.590245
-0.916125
-0.721593
-2.14697
-1.82884
-2.17742
-1.92106
-1.66374
-2.15364
-2.33042
-2.69727
-3.06483
-2.46774
-1.32085
-1.24662
-0.698984
-0.0669582
0.69954
1.13357
2.1841
2.21837
1.46865
2.30976
3.38348
3.98671
5.80477
4.96123
6.83947
7.16024
8.06896
7.9263
8.19599
8.07795
8.12434
8.47469
8.78882
9.16378
9.73226
9.63299
11.609
11.7201
12.477
13.4626
14.1466
15.2873
15.326
16.0716
16.5318
16.08
16.4937
16.9941
17.0099
17.3739
17.7222
18.2174
18.3099
18.5009
18.7405
19.0291
18.9165
19.2391
18.7709
19.046
18.0532
18.3303
18.052
17.8896
17.4353
17.9547
18.4845
18.0355
18.0299
18.2115
17.558
18.0494
17.3874
18.0546
17.7166
17.2449
16.3823
16.3558
14.9601
14.7751
13.8713
13.7002
12.6702
12.749
12.5663
12.4961
11.3765
11.3593
10.0304
10.2876
8.90426
9.19085
8.36991
8.62359
7.71289
7.96038
7.74117
7.14374
6.69611
7.11507
5.60253
5.89399
5.00235
5.28793
4.4549
3.798
3.81388
3.69505
2.57394
2.8791
2.44016
1.86401
1.46803
1.54984
1.05489
0.334879
0.164434
0.116881
-0.694771
0.0826009
-0.385401
-0.2236
-0.531894
-0.97841
-0.577773
-0.702797
-1.1637
-2.1409
-1.36778
-1.15446
-2.03548
-1.37442
-2.35511
-2.56904
-2.52345
-3.06569
-1.88528
-1.48083
-2.01306
-0.93748
0.315956
-0.313021
0.880012
1.35297
1.65092
0.634201
2.53967
3.40036
3.53418
4.90348
5.08058
6.06529
7.4674
7.83057
8.86895
7.71354
9.7613
9.23015
10.5188
10.3462
12.3423
11.6459
12.6457
13.2552
13.9873
14.2688
14.8785
15.6139
16.0167
15.8237
16.3681
16.6674
16.34
16.6724
17.5254
17.6786
17.7832
17.8958
17.8639
18.0201
17.7916
18.6142
18.02
18.2078
17.388
18.0271
18.2495
17.079
17.4201
17.2168
17.9714
17.3095
17.6034
17.6216
16.6024
16.8687
16.3204
17.2185
16.5524
16.4721
15.7186
15.4876
14.1916
14.5102
13.8532
13.1772
12.2581
12.458
12.1037
12.1688
11.0106
11.3819
9.80131
10.5919
9.09038
9.67613
8.64962
8.90008
8.19501
8.34268
7.5422
7.02723
7.08638
6.4563
5.53103
5.7013
4.86935
4.80195
4.18329
3.90776
3.67512
3.33538
2.67877
2.91807
2.25965
1.78654
1.06115
1.34264
0.887365
-0.0614554
0.392721
-0.466574
-0.860079
-0.254716
-0.671891
0.111623
-0.614815
-0.858155
-1.10955
-0.875582
-1.53809
-2.63538
-1.61322
-2.65795
-2.39973
-2.06539
-2.11924
-2.9106
-3.1393
-3.78758
-2.9354
-2.39848
-2.0811
-1.09202
-0.515559
-0.0900193
0.626735
1.20454
1.92388
0.490245
2.47611
2.42978
4.28057
5.15937
5.96584
7.27367
8.26294
8.68389
8.73479
10.7967
10.3159
11.0482
12.7694
12.7264
