14.01200000
13.33400000
15.00000000
13.99800000
14.33200000
15.00200000
13.98400000
14.67400000
14.66800000
13.66600000
13.33400000
15.04600000
13.33200000
15.00000000
15.00000000
14.36800000
13.66600000
15.33200000
14.33400000
14.33600000
14.00000000
14.33200000
13.33200000
14.99800000
13.66600000
13.67000000
14.66800000
14.33400000
14.30400000
15.03800000
13.66600000
14.33400000
14.00000000
14.66600000
13.00000000
14.33400000
14.65800000
14.00000000
14.31800000
14.27800000
14.70600000
14.33400000
14.00000000
14.69400000
14.33400000
14.00200000
13.71600000
13.96200000
13.99800000
14.00200000
14.00000000
13.33200000
14.33600000
13.70800000
13.99800000
13.66400000
13.66600000
13.95800000
13.71600000
14.30600000
13.33200000
13.61800000
13.66600000
14.00000000
14.00000000
13.33400000
13.99800000
14.00000000
14.66800000
13.66600000
13.66800000
14.33200000
14.33400000
13.33600000
13.66600000
13.99400000
14.05600000
14.63600000
14.38400000
13.30800000
14.33400000
13.33400000
14.36600000
14.00000000
14.00000000
13.66800000
14.00000000
13.74000000
13.96800000
13.66600000
14.00000000
13.33000000
14.00000000
13.95200000
16.00000000
14.00000000
13.34400000
13.66800000
14.00000000
13.33400000
14.66800000
14.08400000
13.64600000
13.33400000
14.00000000
13.00000000
13.66600000
14.33400000
13.66600000
14.29000000
14.00000000
13.38600000
14.00000000
13.65800000
13.31800000
13.66600000
13.34000000
13.33400000
13.66600000
12.99800000
14.33200000
13.66800000
13.66600000
13.33200000
13.32200000
13.66800000
14.00000000
13.33200000
14.00000000
13.28600000
12.99800000
13.66600000
13.66600000
13.33400000
13.69000000
13.28600000
14.33400000
12.99000000
13.72200000
13.30800000
13.33200000
13.66600000
13.02200000
13.95200000
12.99200000
13.70400000
13.66600000
13.38000000
14.31600000
14.00000000
14.00000000
14.33200000
13.33200000
13.99000000
13.71400000
13.96200000
13.33400000
14.00000000
13.02400000
14.30600000
13.34000000
13.97400000
14.04000000
14.00000000
13.96200000
14.00000000
13.33200000
14.36400000
12.65000000
13.33000000
13.35000000
13.99800000
13.33200000
14.66600000
14.00000000
14.00200000
12.65600000
14.33600000
13.06000000
14.32400000
12.98400000
13.33600000
13.33200000
13.98800000
13.33200000
14.33400000
13.31000000
14.33200000
13.99800000
13.66800000
13.33200000
14.36800000
13.33200000
15.33000000
13.33200000
13.66800000
14.00000000
14.63000000
13.70600000
13.00000000
14.00000000
13.33400000
13.33000000
13.33200000
13.66600000
13.66600000
13.33200000
12.96200000
14.67400000
14.00000000
14.00000000
14.00200000
14.00000000
13.04600000
13.67200000
14.00000000
13.32200000
13.33200000
13.33200000
13.33400000
14.00000000
14.03400000
13.66600000
13.96400000
13.33200000
13.33400000
13.33200000
13.65600000
13.66600000
13.00000000
14.34600000
12.66800000
13.66600000
13.32600000
13.97800000
13.66800000
14.33400000
13.96400000
13.70400000
14.00000000
13.66600000
13.34600000
13.69000000
12.64600000
13.66800000
13.00000000
13.33200000
13.96400000
14.33400000
13.29000000
13.33200000
14.33400000
12.99800000
13.33400000
14.33400000
14.10200000
14.01800000
14.28000000
13.95000000
13.67000000
14.00000000
12.66600000
14.00000000
13.66600000
13.33200000
13.66600000
13.04400000
13.30800000
13.66600000
14.00000000
13.66600000
14.01400000
14.66800000
13.66600000
13.33200000
15.33400000
13.33200000
14.33400000
14.00000000
13.66800000
14.00000000
14.00000000
12.99800000
14.00000000
12.99800000
14.01800000
12.99800000
14.16600000
13.00000000
14.33600000
13.66600000
13.66800000
13.99800000
14.33200000
12.99800000
13.33400000
13.66600000
13.33600000
13.66600000
14.30200000
12.99800000
14.33200000
13.66600000
13.33600000
13.33200000
13.64200000
13.66600000
13.61200000
13.96600000
13.66400000
14.33400000
14.66800000
14.01200000
13.66600000
14.31200000
13.33400000
14.00000000
13.63400000
13.66600000
14.34800000
14.31800000
13.70800000
14.33400000
13.65200000
14.00000000
13.00000000
13.66600000
12.66600000
13.66600000
14.33400000
14.00000000
14.33400000
14.00000000
13.66800000
14.00000000
13.66600000
13.66600000
13.33400000
13.66600000
13.62600000
13.66600000
13.66600000
13.66600000
13.00000000
14.00000000
13.33400000
14.65600000
13.66600000
13.33200000
13.66200000
13.34600000
13.39200000
13.65000000
13.66600000
12.99800000
13.33400000
13.66600000
13.33400000
13.33200000
13.66600000
13.64400000
13.00000000
13.33200000
13.65600000
13.33200000
13.66600000
14.04800000
13.97400000
13.66600000
14.00000000
14.00000000
13.32800000
13.33200000
12.66200000
13.71600000
13.64000000
13.33200000
13.66600000
13.33200000
13.32400000
13.97200000
13.04200000
15.31000000
14.33200000
13.66600000
13.33400000
14.00000000
13.00000000
14.33400000
13.62800000
13.70400000
13.66800000
13.33200000
13.66800000
14.00000000
13.33200000
13.68600000
13.30200000
13.66600000
13.33400000
13.66600000
14.00000000
13.33200000
13.36400000
13.96800000
12.66800000
13.33200000
14.05200000
13.36600000
12.96800000
13.67200000
13.33400000
14.00000000
13.00000000
14.02800000
13.29600000
14.02200000
12.97200000
13.35000000
14.00000000
13.00000000
14.29000000
13.36600000
14.00000000
13.66600000
14.32600000
13.01000000
13.99400000
13.33200000
13.67000000
13.33400000
13.66800000
13.33200000
14.00000000
13.31600000
14.30400000
13.33200000
14.00000000
13.00000000
14.33200000
13.32200000
13.66800000
13.67800000
14.00000000
13.01600000
14.00200000
13.66600000
14.00000000
13.66600000
14.31600000
12.66800000
13.66800000
13.33200000
13.33400000
13.35000000
13.66600000
12.98200000
13.66800000
14.00000000
13.33600000
13.01600000
13.65600000
13.33400000
14.33400000
13.65000000
13.00000000
13.66600000
13.66600000
13.33200000
13.63000000
14.36800000
12.66600000
13.33200000
13.66600000
13.66600000
13.33400000
13.33200000
13.41600000
13.30000000
13.33200000
13.98400000
13.00000000
14.33400000
13.66600000
14.00000000
13.32800000
13.66800000
13.00000000
14.00000000
13.00000000
13.70200000
13.97400000
13.33200000
14.00200000
13.33200000
12.62800000
13.66600000
13.99200000
13.66600000
13.66600000
13.66600000
12.96200000
13.33200000
14.00000000
14.66400000
14.33400000
13.66600000
13.33600000
13.00000000
14.00000000
12.98800000
13.33400000
13.64400000
13.63400000
12.66400000
14.29000000
12.99800000
13.67000000
13.37800000
13.62600000
13.33200000
14.33400000
13.04400000
13.63600000
13.33400000
13.70200000
12.67800000
13.99800000
12.99800000
13.33400000
13.66400000
14.38800000
14.05000000
13.63400000
13.33200000
12.95800000
13.33400000
14.00000000
14.00000000
13.67800000
14.00000000
13.00000000
14.00000000
13.33200000
14.33400000
13.68000000
13.99800000
13.33400000
14.00000000
13.00000000
13.71800000
13.67400000
13.63400000
13.33400000
14.66800000
13.66600000
13.39000000
13.30600000
14.00000000
13.35400000
14.37200000
13.33400000
13.64600000
13.33200000
14.00600000
13.33400000
14.66400000
13.33400000
14.00000000
13.66600000
13.33200000
13.66800000
13.35000000
13.00000000
14.00000000
13.52600000
13.33200000
13.00000000
13.66600000
13.00000000
13.99800000
13.37200000
14.00000000
13.00000000
13.33200000
13.66600000
13.67400000
13.33200000
13.00000000
13.66600000
14.33400000
13.00000000
13.66600000
13.32200000
13.66600000
13.00000000
14.33400000
13.00000000
14.33400000
14.00000000
13.34000000
13.33200000
13.00000000
13.33400000
14.00000000
14.66800000
13.66600000
14.33400000
13.65600000
13.00000000
13.99800000
14.33200000
12.66600000
13.59400000
13.66600000
13.66600000
12.99800000
14.66800000
13.01600000
14.00200000
12.98600000
14.33400000
13.00000000
14.33600000
12.99800000
13.70800000
13.29600000
14.33200000
12.99800000
13.66800000
13.66600000
13.64000000
13.33200000
14.03400000
12.66600000
14.33400000
13.33200000
13.33600000
13.66800000
13.33600000
13.71600000
13.27400000
13.03200000
13.33200000
13.66600000
13.00000000
13.66600000
13.33200000
13.33200000
13.33200000
14.31800000
13.29000000
12.99800000
14.00000000
13.33200000
13.33400000
14.00000000
14.33200000
14.00000000
13.63400000
13.37000000
13.38000000
13.66600000
13.00000000
14.05000000
12.97200000
12.99800000
13.65600000
13.33200000
13.66600000
14.00000000
16.00000000
13.66600000
13.33400000
13.73400000
13.30800000
13.33200000
13.66600000
13.33200000
13.66800000
13.66600000
13.33400000
13.65000000
13.72400000
14.33400000
13.05200000
14.00000000
13.00000000
14.33000000
13.33200000
13.33200000
14.01400000
13.66600000
13.00000000
12.99800000
13.66600000
14.00000000
13.33400000
13.66800000
13.33400000
13.33200000
13.71800000
13.66600000
13.33400000
14.00200000
13.00000000
13.99600000
13.99800000
13.65600000
14.32800000
13.33200000
13.33400000
12.99800000
13.33400000
13.33200000
13.66600000
13.33200000
13.33400000
13.33200000
13.66600000
12.66600000
13.33400000
13.71200000
14.30000000
13.06000000
13.59800000
13.66800000
13.71600000
13.33200000
13.33600000
13.31600000
14.00000000
12.99800000
13.37000000
13.31600000
14.00000000
12.66400000
13.65800000
13.31600000
13.00200000
13.66600000
13.33400000
14.04600000
13.00800000
13.66600000
13.67000000
13.38000000
13.64000000
12.99400000
12.99600000
14.01800000
14.00200000
13.33800000
13.00000000
13.33200000
13.66600000
13.01600000
13.33400000
14.00000000
14.00000000
13.33200000
13.29000000
13.36800000
13.66800000
13.34400000
13.66800000
13.66600000
13.33200000
14.33400000
13.66600000
14.00000000
13.33200000
12.97600000
14.00000000
13.66600000
13.00000000
14.00000000
13.33200000
13.34400000
13.66600000
12.98400000
14.00200000
14.00000000
13.33400000
13.00000000
14.00000000
12.98400000
12.66200000
13.66600000
13.66400000
12.99800000
14.00000000
13.66600000
13.33600000
13.66600000
13.00000000
13.33200000
14.36800000
14.00000000
13.33400000
13.31000000
13.66800000
13.33200000
13.66200000
14.00000000
13.33400000
14.33400000
13.00000000
13.66600000
13.33400000
12.99800000
13.66800000
13.33600000
13.66800000
12.66600000
15.33400000
13.66600000
13.33400000
13.33200000
14.00000000
13.37200000
13.96800000
12.99800000
13.66800000
13.66600000
13.68000000
13.33200000
14.66600000
12.96800000
14.00000000
12.96600000
14.00000000
13.66600000
14.33400000
12.99800000
13.67000000
13.66600000
13.37000000
13.66600000
14.33200000
13.00000000
14.34200000
13.66600000
14.04600000
13.29400000
14.00000000
12.66400000
13.00200000
13.65200000
13.66800000
13.33200000
14.32200000
13.33200000
13.33400000
13.66600000
13.66800000
13.33400000
13.66600000
14.00000000
13.33400000
14.71000000
12.66600000
13.06000000
13.83400000
12.99800000
13.38000000
13.31200000
12.99000000
13.66600000
14.00000000
14.33400000
13.33400000
13.01200000
13.33400000
13.66600000
13.66600000
13.66600000
13.33400000
14.35000000
14.00000000
13.72200000
13.96800000
13.33200000
13.33200000
13.33400000
13.33400000
13.66600000
13.62600000
13.66600000
13.70200000
13.66600000
14.33400000
13.66600000
13.33200000
14.00000000
12.66600000
14.00000000
13.33400000
13.33400000
14.00000000
13.38200000
13.02600000
14.66600000
14.00000000
13.33200000
13.96800000
13.66600000
13.00000000
14.00000000
13.37200000
13.29400000
14.30200000
12.98400000
13.66800000
13.65600000
12.96200000
14.00000000
13.36200000
13.29400000
13.33400000
13.66800000
13.00000000
13.33200000
13.70600000
13.29400000
13.66600000
13.00000000
14.00000000
12.66600000
13.33400000
12.66400000
13.67000000
13.66600000
13.37000000
12.66600000
14.00200000
13.66600000
13.33600000
13.66600000
13.00200000
13.66600000
13.66600000
12.99800000
14.37400000
13.66600000
13.70600000
76.23000000
65.83500000
21.66600000
17.66800000
16.66800000
16.66600000
15.66800000
17.00000000
15.66600000
16.29600000
16.33600000
16.66800000
17.33400000
18.33400000
16.65200000
16.00000000
16.73800000
16.62000000
16.33600000
16.66800000
16.01200000
16.00000000
17.01800000
16.33400000
16.39200000
15.95800000
17.00000000
16.33400000
17.00000000
17.00000000
16.33400000
16.33400000
17.01200000
16.33400000
16.32000000
16.33400000
16.66800000
16.66600000
16.39200000
16.29800000
16.33400000
16.66600000
16.67000000
16.33400000
16.33600000
16.66600000
16.66600000
16.04200000
16.33400000
16.33400000
16.33600000
16.98800000
16.66600000
16.00000000
16.66800000
16.65600000
16.35200000
16.00200000
16.66800000
16.00000000
16.00200000
17.00000000
16.33600000
16.66600000
16.00000000
15.99800000
16.33400000
16.00000000
16.66600000
15.63000000
17.39200000
17.33000000
16.00000000
16.66800000
16.60600000
16.38000000
17.66800000
15.66800000
16.66800000
15.65600000
16.65000000
16.33200000
16.66600000
15.99800000
16.67000000
17.00200000
16.31800000
16.33200000
16.33400000
17.00000000
15.66800000
17.33400000
16.66800000
16.66600000
16.00200000
17.00000000
15.68400000
17.00000000
16.01800000
16.66600000
16.00000000
17.04600000
15.95800000
16.31000000
17.00000000
17.00000000
16.00000000
17.38400000
16.28800000
16.66600000
16.33400000
17.00000000
16.00200000
17.00000000
16.33400000
17.66800000
16.72400000
15.95400000
17.00000000
16.66600000
15.66600000
17.33200000
16.66800000
16.70000000
17.33200000
16.00000000
17.33400000
17.04400000
16.72400000
16.29000000
17.00000000
16.05200000
17.00000000
17.00000000
16.31800000
16.99800000
16.99800000
17.00200000
16.00000000
16.37800000
16.62200000
15.63400000
16.68400000
16.00000000
15.98400000
17.03800000
16.33200000
15.66800000
17.00200000
15.66800000
16.33400000
16.33200000
16.33400000
16.97800000
16.66600000
16.00000000
16.05600000
16.29000000
16.66600000
15.33400000
16.68000000
16.33600000
17.35200000
16.66600000
16.33400000
15.99000000
16.33400000
15.99800000
16.67400000
16.28600000
16.67400000
16.00000000
16.33400000
16.66600000
17.00000000
16.70600000
16.30200000
16.00000000
16.66600000
16.33200000
16.66800000
17.00200000
16.06400000
16.95000000
15.66600000
16.66600000
16.35600000
17.32800000
16.68000000
16.66600000
16.99800000
16.66600000
16.00600000
16.71600000
15.63000000
16.66600000
18.33400000
16.66600000
16.66600000
16.04600000
16.28600000
16.33200000
16.00000000
17.00000000
16.00000000
16.43600000
15.66800000
17.00000000
16.33400000
17.00000000
16.33600000
16.66600000
16.33200000
16.33200000
16.35600000
17.00000000
16.00200000
17.01000000
15.38000000
16.28200000
17.33400000
17.00000000
16.00200000
16.66600000
17.01600000
17.00000000
16.33400000
16.37200000
16.33200000
16.66600000
16.33400000
16.99800000
17.00000000
16.33400000
16.97000000
16.66600000
16.33600000
17.00000000
16.33400000
15.66400000
16.66800000
16.33400000
16.00000000
16.04400000
17.29400000
16.00000000
17.00000000
16.33400000
17.33200000
15.72000000
16.66600000
15.66800000
16.33600000
16.33400000
16.33000000
16.33400000
16.31800000
16.37200000
16.66600000
16.66600000
16.66800000
15.33400000
17.00000000
16.04200000
16.65200000
16.00200000
16.00200000
16.33400000
16.66400000
16.33400000
16.33400000
16.33600000
16.66600000
15.96800000
16.99000000
16.33200000
15.66800000
16.33200000
16.37800000
16.95000000
16.65200000
16.66600000
16.33600000
16.66600000
16.71600000
16.28800000
16.66600000
16.66600000
16.33400000
17.30000000
16.33600000
16.66600000
16.66600000
16.04400000
16.28400000
16.66600000
16.33200000
17.00000000
16.34200000
16.33200000
16.33400000
19.00000000
15.66800000
17.00000000
16.05200000
16.31600000
16.33400000
16.66600000
16.66600000
16.66600000
16.65600000
16.66600000
16.00000000
16.66600000
16.66800000
16.66600000
16.33400000
16.33200000
16.66400000
17.33400000
16.00200000
16.66600000
17.04000000
16.28800000
16.68200000
16.33400000
16.64800000
16.00200000
17.35000000
16.00000000
16.66600000
18.33200000
16.33600000
16.00000000
16.99800000
16.00000000
16.33400000
16.99800000
16.33600000
16.66800000
16.66600000
16.66600000
17.00000000
16.62200000
16.71400000
16.33200000
16.35800000
15.96400000
16.64000000
16.00200000
17.00000000
16.33200000
16.33600000
16.32400000
16.69200000
16.37200000
16.92800000
15.66600000
17.00000000
16.00200000
16.65800000
16.66800000
17.00000000
16.33400000
16.66800000
15.66800000
16.99800000
16.35200000
16.28400000
16.33400000
17.06200000
15.96400000
15.96200000
17.33000000
16.00200000
16.33400000
16.33600000
16.33000000
17.33200000
16.05200000
16.33600000
16.33400000
16.67400000
16.00000000
16.66800000
16.37200000
16.33200000
16.33200000
16.33600000
16.66800000
16.66000000
16.66600000
17.33400000
15.66800000
17.01400000
16.33400000
16.33600000
16.66800000
16.66800000
16.36800000
17.69000000
16.02800000
16.28600000
16.33600000
16.65600000
15.99800000
16.66600000
16.33200000
17.33400000
17.04400000
15.61600000
16.66600000
16.33400000
16.70000000
16.33400000
16.66600000
16.33200000
16.33200000
16.31800000
16.66600000
15.68000000
17.00000000
16.29600000
16.66600000
16.00000000
17.00600000
16.03400000
16.66200000
16.00000000
16.66600000
16.66800000
16.32800000
16.33200000
16.96200000
15.66800000
17.00000000
16.66600000
17.33400000
15.66800000
17.33200000
16.33200000
16.33200000
17.33200000
15.67400000
16.66800000
16.66600000
16.34200000
16.99000000
16.66600000
17.00000000
16.33600000
16.65600000
16.01800000
16.33200000
16.33400000
16.33400000
15.66800000
16.33400000
16.70400000
16.00000000
16.65000000
16.65000000
17.00000000
16.66800000
17.33200000
15.66600000
17.00000000
15.33400000
16.00200000
16.00200000
16.32000000
16.33400000
17.00000000
16.66600000
16.68600000
16.00000000
16.00000000
16.00000000
16.32200000
16.66400000
16.33600000
16.00000000
16.66600000
16.00000000
16.65000000
16.00200000
16.33400000
16.33200000
17.00000000
16.33200000
16.66800000
16.70800000
16.66600000
16.03000000
15.95200000
16.66600000
17.00000000
16.64000000
16.65000000
17.38400000
16.00200000
16.33400000
16.33200000
16.00200000
16.30600000
16.71600000
15.95600000
17.66800000
17.33400000
16.66600000
15.66800000
16.66600000
16.66800000
15.99800000
16.66600000
16.33200000
16.33400000
17.31800000
16.33400000
17.33400000
16.66600000
17.37400000
16.66600000
16.99800000
15.71800000
16.99600000
16.95400000
16.38200000
16.32800000
17.30800000
16.00200000
17.33400000
16.66800000
16.63000000
18.66800000
17.33200000
15.66600000
17.00200000
16.33400000
16.33400000
15.99000000
16.70800000
16.29000000
15.33000000
16.33600000
16.00200000
16.33400000
16.66800000
16.66600000
15.99800000
16.33400000
16.00000000
16.34000000
17.04600000
16.60200000
16.33200000
17.33200000
15.66800000
17.00000000
16.33400000
16.33400000
16.66400000
16.68000000
16.33200000
17.01800000
16.66600000
16.99800000
16.04600000
16.61600000
17.00000000
16.66800000
16.66800000
17.00000000
16.00000000
17.00000000
16.33400000
16.33400000
16.66600000
16.66800000
16.65600000
16.66600000
16.33400000
16.66800000
16.29800000
15.98400000
16.66600000
16.65600000
16.03800000
16.62200000
18.66800000
16.33400000
16.66600000
16.33400000
16.37200000
16.61800000
16.66600000
16.33600000
16.37800000
16.62200000
16.32800000
15.66800000
16.33200000
16.00200000
17.33200000
16.05000000
16.28200000
15.98400000
17.33400000
15.71600000
16.65200000
16.66600000
16.33800000
16.66600000
16.66600000
16.02200000
16.33200000
16.65600000
16.36200000
16.33200000
17.66800000
15.67400000
17.00000000
16.33400000
16.37200000
16.00000000
17.33400000
16.33600000
16.96800000
17.00000000
16.66600000
16.65200000
17.42400000
16.28600000
16.66800000
16.66600000
16.33400000
16.66800000
16.66800000
16.66600000
15.99600000
16.33600000
16.33400000
16.66200000
17.00000000
16.00200000
16.38600000
16.66800000
16.00000000
16.66600000
16.33400000
17.00200000
16.98800000
17.01800000
16.29600000
17.00000000
16.00200000
16.66600000
16.04400000
16.28400000
16.66600000
16.66600000
16.66600000
17.02200000
16.33400000
17.33400000
16.33200000
16.33400000
16.00000000
16.00200000
16.00000000
17.01200000
16.35200000
16.66800000
16.99800000
15.99000000
16.33400000
16.33200000
16.66600000
16.33400000
16.38000000
16.66600000
17.04200000
17.37600000
16.03800000
16.28600000
16.70400000
17.28200000
16.33200000
17.00200000
16.66600000
17.32800000
16.33400000
16.33600000
16.33400000
16.33400000
15.96800000
18.00000000
16.00200000
16.66600000
16.04000000
16.33600000
15.70600000
16.28800000
16.33400000
17.33400000
16.33200000
16.99800000
16.00000000
16.33600000
17.32200000
16.00000000
16.66600000
16.30800000
17.66600000
16.33400000
16.66000000
16.33400000
16.66600000
16.72200000
16.28200000
16.65600000
17.00000000
16.72400000
17.29000000
16.33400000
16.71200000
16.63400000
17.04400000
15.95200000
17.00000000
15.66800000
16.66600000
16.00000000
17.32800000
16.04800000
16.61000000
17.33200000
17.00000000
16.97800000
16.66600000
16.00000000
16.66200000
16.71600000
16.28200000
16.00200000
17.36400000
16.35000000
17.32800000
17.02000000
16.66600000
16.33400000
16.33400000
16.34800000
17.00000000
17.00000000
16.66600000
15.98600000
16.66400000
16.30800000
16.71200000
16.99800000
16.95400000
16.71800000
16.66600000
16.33600000
15.70000000
17.00000000
16.33200000
16.66600000
16.33200000
16.99800000
16.00000000
17.00000000
16.33400000
17.31800000
16.99800000
16.66800000
16.66600000
16.33400000
16.28400000
17.00000000
16.89400000
17.33200000
16.37200000
17.27800000
16.37200000
16.28400000
16.37200000
16.66800000
16.66600000
15.99000000
16.70600000
16.62200000
16.66600000
16.99800000
16.00000000
17.66800000
16.72000000
16.66800000
16.66800000
17.33200000
16.66600000
16.99000000
16.33200000
16.33600000
16.38000000
16.95000000
16.33400000
16.68400000
17.33200000
16.66600000
17.00000000
16.94400000
16.37800000
16.65200000
17.00000000
15.66800000
17.00000000
16.33400000
17.33000000
16.66600000
17.33400000
16.32400000
17.05000000
16.28400000
16.66600000
16.00000000
16.33200000
16.31800000
17.66600000
15.66400000
16.33200000
16.33400000
15.99800000
15.67200000
16.66600000
16.00000000
16.66800000
15.68400000
16.66600000
17.64800000
16.66600000
16.33200000
16.66600000
16.00000000
15.99800000
16.33200000
16.66600000
16.33400000
16.99400000
16.03000000
16.71200000
15.93400000
16.70200000
16.00000000
16.29600000
16.99800000
15.66800000
16.66600000
16.00200000
16.66600000
16.03800000
16.95000000
16.33200000
16.66600000
16.71800000
16.66800000
16.33400000
16.33400000
15.95800000
16.39000000
16.62200000
16.66800000
15.66800000
17.00200000
16.38000000
15.95200000
18.66800000
16.31800000
16.38600000
16.66800000
16.33200000
16.33600000
16.66800000
16.31200000
16.00600000
17.00000000
16.33200000
16.39000000
16.96200000
16.00200000
16.33200000
17.33000000
15.66600000
16.66800000
16.99800000
16.00200000
16.66600000
16.65200000
16.37200000
16.00200000
16.66600000
16.99800000
16.33200000
16.33200000
17.00000000
16.01400000
17.00000000
16.66600000
15.99800000
16.00000000
16.66600000
16.33200000
17.00000000
16.33200000
17.00000000
17.33400000
17.00000000
16.32000000
17.33400000
16.00200000
17.00000000
17.02800000
16.63000000
16.66800000
17.04000000
15.66600000
16.33200000
17.00000000
16.33400000
17.66600000
17.00000000
16.33600000
16.72000000
16.99800000
16.62800000
17.00000000
16.99800000
16.68400000
16.99800000
16.31200000
17.00000000
17.68600000
16.38000000
16.28600000
16.72400000
17.00000000
16.33200000
17.00000000
17.00200000
17.00000000
16.99800000
16.66800000
16.33400000
16.66750000
17.50000000
15.83250000
16.66250000
17.08250000
17.08250000
16.32000000
17.91500000
16.66750000
17.08250000
17.51500000
17.50000000
17.50250000
17.80000000
16.25000000
17.48750000
16.19500000
17.50000000
17.08250000
17.50000000
15.83250000
17.08500000
17.08250000
17.91750000
16.66750000
17.50000000
17.50000000
17.07750000
16.60500000
17.55000000
17.49750000
18.24500000
17.48750000
17.91750000
16.66750000
17.50000000
16.25250000
17.02000000
17.43500000
16.66500000
17.08500000
19.08500000
17.08250000
17.08250000
16.66750000
17.50000000
16.66750000
17.08250000
16.27000000
18.26250000
15.92500000
17.60500000
17.09750000
17.02000000
17.08250000
17.50000000
16.25250000
17.50000000
17.54750000
17.49500000
16.25250000
17.96000000
16.22500000
16.76500000
16.65250000
16.66500000
16.25250000
18.33250000
16.25250000
17.50000000
17.08000000
17.50000000
17.50000000
17.91500000
16.25250000
17.08500000
17.08250000
17.19500000
16.25000000
17.50000000
15.83250000
17.08250000
17.91000000
17.50000000
16.25000000
17.91750000
16.25000000
16.77250000
17.08250000
17.03750000
16.66750000
17.91750000
15.83500000
17.80000000
17.93750000
17.50000000
17.90500000
17.49750000
16.66750000
17.50250000
16.25000000
17.08250000
16.67000000
18.33250000
16.25000000
16.62750000
17.08250000
17.50000000
16.25000000
17.50000000
16.66750000
17.50000000
17.92250000
16.71000000
16.67000000
17.82750000
16.66500000
18.33500000
17.08250000
18.38500000
16.23000000
17.49750000
16.65500000
17.49750000
16.66750000
16.66750000
16.66500000
17.50250000
16.25250000
17.08500000
17.50250000
17.50250000
16.66750000
18.33250000
16.66500000
17.49750000
17.59000000
17.08250000
16.66750000
18.33250000
16.34000000
17.08500000
16.66750000
17.50000000
16.66750000
18.33500000
17.08250000
17.50000000
17.08250000
17.02750000
16.66750000
18.33000000
16.26750000
17.03750000
17.50000000
16.38250000
15.83500000
17.08500000
17.45750000
17.50000000
17.05000000
18.33500000
15.80750000
17.48750000
16.35000000
16.66500000
16.66500000
17.02000000
16.66750000
17.89000000
16.26750000
17.50000000
16.25250000
16.66000000
16.19000000
17.51500000
16.99250000
17.18750000
16.66500000
17.50000000
16.25000000
16.61000000
17.08500000
17.50000000
16.66750000
17.87750000
15.77750000
17.50000000
17.91750000
17.50750000
17.50000000
17.03000000
16.68750000
17.50250000
16.25000000
17.48000000
16.25000000
17.08250000
17.52250000
17.50000000
17.09250000
16.66750000
17.08250000
17.55500000
17.08250000
17.91500000
16.27500000
17.91750000
16.75750000
17.02750000
16.66500000
19.16000000
16.67500000
17.50000000
17.17500000
17.08500000
15.82750000
18.33500000
16.66750000
16.66750000
17.17250000
17.08250000
16.66750000
17.50000000
17.02750000
17.08250000
16.66750000
17.49250000
15.79250000
17.50000000
16.25000000
17.50000000
16.25000000
17.08250000
16.26750000
17.91750000
16.25000000
17.08250000
17.49750000
17.08500000
16.66750000
17.43750000
16.66750000
17.91750000
16.25000000
16.66750000
16.66500000
17.91500000
16.66750000
18.33250000
16.66500000
17.02750000
16.66750000
17.18750000
16.66500000
17.44500000
17.08250000
17.91750000
16.66500000
17.91500000
16.66750000
17.50000000
18.33250000
17.03750000
16.66750000
17.49750000
16.66750000
17.50000000
16.25250000
16.66500000
15.83500000
18.33500000
16.66750000
17.08250000
16.64000000
18.33500000
16.66750000
17.50000000
16.66750000
17.08500000
16.23750000
17.04250000
16.66750000
17.50000000
17.08250000
17.91750000
16.25000000
17.08250000
17.08250000
17.50000000
17.08250000
17.08250000
16.25250000
17.08250000
16.25250000
17.50000000
16.66500000
17.07750000
17.08250000
18.33500000
16.66750000
18.03000000
17.08250000
16.66500000
17.08250000
17.50000000
15.83500000
18.33250000
16.66750000
17.08500000
17.08500000
17.08500000
16.66500000
17.87000000
16.66750000
16.66750000
17.08250000
16.66000000
16.59750000
17.91000000
16.66500000
18.00750000
17.08250000
16.66250000
16.66750000
18.33250000
16.25000000
17.08250000
16.25000000
17.91750000
16.26750000
18.33250000
17.06500000
17.08250000
17.91500000
17.50000000
17.18250000
17.50000000
17.08250000
16.57000000
16.68250000
18.74750000
16.25000000
17.91750000
16.66500000
17.23500000
17.91500000
17.91750000
16.66750000
17.50000000
17.08250000
16.66500000
16.66750000
17.04250000
17.08000000
17.49750000
17.08250000
18.34000000
17.08250000
17.08250000
16.34250000
17.50250000
16.65250000
17.49500000
17.08250000
16.62750000
16.66750000
18.27500000
16.66500000
18.75000000
17.49750000
18.33250000
17.08250000
18.33500000
16.68250000
17.50000000
17.43750000
17.50000000
16.25000000
18.33250000
16.66750000
17.08250000
16.66750000
16.66750000
17.17500000
17.08250000
17.08250000
17.92250000
17.56000000
17.92500000
17.50000000
17.50250000
16.66750000
18.01500000
17.08500000
18.21750000
16.66750000
17.91500000
17.08250000
17.08500000
17.08250000
16.66750000
16.26000000
18.06000000
16.25000000
18.33250000
17.08250000
17.50000000
16.66750000
17.91500000
16.25250000
17.50000000
16.25000000
17.08250000
17.08250000
17.50250000
17.08250000
18.33500000
18.28750000
17.50000000
16.66750000
17.48750000
16.66750000
17.08250000
17.49750000
16.66500000
16.25000000
18.29500000
16.66500000
17.08250000
17.08250000
17.50000000
17.50750000
17.91500000
16.66500000
17.91750000
16.66750000
17.50000000
17.04750000
17.49750000
17.08250000
17.53500000
17.91750000
17.50000000
17.51500000
17.50000000
16.25250000
17.91750000
17.08250000
17.08250000
17.49750000
17.07750000
16.66750000
17.39750000
16.66500000
17.50000000
16.25250000
17.96000000
16.25000000
17.91750000
16.66500000
17.08250000
17.08250000
17.50000000
16.25000000
17.08250000
17.08250000
17.50250000
16.66500000
17.91500000
16.67500000
17.50000000
16.66500000
17.50000000
16.66750000
17.50250000
17.09000000
17.48500000
17.08250000
17.91500000
16.25250000
17.50000000
17.06250000
17.08500000
17.09750000
16.66500000
16.25250000
17.91500000
16.25000000
17.50000000
17.48250000
17.03500000
15.83500000
17.48750000
17.08250000
16.66750000
17.60000000
16.71000000
17.08250000
20.00000000
17.08500000
17.91500000
16.66750000
17.86250000
16.66750000
17.50000000
17.08000000
16.66500000
17.08500000
17.50000000
16.19000000
17.46250000
16.66750000
17.08500000
16.66750000
17.50000000
16.26000000
17.91750000
16.25000000
17.32000000
17.09750000
17.50250000
16.68250000
17.91750000
16.65500000
17.03750000
17.91500000
17.50000000
16.68250000
17.50250000
17.08250000
17.91500000
17.62000000
17.08500000
16.66750000
17.91750000
16.25250000
18.33250000
16.66750000
17.08250000
16.66750000
17.50250000
16.66750000
17.91750000
16.75750000
17.50000000
16.34000000
18.33000000
16.19000000
17.80250000
17.08000000
17.18250000
16.25000000
18.33250000
16.25250000
17.08500000
16.66500000
16.62500000
17.08250000
17.50000000
15.83500000
17.50000000
16.25250000
17.55750000
17.08250000
17.85250000
15.83250000
17.14500000
17.08250000
16.66500000
17.08250000
17.91750000
16.25250000
17.50000000
17.08250000
17.50000000
17.08500000
17.91000000
16.25000000
17.50000000
16.66500000
17.08250000
16.66500000
17.91500000
16.25000000
16.66500000
16.66750000
17.91500000
17.08250000
17.44500000
16.23250000
17.59250000
16.25000000
17.08250000
17.08250000
17.19750000
16.66500000
16.66750000
17.08000000
16.25000000
17.50000000
17.50000000
16.25250000
17.08500000
16.61000000
17.08250000
16.66500000
17.50000000
17.50000000
17.91500000
17.08250000
17.91750000
16.24750000
17.08500000
16.25000000
17.50000000
17.18750000
17.08250000
17.50000000
17.19000000
17.52250000
18.33250000
16.66750000
16.25000000
16.25000000
18.03500000
16.66750000
17.45250000
16.25250000
17.08250000
16.25250000
17.07250000
17.02750000
16.66750000
16.64000000
17.50000000
17.09750000
17.85500000
16.25000000
16.66500000
16.66750000
17.08250000
16.23000000
19.25750000
16.25250000
17.91750000
17.08500000
17.14500000
17.08500000
17.91750000
16.34000000
17.50000000
17.08250000
17.08250000
17.08250000
17.50000000
16.68250000
17.50000000
16.66500000
17.50000000
16.23250000
18.33500000
16.66500000
17.09000000
17.43750000
17.08250000
16.75750000
17.43750000
15.84500000
17.92500000
16.25000000
17.50000000
17.04500000
18.33250000
17.08250000
17.50000000
16.61250000
17.08500000
15.83500000
17.50250000
17.08250000
17.91500000
17.08500000
18.33000000
16.25000000
25.11000000
26.66500000
27.40500000
28.47500000
27.91750000
27.08500000
29.73000000
27.50000000
28.75000000
28.75000000
29.16500000
26.66500000
27.49750000
28.33250000
27.08250000
27.63500000
27.65250000
27.49750000
27.50000000
27.91750000
27.92000000
29.22500000
28.75000000
29.16750000
28.33250000
28.33250000
27.91750000
27.08250000
27.04500000
27.50000000
27.49750000
27.04750000
27.91750000
26.66750000
29.58750000
27.50000000
28.75000000
28.87500000
27.08250000
27.91500000
28.32000000
26.25000000
28.33500000
26.64000000
27.08500000
26.22500000
28.74750000
27.88000000
28.75250000
28.75000000
28.75000000
28.33250000
28.33250000
26.39000000
29.12250000
27.50000000
25.97250000
27.08500000
27.24000000
27.08500000
27.50000000
27.50000000
26.64250000
26.24750000
27.08250000
26.25000000
28.75000000
27.39750000
27.91750000
28.33250000
27.91750000
28.05000000
28.33000000
26.66750000
27.91250000
26.66500000
27.91750000
27.09250000
29.58500000
27.22500000
28.33500000
26.66750000
29.58250000
27.64250000
29.58500000
26.66500000
28.33000000
28.23250000
27.08250000
27.08250000
27.86750000
26.25250000
27.50000000
28.33250000
27.44250000
26.64750000
27.91750000
26.24750000
28.33250000
27.49750000
27.50000000
28.33500000
28.75250000
27.08250000
26.66750000
28.75000000
30.00250000
28.33500000
29.22000000
27.49750000
29.16500000
27.06500000
28.75000000
28.33250000
28.32750000
27.60500000
27.91750000
28.75000000
28.64750000
26.66750000
27.50250000
28.33250000
28.84750000
26.77250000
29.58250000
26.66750000
27.89250000
27.08250000
29.16500000
27.91500000
27.91500000
28.33250000
28.33250000
27.91500000
27.08250000
28.33250000
28.33250000
27.08250000
28.33500000
27.50000000
28.74750000
28.86250000
29.27000000
27.08250000
28.74750000
28.75000000
28.33250000
27.91750000
28.75000000
27.08500000
28.75000000
27.91500000
27.96000000
28.33500000
27.91500000
27.91500000
30.00000000
25.83500000
27.49750000
28.72750000
27.08250000
27.08250000
29.16500000
26.66500000
28.75000000
26.79750000
28.33500000
27.08500000
27.47000000
28.33250000
28.33500000
27.50250000
28.33500000
26.25250000
29.16750000
27.08250000
27.91750000
29.16750000
28.75250000
27.50250000
27.91500000
26.56500000
28.75250000
27.43500000
28.33250000
28.33250000
27.50250000
28.74750000
28.75000000
27.91500000
29.99750000
27.08250000
27.91500000
27.91500000
27.91750000
27.50000000
27.49750000
27.49750000
27.08500000
27.91500000
27.65500000
28.33250000
29.58250000
27.91500000
28.91000000
26.66750000
28.75000000
27.88000000
27.50000000
27.50000000
28.75000000
26.67750000
27.45500000
28.75000000
28.33500000
27.49750000
29.57250000
25.83250000
27.07250000
27.49750000
28.65000000
27.91750000
27.88000000
28.23000000
27.91750000
27.64250000
29.58500000
27.65750000
30.10250000
27.64750000
27.50000000
28.76000000
28.49500000
26.22500000
29.16750000
27.90000000
28.29750000
29.48250000
28.38000000
29.16500000
28.32250000
26.66750000
28.76000000
26.66750000
27.90500000
26.25000000
28.75000000
26.56250000
28.75000000
27.91500000
27.64250000
27.50000000
28.33500000
26.98000000
28.22500000
27.08250000
27.91750000
27.49750000
28.33250000
27.50000000
31.52250000
28.43750000
29.16750000
27.91500000
29.32250000
28.33500000
27.08250000
28.33250000
27.91750000
26.25000000
27.50000000
27.38000000
29.16750000
27.91500000
29.89000000
27.08250000
27.50000000
27.64000000
27.91500000
27.50000000
28.75250000
27.45750000
27.49750000
28.05750000
29.58500000
29.16750000
27.92000000
27.91750000
27.50250000
27.08250000
27.91750000
27.21500000
27.91750000
27.91750000
28.68500000
27.06750000
28.33500000
27.91500000
28.75000000
27.50000000
29.58250000
27.08500000
28.48500000
27.81250000
27.91250000
28.75000000
28.33250000
26.66500000
28.75250000
29.16750000
28.69000000
28.33250000
28.49000000
27.50000000
27.82250000
28.31500000
27.91750000
27.08500000
29.32250000
27.50000000
28.75250000
27.39750000
29.16750000
27.91500000
28.48750000
29.16750000
28.33250000
27.08250000
27.49000000
28.05750000
27.92000000
27.06750000
30.76250000
28.76750000
28.74000000
28.36500000
28.75000000
29.17750000
27.82000000
30.12000000
30.06750000
28.33250000
30.00000000
26.65750000
30.00000000
27.50000000
28.75000000
27.91500000
28.75000000
27.91500000
29.16750000
27.90750000
28.75000000
27.49750000
28.75000000
28.75000000
27.50000000
27.49750000
28.75250000
26.66750000
29.12250000
27.49750000
27.50000000
28.75000000
28.33500000
27.49750000
29.16750000
26.98000000
28.75250000
28.75000000
28.49000000
27.08500000
29.46750000
27.08250000
28.44500000
28.36500000
27.91750000
27.89500000
29.62250000
27.90000000
28.33500000
27.09250000
27.23250000
27.91500000
27.50000000
28.33250000
27.50000000
27.92500000
27.91750000
27.06750000
32.50000000
27.50000000
27.91750000
28.75000000
28.38000000
27.91500000
28.48750000
27.36500000
28.33500000
29.16750000
28.17500000
27.91750000
28.83250000
27.37500000
27.91750000
28.64500000
27.50250000
27.50000000
29.16500000
27.91750000
28.33500000
27.49750000
27.91750000
27.91750000
27.91500000
28.36500000
26.63000000
28.75000000
27.91750000
27.49750000
27.96250000
28.47500000
28.33500000
27.91500000
28.74750000
27.50000000
28.74750000
27.53000000
28.33250000
28.33250000
29.16750000
27.05750000
29.16750000
28.00500000
27.45000000
28.23750000
27.50250000
27.50250000
29.16250000
27.91500000
27.50250000
27.22250000
28.75250000
27.08000000
27.50000000
27.50000000
28.75000000
27.50750000
28.75000000
27.50750000
28.75000000
27.08250000
27.64500000
28.33250000
27.91750000
28.05000000
27.91500000
26.66750000
28.75250000
27.50000000
27.50000000
27.91750000
27.91500000
28.47500000
29.15500000
27.08250000
28.33500000
28.33500000
27.50000000
27.91500000
27.91750000
27.91500000
27.50000000
27.50000000
29.16750000
26.66500000
29.16750000
28.29500000
27.91750000
27.50000000
30.41750000
27.50000000
28.75250000
29.16750000
28.75000000
28.20000000
28.71500000
28.75000000
27.91250000
28.75250000
29.16250000
27.50000000
29.16750000
27.91500000
29.33000000
27.64250000
28.33750000
27.50250000
29.16500000
28.19250000
29.58000000
28.33250000
27.91750000
27.08000000
28.74750000
28.33250000
27.59000000
28.33250000
27.44500000
27.50000000
28.33250000
28.75000000
29.16750000
29.16750000
27.91750000
27.08250000
29.21500000
26.80000000
28.42750000
28.33250000
28.32250000
27.50250000
29.16500000
27.48250000
29.99750000
27.50000000
27.91500000
28.33250000
27.81500000
27.50000000
27.50000000
28.33250000
27.50000000
27.08500000
29.16500000
27.91500000
29.89000000
27.49750000
28.33500000
27.48250000
27.47000000
27.94000000
28.33500000
27.50000000
27.81500000
28.89750000
29.16500000
26.66750000
29.58250000
27.49750000
27.91750000
27.91500000
29.42000000
28.36000000
28.33500000
28.75000000
27.64250000
27.50250000
28.75000000
27.08250000
29.58250000
28.75500000
28.75250000
29.16500000
29.74500000
27.49750000
29.16750000
27.49750000
27.91750000
28.33250000
28.49000000
27.91750000
26.66750000
27.49750000
28.33250000
28.32250000
28.75250000
27.08250000
27.08250000
28.33250000
27.50000000
28.33250000
29.04500000
26.56500000
29.83250000
28.33250000
28.33250000
27.50000000
27.91750000
27.92500000
27.50000000
28.72500000
28.74750000
26.67000000
29.58250000
27.08250000
27.91750000
29.58250000
27.91500000
26.63500000
29.58250000
30.00250000
27.91500000
28.33250000
27.91500000
27.50000000
28.74750000
26.77250000
27.64750000
28.33250000
27.50000000
28.75000000
29.32250000
29.58500000
28.33500000
28.06000000
28.33250000
27.08500000
29.15500000
27.48250000
27.91750000
28.33250000
27.80750000
28.33250000
28.76750000
27.91500000
28.85750000
27.50000000
27.91750000
28.75000000
28.75000000
28.33500000
28.75000000
27.49750000
28.33500000
27.48500000
30.05250000
27.49750000
29.16750000
27.88500000
27.91750000
28.33250000
28.33250000
27.47750000
29.16500000
27.49750000
29.16750000
27.64500000
27.50000000
27.50000000
29.07000000
28.33250000
29.17000000
27.50000000
28.33250000
27.08000000
27.64250000
27.49750000
28.33250000
27.49000000
28.07000000
27.91750000
27.91750000
27.51750000
29.16500000
27.09250000
29.05750000
28.33250000
27.50000000
28.75000000
27.50000000
27.19750000
28.75000000
27.50000000
27.91500000
28.74750000
27.91750000
28.29500000
28.75000000
26.80000000
28.33250000
28.47500000
27.08250000
27.91500000
29.06500000
27.21750000
28.28750000
28.64000000
27.91750000
28.33250000
27.91500000
26.66750000
27.04250000
27.48750000
27.08750000
27.08250000
29.99000000
26.66750000
28.27500000
28.33500000
27.08500000
27.18750000
29.58250000
28.35750000
28.72250000
29.58500000
27.91750000
27.48500000
29.58500000
27.80750000
27.08250000
28.75250000
27.50000000
27.50000000
28.33500000
26.25000000
27.49500000
27.64000000
29.16750000
28.19000000
28.75250000
27.91500000
28.75000000
27.50000000
28.64750000
27.50000000
29.16750000
27.47000000
28.34500000
29.16500000
27.08250000
27.91250000
28.33250000
27.08250000
29.57500000
28.05750000
27.91750000
25.83250000
28.72000000
28.33250000
27.91750000
28.75000000
27.50000000
27.49750000
29.16250000
27.08250000
28.89750000
27.50000000
27.50000000
28.33500000
29.58250000
27.10000000
29.61500000
28.33250000
27.90750000
27.91500000
28.75000000
27.91500000
30.00000000
27.08500000
28.33250000
27.39000000
28.33250000
27.08250000
29.59250000
27.50000000
28.74750000
27.47000000
28.33500000
27.49750000
27.91750000
28.33500000
28.75000000
27.08500000
29.16750000
27.08250000
28.75000000
28.33500000
27.50000000
27.50250000
28.75000000
27.94000000
28.75000000
29.16750000
27.50000000
27.50000000
29.58250000
27.49750000
28.75250000
27.49750000
27.49750000
27.49750000
28.33250000
28.75000000
28.01000000
27.50000000
26.65750000
28.04750000
29.07000000
27.06750000
28.71000000
28.60000000
29.16750000
28.75000000
28.49000000
27.91750000
27.45500000
27.50250000
28.74750000
26.64250000
28.36500000
27.91750000
28.33500000
29.16750000
27.49750000
27.05500000
29.16500000
27.08000000
27.49750000
27.50000000
28.33250000
27.08250000
28.75000000
27.50000000
27.08250000
27.50000000
29.16250000
27.06500000
30.12000000
28.35750000
28.34500000
28.33250000
28.75000000
26.25000000
29.16750000
27.50000000
27.92750000
28.33250000
28.33500000
27.91750000
28.33000000
26.67000000
27.91750000
27.41750000
28.33250000
26.66500000
29.74000000
27.08250000
27.88750000
27.21750000
28.74750000
27.91750000
29.99750000
28.79000000
28.33250000
28.75000000
27.50250000
27.91500000
28.74750000
26.66750000
29.17000000
31.71250000
28.33500000
28.75000000
27.50000000
27.08500000
28.75000000
27.50000000
28.33250000
28.75000000
28.48750000
27.90750000
28.75000000
27.50000000
28.33250000
27.48250000
28.74750000
28.33250000
27.50000000
27.08250000
26.66750000
27.81250000
29.12750000
29.16500000
28.33250000
29.63500000
29.16500000
27.08250000
28.70500000
27.91750000
27.50000000
27.90000000
28.75000000
26.66750000
28.75000000
25.41750000
27.50000000
28.33250000
27.91750000
28.47250000
28.33250000
27.48000000
29.17000000
29.16750000
27.50000000
26.66750000
27.91750000
27.08250000
28.75000000
29.16750000
29.16500000
27.91750000
27.91500000
27.49750000
28.75250000
27.49750000
30.41750000
26.67500000
29.99750000
27.50000000
27.91750000
29.34750000
28.29000000
29.16750000
28.33500000
28.05750000
28.23500000
26.66750000
28.74500000
28.46750000
28.33250000
26.63500000
28.90500000
27.50750000
27.08500000
28.33250000
27.91500000
27.08250000
28.74750000
27.08250000
27.50000000
28.33500000
27.91500000
27.59750000
29.16500000
26.98750000
27.50000000
28.34500000
28.74750000
27.89500000
28.33750000
27.50000000
27.64750000
27.50000000
28.33250000
27.08500000
29.16750000
27.09250000
27.50000000
27.10000000
28.75000000
27.05750000
27.14250000
28.33250000
27.50000000
26.66750000
30.83250000
27.07250000
29.16750000
28.31750000
27.08250000
27.91750000
28.33000000
25.83500000
28.75250000
26.25000000
27.44000000
27.50000000
28.75000000
27.08500000
28.33500000
28.23250000
27.64750000
26.24750000
28.75000000
27.08500000
27.81500000
28.33500000
27.49000000
28.33250000
27.91750000
28.33250000
27.91750000
28.33250000
27.50000000
26.25250000
29.58250000
27.08250000
29.27250000
28.75000000
27.50000000
27.45750000
28.49250000
27.91750000
28.74750000
30.00000000
28.33500000
28.75000000
21.24500000
18.33250000
17.50000000
17.50000000
17.91750000
16.25000000
18.43750000
16.66750000
16.66000000
16.25000000
17.50000000
17.50000000
17.50000000
15.83500000
17.08250000
16.77250000
16.66500000
16.65250000
17.50000000
16.25000000
17.50000000
16.66750000
18.33500000
16.66500000
17.50000000
17.08250000
17.08250000
16.66750000
17.08250000
16.66750000
18.33250000
16.25250000
17.95250000
17.49750000
17.08250000
17.08250000
17.91500000
16.25250000
17.55000000
17.08250000
17.08250000
15.84000000
17.90250000
17.08250000
17.97500000
17.08250000
17.08250000
17.08250000
17.08500000
16.25000000
17.91750000
16.57750000
17.03500000
17.09000000
17.08500000
16.66750000
17.92000000
17.02750000
17.80750000
16.66750000
17.50250000
16.66500000
17.08250000
16.66750000
17.91750000
15.83500000
17.90250000
17.06500000
17.08500000
16.66750000
17.08250000
16.68750000
17.97250000
17.08250000
18.39000000
16.57750000
17.08250000
16.68750000
17.39250000
17.08500000
16.66750000
16.66750000
17.50000000
17.50000000
18.33000000
17.08500000
18.32250000
17.08250000
17.13500000
16.68000000
17.50000000
16.66750000
17.50000000
17.08250000
17.91750000
16.66500000
17.50000000
17.08250000
17.97250000
17.08250000
17.91750000
16.25250000
17.91500000
16.66500000
17.18250000
16.25000000
18.33500000
16.99250000
18.33500000
15.83500000
17.50000000
16.66500000
17.50000000
16.66500000
17.50000000
17.08250000
17.91500000
17.08250000
17.91750000
16.26000000
17.08250000
17.08250000
17.08250000
17.49750000
17.08250000
16.25000000
18.33250000
16.25250000
17.95250000
17.08250000
17.98000000
17.08500000
17.91500000
16.25250000
17.91750000
16.66500000
17.08250000
16.25000000
18.33250000
17.08250000
17.91750000
17.50000000
17.91750000
15.83500000
17.08500000
16.66750000
17.08250000
16.66500000
17.50000000
16.26750000
17.91000000
19.58250000
17.14000000
17.91500000
17.91500000
15.83500000
17.08500000
17.08250000
17.08250000
16.25000000
17.91250000
16.25250000
17.91750000
17.50000000
17.08250000
18.74750000
17.50000000
16.25250000
17.91750000
16.23000000
17.08250000
17.08250000
16.66500000
17.08500000
17.08500000
16.68250000
18.33250000
16.66500000
17.91500000
17.08250000
17.96000000
16.66750000
16.66500000
16.60500000
17.02750000
17.08000000
17.08250000
15.83500000
17.50000000
17.08250000
16.66500000
17.08250000
17.50000000
17.08250000
17.50000000
17.02750000
17.91750000
16.25250000
17.91500000
16.66750000
17.08250000
17.18250000
16.66500000
16.25000000
17.50000000
15.83250000
17.08250000
16.25000000
17.91750000
16.25250000
18.01000000
17.10500000
16.25000000
17.08500000
16.66500000
16.69000000
17.08250000
16.75500000
17.08250000
16.66750000
17.50000000
16.69750000
17.91750000
16.66750000
16.66500000
16.66750000
17.50000000
16.66750000
18.34000000
16.25000000
17.08250000
17.49750000
16.66750000
16.66750000
17.91500000
16.66750000
17.50000000
16.66750000
17.50000000
16.25250000
17.94500000
16.18250000
16.66750000
17.06500000
17.50000000
16.25250000
20.83500000
16.66750000
17.08500000
16.66750000
17.50250000
16.68250000
17.98000000
16.66500000
16.66750000
17.08250000
17.08250000
16.69750000
17.91750000
16.66750000
17.08250000
16.66500000
17.18750000
16.25250000
17.08250000
16.25000000
17.50000000
16.26500000
17.50000000
16.25250000
17.91750000
16.25250000
17.91750000
16.34000000
17.50000000
16.66750000
17.50000000
16.64000000
17.07750000
16.63750000
17.91750000
16.25000000
17.50250000
16.66750000
18.33250000
17.08250000
17.49750000
17.50000000
17.92500000
16.70500000
17.50750000
17.08250000
17.88250000
16.25000000
17.91750000
17.08250000
17.08250000
17.08250000
17.01500000
16.66750000
17.44500000
16.25000000
17.91750000
18.33250000
17.50000000
16.25250000
18.33500000
16.66750000
17.91750000
16.26000000
17.49750000
16.66750000
17.08500000
16.66750000
17.08250000
16.65500000
17.58750000
16.26000000
17.91750000
16.60500000
17.50250000
17.91500000
17.50000000
17.07750000
17.91500000
16.25250000
17.91500000
16.68250000
17.61250000
16.25250000
17.91750000
16.28000000
18.33500000
16.25000000
17.08250000
16.23000000
17.03750000
16.67000000
17.46250000
16.25000000
17.61250000
16.66500000
17.08500000
16.99250000
18.33250000
17.07500000
17.91750000
16.68000000
17.91750000
16.64750000
17.08250000
17.08250000
17.08250000
15.83500000
17.99250000
16.66750000
17.08250000
16.25000000
17.50000000
15.83250000
17.91750000
16.66750000
17.08250000
16.25000000
17.50000000
16.25250000
17.50000000
16.66500000
17.08250000
17.08250000
17.80750000
16.66750000
18.33250000
16.76500000
16.66500000
17.08250000
17.08250000
17.08500000
18.33250000
16.25000000
17.50000000
17.50000000
17.50000000
17.49750000
17.50000000
16.66750000
17.66750000
16.66750000
17.50000000
17.08250000
17.50000000
17.07000000
17.03750000
16.66750000
17.61500000
16.66500000
17.91750000
17.49750000
17.08500000
17.08250000
17.44500000
16.25250000
17.03750000
15.92250000
18.22000000
16.57500000
17.08250000
16.66750000
17.87000000
16.25000000
17.49250000
17.08250000
16.66750000
16.25000000
17.08500000
17.18250000
17.13500000
17.50000000
18.34000000
16.25250000
17.91750000
16.25250000
16.66500000
17.08000000
17.08250000
15.83250000
17.91750000
16.64750000
17.91750000
17.08000000
17.91750000
16.66500000
17.60500000
15.83500000
17.09000000
17.08000000
17.08250000
16.25250000
18.00500000
