6.45600000
5.81600000
6.26800000
5.81600000
5.86200000
6.24600000
6.64800000
6.44800000
6.46000000
5.83400000
6.23200000
6.06400000
6.05200000
5.83400000
6.46400000
5.62200000
6.23800000
6.06000000
6.04000000
5.83800000
6.02400000
5.86000000
6.43200000
6.67200000
6.05200000
5.63000000
6.22600000
6.06000000
5.85000000
6.02200000
6.05800000
5.62200000
6.26800000
6.45400000
7.06600000
5.85600000
6.25400000
6.02400000
6.27800000
5.83400000
5.84400000
5.83400000
6.05400000
6.22600000
5.61600000
5.64000000
6.03000000
5.86400000
7.27000000
6.01800000
6.26200000
5.84200000
5.85000000
6.04600000
6.04400000
5.82800000
6.47600000
6.04600000
6.04000000
6.04200000
7.10400000
6.24600000
6.23800000
5.86600000
6.04400000
5.83400000
6.25000000
5.83400000
6.21400000
5.84200000
6.47400000
6.64200000
6.05800000
5.81400000
6.05800000
5.82400000
6.04000000
6.02200000
5.85000000
6.03600000
6.05600000
5.62200000
7.26600000
6.07400000
6.02400000
5.86200000
6.44000000
6.05200000
6.24600000
6.28600000
6.05200000
6.01400000
6.25800000
5.83800000
6.23800000
6.07200000
6.85000000
6.47600000
6.25800000
6.48000000
5.39800000
6.04400000
6.08200000
5.83400000
6.63000000
6.69800000
6.00400000
5.65400000
6.26600000
5.62000000
6.24800000
5.62000000
6.02800000
5.94600000
6.23200000
5.81000000
6.29800000
7.09000000
6.66600000
6.04600000
6.22600000
5.86200000
6.26400000
5.81600000
6.06200000
6.06800000
6.04400000
5.82800000
7.88400000
6.07800000
6.25200000
5.83400000
5.83200000
6.03000000
6.22400000
5.86200000
6.23200000
6.24800000
6.26600000
7.33400000
6.67400000
6.03600000
6.23800000
6.04800000
6.09000000
5.81600000
6.28600000
5.83400000
6.04000000
6.03600000
6.23600000
5.83400000
6.03000000
5.84800000
6.03800000
7.11400000
6.86000000
5.84200000
6.26200000
6.06000000
6.23600000
6.28200000
6.43800000
6.04000000
6.20000000
6.07000000
6.04400000
6.04600000
6.02400000
5.86200000
6.04400000
6.05000000
6.04400000
6.01800000
5.86800000
6.04000000
6.25800000
5.83800000
5.82800000
6.02200000
6.08800000
5.83400000
5.83800000
6.04600000
6.66800000
6.23400000
5.87000000
6.02800000
6.05800000
6.04200000
6.26000000
6.02400000
6.26600000
6.22400000
6.07400000
6.04000000
6.25200000
6.25000000
6.04000000
6.04000000
6.25000000
6.04000000
6.25800000
6.04200000
6.04400000
5.81600000
6.28400000
5.60200000
6.26600000
6.86000000
5.80400000
6.43600000
6.65000000
5.22800000
5.84600000
6.04200000
6.04800000
5.63000000
6.44600000
5.86000000
6.25200000
6.23000000
6.07800000
6.25200000
6.23200000
6.44000000
6.05800000
6.24800000
6.04800000
6.04600000
6.22800000
6.06800000
6.05800000
6.04200000
6.23800000
5.64800000
6.85000000
5.81000000
6.05800000
6.06000000
6.04800000
5.82800000
5.84200000
6.22200000
6.05400000
6.46000000
6.22800000
6.04600000
7.10600000
6.06800000
6.64400000
6.45400000
6.47800000
6.25000000
6.64400000
6.25200000
6.48200000
6.26200000
6.41600000
6.06400000
6.44000000
6.25200000
6.44400000
6.45800000
7.06200000
6.22400000
6.66600000
6.28200000
6.41600000
6.47800000
6.64400000
6.25000000
6.45000000
6.26400000
7.27000000
6.04000000
6.46000000
6.45400000
6.45200000
6.22200000
6.26000000
6.49000000
6.47200000
6.46200000
6.88800000
6.23000000
6.91200000
5.83200000
6.04200000
6.43200000
6.47800000
6.27200000
6.23200000
6.68800000
6.44600000
6.46800000
6.48000000
6.04200000
7.05600000
6.47000000
6.28600000
6.03400000
6.47200000
6.04200000
6.24800000
6.25400000
6.42600000
5.83400000
6.47200000
5.81600000
6.27000000
6.25600000
6.85000000
6.28200000
6.24800000
6.03600000
6.01600000
6.07000000
6.25000000
6.04200000
6.44200000
6.70600000
6.01000000
6.07400000
6.25200000
5.83400000
6.22800000
5.64800000
6.25200000
6.04200000
7.50000000
5.82200000
6.44000000
6.04200000
6.21800000
6.24400000
6.24800000
6.04200000
6.25600000
6.86000000
6.42200000
6.05200000
6.27400000
5.83000000
6.46000000
6.22600000
6.92600000
5.61800000
6.26600000
5.81000000
6.07800000
5.83400000
5.81400000
6.04400000
5.84400000
5.83200000
6.25200000
7.08000000
5.83200000
5.81400000
5.84600000
5.83400000
6.64200000
5.86000000
6.03000000
6.27600000
6.02800000
6.04600000
6.27600000
6.90400000
6.64800000
5.65400000
6.44000000
5.86600000
6.24600000
5.83800000
5.99800000
5.86200000
6.67200000
7.63667000
6.03400000
5.64800000
6.01200000
5.83200000
6.02400000
5.86200000
6.04400000
6.04200000
6.26600000
6.02200000
6.08600000
6.03400000
6.24800000
7.50200000
6.25200000
6.02600000
6.07000000
5.83400000
6.05000000
6.04200000
6.02400000
5.75600000
7.43000000
6.68600000
6.22800000
6.28000000
6.04400000
6.24600000
6.24800000
6.04200000
6.47200000
6.04000000
6.02800000
6.25200000
6.22400000
5.83800000
6.63000000
6.04200000
6.22800000
6.05000000
6.50600000
7.26800000
6.07200000
5.83400000
6.05200000
6.04600000
6.02800000
5.85200000
6.01600000
6.87400000
6.86400000
6.04800000
5.83800000
5.86600000
6.04400000
5.62400000
6.04400000
6.04200000
6.25200000
7.05800000
6.91800000
6.03200000
5.81600000
6.06600000
5.84400000
5.81600000
6.68200000
5.19000000
5.86000000
6.04600000
6.05200000
5.63200000
6.01800000
5.63000000
6.06600000
6.25000000
6.02400000
6.04200000
6.22800000
5.65800000
6.24000000
5.85600000
6.22800000
5.62600000
6.01600000
5.83400000
6.25200000
5.61200000
5.87800000
5.83400000
6.05200000
5.83000000
5.84400000
6.04200000
6.04400000
5.82800000
6.04400000
5.62600000
6.04600000
5.83200000
6.04000000
5.81600000
6.05800000
5.83400000
6.02400000
6.04200000
6.25600000
5.62600000
6.25200000
6.23200000
7.09000000
5.39800000
5.86400000
5.80400000
6.28600000
5.83400000
6.03000000
7.12200000
6.43600000
6.04600000
6.00400000
5.83800000
6.27800000
5.83400000
6.87600000
5.19600000
6.26800000
5.81000000
6.26800000
6.03600000
6.28600000
5.83400000
6.82000000
6.05200000
6.26600000
6.04200000
6.24800000
6.23000000
6.48800000
5.60800000
6.26600000
6.45600000
6.05000000
5.86200000
6.26400000
5.81600000
7.10400000
5.44000000
5.80800000
6.03400000
6.67200000
5.82200000
6.41200000
6.48600000
6.43600000
6.87800000
6.25600000
6.43800000
6.07800000
6.25600000
6.66200000
6.04200000
6.66800000
6.23000000
6.24800000
6.27800000
6.44600000
6.26200000
6.72200000
6.85800000
6.29400000
6.23000000
6.27400000
6.25800000
6.68800000
6.25800000
6.70600000
6.45800000
6.46400000
6.87400000
6.87200000
6.04200000
6.66800000
6.25000000
6.25200000
6.04200000
6.22800000
6.06400000
6.23600000
6.47000000
6.43600000
6.06400000
6.43600000
6.07200000
7.29000000
6.04200000
6.67200000
6.02400000
6.50200000
6.46000000
6.24800000
6.43600000
6.49800000
6.23200000
7.51200000
6.26200000
6.28600000
6.23000000
6.26600000
6.06000000
6.47600000
6.25000000
6.64400000
6.46400000
6.70600000
6.87400000
6.03000000
6.23400000
6.67200000
7.07800000
6.46800000
6.25000000
6.44400000
6.25000000
6.46000000
6.66600000
6.21200000
6.27800000
6.42200000
5.86200000
6.04000000
6.22200000
7.13400000
5.82800000
6.04400000
6.02200000
5.86800000
6.03800000
6.25200000
5.83400000
7.65600000
5.22800000
6.23200000
6.07400000
6.43600000
6.03600000
6.22800000
6.06800000
6.04000000
6.22400000
6.25400000
6.48200000
5.60200000
7.11400000
6.24400000
6.02200000
6.08600000
5.81000000
6.25800000
5.83400000
6.04400000
6.04200000
6.04800000
5.83400000
6.22800000
6.86000000
5.81600000
6.45800000
7.12600000
5.62600000
6.00600000
5.86200000
6.05000000
5.83400000
6.05600000
6.02000000
6.06200000
6.06400000
6.04200000
6.68000000
7.08000000
5.81400000
6.07800000
6.00600000
5.86400000
5.83400000
6.45800000
5.82000000
6.91000000
6.44000000
6.08600000
6.03800000
6.05400000
6.04200000
6.03000000
6.06400000
6.04400000
6.04200000
6.25200000
6.04200000
6.24800000
6.02400000
6.27200000
7.51000000
6.27800000
6.06400000
6.25200000
5.81600000
6.25600000
6.16600000
6.35400000
7.31800000
6.43000000
6.04200000
6.25600000
6.04200000
6.25200000
5.83800000
6.23800000
5.86200000
6.04400000
6.25000000
6.04800000
5.83800000
6.43800000
5.83200000
6.03000000
6.05400000
7.52800000
5.84200000
6.05600000
5.84200000
6.01600000
5.86600000
6.05200000
6.01000000
6.05200000
5.63000000
7.70000000
6.24400000
6.24600000
5.63800000
6.29800000
6.03200000
6.25200000
6.02200000
6.48200000
6.06000000
6.25200000
7.07800000
6.65400000
6.06800000
6.04400000
5.83400000
6.25000000
6.45200000
5.62600000
6.01800000
6.08200000
6.02400000
6.09600000
5.83800000
6.26400000
5.81400000
6.08600000
5.84200000
6.02800000
5.81600000
5.88400000
6.24600000
6.20400000
5.86000000
6.01600000
6.02800000
6.71200000
5.83800000
6.47800000
5.81400000
6.29800000
6.04200000
6.24800000
6.03400000
6.22800000
6.05000000
6.49400000
5.81600000
6.07800000
6.04000000
6.22800000
5.85600000
6.04000000
6.03400000
6.04600000
5.83400000
6.24800000
6.04600000
6.03600000
6.05000000
5.85000000
6.04400000
6.01600000
5.83400000
6.04400000
6.04000000
6.22800000
7.29000000
6.41200000
6.06400000
6.23000000
6.23400000
6.08800000
6.04800000
6.22800000
6.02200000
6.28200000
6.22800000
6.26200000
6.04200000
6.02200000
6.06400000
6.45200000
5.81400000
5.86800000
6.04200000
6.01200000
5.64000000
6.03000000
5.85200000
5.99800000
6.07400000
5.82400000
5.83600000
6.24600000
5.83200000
6.25200000
6.66400000
6.04000000
6.04600000
6.26200000
6.04200000
6.04400000
6.02600000
6.26000000
6.25000000
6.68400000
5.84200000
5.83400000
6.24200000
6.02400000
5.64800000
6.46400000
5.81600000
6.05400000
5.86200000
6.05000000
5.81200000
6.46800000
6.26200000
5.87000000
5.83400000
6.04400000
5.82800000
6.03600000
5.85600000
6.25200000
6.25200000
6.43000000
6.66800000
6.24800000
6.04200000
6.26000000
6.03000000
6.02800000
6.06400000
6.04000000
6.04200000
6.02000000
6.07000000
6.04400000
6.04200000
6.46800000
6.46000000
6.00400000
6.07400000
6.03000000
6.05000000
6.07000000
5.82200000
6.03000000
6.07000000
6.44600000
6.48200000
6.23600000
5.83400000
6.22800000
6.23400000
6.25800000
5.81600000
6.66000000
5.85600000
6.26000000
6.21400000
6.08200000
6.04600000
6.66800000
6.44800000
6.04800000
5.81600000
6.08600000
5.82600000
6.04000000
5.83000000
6.05600000
6.04800000
5.84600000
5.83400000
6.87600000
6.44200000
6.05400000
5.63000000
6.25200000
5.82400000
6.02400000
6.02200000
6.05400000
6.04600000
6.41200000
6.69200000
6.68000000
5.82800000
6.25200000
5.82000000
6.27800000
5.83400000
6.26400000
5.83600000
6.05800000
5.84000000
5.99200000
5.84800000
7.53200000
5.82800000
6.04400000
5.83200000
6.04400000
5.62600000
6.23400000
5.86200000
5.84200000
5.82800000
5.84200000
6.03400000
5.81000000
5.83800000
5.85000000
6.24200000
6.00000000
6.89200000
6.44600000
6.07400000
5.82000000
5.83800000
6.87800000
6.45200000
6.02400000
6.03600000
6.02400000
6.28600000
7.10400000
6.01600000
6.07800000
6.03400000
6.25000000
6.04200000
6.19800000
6.06800000
6.05600000
5.83000000
6.01800000
5.86200000
6.05200000
5.83000000
7.08400000
6.25000000
6.05200000
5.83400000
6.02400000
5.62600000
6.22000000
5.62000000
6.01200000
5.83800000
7.08400000
6.25000000
6.25600000
5.82800000
6.25200000
6.17600000
6.10000000
6.69000000
7.06000000
6.07000000
6.02400000
5.84400000
6.28800000
5.82800000
6.06200000
5.81600000
6.07600000
6.04000000
6.04400000
6.04000000
7.88000000
5.85400000
6.02600000
6.48600000
5.42200000
6.04000000
6.03000000
5.86200000
5.82400000
5.83400000
6.20600000
5.85200000
6.25200000
6.01600000
7.76000000
6.44000000
6.29800000
5.81400000
6.27800000
6.04000000
6.04000000
6.02800000
7.32800000
6.66800000
6.05200000
6.04200000
6.04200000
6.04400000
6.05600000
5.83400000
6.04800000
5.81200000
6.09000000
6.02600000
5.85000000
6.03400000
6.02400000
5.86200000
6.02000000
5.86200000
6.03800000
5.82800000
6.04400000
6.02400000
6.08000000
6.02200000
6.07800000
5.83200000
6.43600000
6.06400000
6.04000000
7.05200000
5.60600000
6.06400000
6.23600000
6.49600000
5.42600000
6.43800000
6.07400000
6.04000000
6.21800000
5.86200000
6.04000000
6.21800000
6.05800000
5.83800000
6.08200000
5.83200000
6.04400000
6.25400000
6.01200000
5.83000000
6.46400000
5.81600000
6.08000000
5.82800000
6.04400000
5.80200000
6.44600000
6.06800000
6.02400000
6.90800000
6.65200000
6.07800000
6.25200000
6.46200000
6.03800000
5.82800000
6.27600000
5.83400000
6.00800000
6.07400000
6.02200000
6.07000000
6.04400000
5.63000000
6.25200000
5.82000000
6.04400000
6.46000000
6.04400000
5.62200000
6.05600000
5.81600000
6.06200000
6.04600000
5.85000000
6.45800000
6.66800000
5.81000000
6.08000000
5.83400000
5.84400000
5.83400000
5.83400000
5.62600000
6.02400000
6.03200000
6.26600000
5.83600000
5.83600000
5.82800000
6.46800000
5.62000000
6.23800000
6.06000000
6.23200000
6.06400000
6.25200000
6.25000000
6.20800000
5.86200000
6.68200000
6.24400000
6.01200000
6.25000000
6.02400000
5.81000000
6.29800000
5.83600000
5.83600000
6.24600000
6.64200000
6.03800000
6.26600000
5.81600000
6.05400000
5.82400000
6.05800000
5.63000000
6.02000000
6.04400000
6.04200000
5.83400000
6.46000000
6.02600000
6.43200000
5.85600000
6.25200000
6.04200000
6.22800000
6.05000000
6.29800000
6.03600000
6.26400000
6.45800000
5.59000000
5.86000000
6.22800000
5.83400000
6.85600000
6.06400000
6.02400000
5.84800000
6.03800000
6.07000000
5.84200000
6.04200000
6.05200000
5.82800000
6.04400000
5.83400000
6.87600000
5.62000000
6.46400000
6.01600000
6.30200000
6.45800000
5.62600000
6.03600000
6.04400000
6.25000000
6.04200000
6.24400000
6.67600000
6.04600000
5.84000000
6.03600000
6.46000000
6.04000000
6.25200000
6.22200000
6.29000000
6.25400000
7.08400000
6.04200000
6.24800000
6.03800000
6.26000000
6.04600000
6.22800000
5.85600000
6.05200000
5.83400000
6.46000000
6.01600000
7.54000000
5.81600000
6.09000000
5.83400000
6.00000000
5.83800000
6.05800000
5.82200000
6.02200000
6.06400000
6.02200000
5.85600000
6.43600000
5.86200000
6.05200000
6.87600000
6.41400000
6.07000000
6.01600000
5.83800000
6.07000000
5.80800000
6.08600000
5.81600000
6.27600000
6.04400000
6.05400000
7.26600000
6.29200000
6.03000000
5.81400000
5.86200000
5.82800000
6.03800000
6.04000000
5.83400000
6.87600000
6.64200000
6.05400000
6.05000000
6.04400000
5.83400000
6.22800000
5.83800000
6.01000000
6.69000000
6.04200000
6.87800000
6.66800000
5.83800000
6.22000000
6.45800000
6.02600000
5.86600000
6.25600000
5.83800000
6.05200000
5.97800000
6.15600000
5.83400000
6.22800000
7.11400000
6.64400000
6.06400000
6.25200000
6.04200000
6.25200000
6.02400000
6.29000000
6.02200000
6.88800000
5.23200000
6.66800000
5.83400000
6.68000000
7.27200000
6.07800000
5.81600000
6.30000000
5.82000000
5.87200000
6.22400000
6.06800000
5.86200000
6.20600000
6.90200000
6.64600000
5.81600000
6.06200000
5.83800000
6.05400000
5.84000000
6.05600000
6.25000000
6.25200000
6.04200000
6.22800000
6.04600000
6.02000000
6.06800000
6.65800000
7.29600000
6.22800000
5.85600000
6.25200000
5.83400000
6.41000000
5.84800000
6.22800000
5.86600000
6.04400000
6.03400000
6.02200000
5.86200000
6.25400000
5.84200000
5.81600000
6.07000000
6.03000000
6.48000000
5.40200000
5.85600000
6.04400000
6.25200000
6.25200000
5.83000000
6.23200000
6.04200000
6.02400000
6.25000000
6.04000000
6.25000000
6.03600000
6.24000000
6.66800000
5.62400000
6.04400000
5.83600000
6.04200000
5.83400000
6.04200000
6.04200000
6.66400000
5.83800000
6.63400000
5.22200000
6.05000000
5.82800000
6.04800000
5.83000000
5.83600000
6.01800000
6.07800000
7.08200000
7.25200000
5.42000000
6.26600000
5.81600000
6.25800000
5.84200000
6.26600000
6.03800000
6.24400000
5.83400000
6.04400000
6.25600000
6.04400000
6.45800000
6.03600000
6.04200000
6.25000000
5.83400000
6.04800000
5.62000000
6.25600000
5.62600000
6.23600000
6.46400000
5.63400000
6.49000000
6.02600000
5.64000000
6.07800000
5.83000000
6.25400000
6.03200000
6.22800000
6.05000000
6.03800000
6.28600000
6.04400000
6.25000000
6.05200000
5.81600000
6.05800000
6.04200000
7.25400000
5.83400000
6.25200000
6.03200000
5.83400000
6.24400000
6.64800000
6.07000000
6.06200000
5.83400000
6.25200000
5.82000000
6.44800000
5.44000000
6.01600000
5.85600000
6.02400000
6.49200000
5.85000000
5.83400000
6.44000000
5.83600000
5.87600000
5.83600000
6.02000000
6.49000000
5.99200000
6.28200000
6.22800000
6.25000000
6.06600000
6.02200000
6.88800000
5.82800000
6.26000000
6.04200000
6.04600000
5.82800000
6.22600000
5.83800000
6.06600000
6.04200000
6.46200000
5.62600000
6.46000000
6.22400000
5.44600000
6.86800000
6.04000000
5.84200000
6.01600000
5.86000000
6.02000000
6.07200000
6.25600000
5.82000000
6.91000000
5.83400000
6.25600000
6.03200000
6.02000000
5.86600000
6.05200000
5.62600000
6.23200000
5.82800000
5.99600000
6.07400000
7.09800000
5.83400000
6.24800000
5.81000000
5.85000000
5.83600000
6.03200000
5.59800000
6.47400000
6.69400000
5.60200000
5.86200000
6.25200000
6.04200000
6.88400000
6.62800000
5.42800000
6.04600000
5.82600000
6.04000000
6.45600000
6.22800000
6.05800000
6.04200000
6.22400000
6.07800000
7.27200000
6.07000000
6.05000000
6.04200000
6.25200000
5.84200000
6.01800000
6.07000000
6.04200000
6.45200000
6.86800000
5.63000000
6.47400000
5.82000000
6.06200000
5.84400000
6.30200000
5.83400000
5.84400000
6.04200000
6.03200000
5.81600000
6.70000000
6.64400000
6.23800000
6.06000000
6.25200000
6.03400000
6.24800000
6.24000000
6.22800000
6.07200000
6.25200000
6.04200000
6.25600000
5.82800000
7.50200000
6.04200000
5.81600000
6.24000000
6.02400000
6.28200000
5.84800000
6.03600000
6.02000000
7.08600000
6.42800000
5.85600000
5.83600000
6.22200000
6.07400000
5.83400000
5.84600000
6.04600000
6.03200000
6.41600000
6.96000000
6.62800000
6.28600000
6.04200000
6.04800000
6.04200000
6.23600000
7.30200000
6.50200000
5.82000000
6.05800000
6.23400000
6.03200000
5.83200000
6.22400000
7.49200000
6.46000000
5.83400000
6.04200000
5.60400000
6.05000000
5.83200000
6.05600000
5.81000000
6.07400000
6.25000000
7.27400000
6.04600000
6.04000000
6.04200000
6.46000000
5.82800000
6.01600000
6.24400000
6.03000000
6.25400000
6.24600000
7.32800000
6.84600000
5.83400000
5.83200000
6.01800000
6.08600000
5.82800000
6.25800000
5.83800000
6.00000000
6.06600000
6.24800000
5.81400000
6.05800000
5.83400000
6.01200000
5.86400000
5.84400000
5.81000000
5.85400000
6.04200000
6.04000000
6.25400000
6.04200000
6.05200000
6.04400000
6.04200000
6.20400000
5.86200000
6.04400000
5.83400000
6.03600000
5.62600000
6.02400000
6.02200000
6.08000000
5.83800000
6.02200000
5.85600000
6.05200000
5.83000000
6.04000000
5.81000000
6.05200000
5.86200000
6.02400000
6.02200000
6.06400000
6.07000000
6.25200000
6.01600000
6.27000000
6.28600000
6.01600000
5.84800000
6.26400000
5.83200000
6.03200000
7.07800000
6.24800000
6.02400000
6.28400000
5.83000000
6.66800000
6.04000000
6.04400000
6.04200000
6.23200000
6.04200000
6.04400000
6.25400000
6.22400000
6.06400000
6.26000000
6.01800000
6.47400000
6.24600000
6.02400000
5.83800000
6.08200000
6.01600000
6.27000000
6.06800000
6.64200000
5.85600000
6.26400000
5.81400000
6.08200000
5.82600000
6.23200000
5.83600000
6.09600000
5.81400000
6.05000000
6.04200000
5.99200000
6.47800000
6.26600000
5.83400000
6.23000000
6.05000000
6.29000000
5.83400000
6.46400000
6.02000000
6.03400000
6.06400000
6.24800000
5.83800000
6.84600000
5.85600000
6.01600000
6.04000000
6.04600000
6.04400000
6.04800000
6.04200000
6.67200000
6.03600000
5.63400000
6.04600000
6.25200000
5.83400000
6.04400000
5.83400000
6.85200000
5.82600000
6.44000000
5.63600000
6.05800000
6.24600000
7.27000000
5.83000000
6.22800000
6.03600000
6.25600000
6.04000000
6.45200000
6.04000000
6.04000000
6.04000000
6.04200000
6.03000000
6.24800000
6.67000000
6.01600000
5.86200000
6.04400000
5.81400000
6.08200000
6.05000000
6.02000000
5.84800000
5.82800000
6.04200000
6.86000000
5.62600000
6.26400000
5.60800000
6.24200000
6.06800000
6.25000000
6.01600000
6.26600000
6.02000000
6.05800000
6.24800000
6.04400000
6.87400000
6.23200000
5.82800000
6.25600000
6.03600000
6.22600000
5.84400000
6.29000000
6.03000000
6.26600000
6.25000000
6.22800000
6.06400000
6.64200000
7.11800000
6.25200000
6.04600000
6.23200000
6.07400000
6.23200000
6.07800000
6.22800000
6.04600000
6.61400000
6.69400000
6.26600000
5.83800000
6.25000000
5.81600000
6.30400000
5.83400000
6.02400000
6.06000000
5.84400000
5.82800000
6.43600000
5.83800000
6.07800000
5.83400000
7.06600000
5.85600000
6.22800000
5.63600000
6.05800000
5.83400000
5.62600000
6.03400000
6.02000000
6.04600000
7.29200000
6.24000000
6.25800000
6.03600000
6.02000000
6.04200000
6.22000000
5.84400000
6.25600000
6.04200000
7.08400000
6.25800000
6.26800000
6.02600000
5.83600000
6.04200000
6.02400000
5.84800000
6.02400000
6.04200000
5.83600000
6.04200000
6.23600000
5.85600000
7.29200000
6.04600000
6.02400000
5.83800000
6.03400000
5.85600000
6.02800000
6.04200000
6.02400000
6.19000000
6.15200000
5.81600000
6.07800000
7.07600000
6.44000000
5.84400000
6.06400000
5.84800000
6.28800000
5.62600000
6.05200000
5.83200000
6.87400000
6.67200000
6.46400000
5.83400000
5.79600000
6.05600000
5.85000000
5.83400000
7.09800000
6.86000000
6.25200000
5.84200000
6.02400000
5.85600000
6.23200000
6.03800000
6.02400000
6.23000000
6.29000000
7.26200000
6.24600000
5.86200000
6.03600000
6.04200000
6.05000000
5.83000000
7.50200000
6.02400000
5.87000000
5.83000000
6.04200000
5.82200000
5.79200000
5.65800000
6.02000000
5.82400000
5.82000000
5.83000000
6.04400000
5.60800000
6.28600000
5.62600000
5.81600000
5.62600000
6.22800000
5.86000000
6.00000000
5.86200000
6.03800000
5.62200000
6.04200000
5.62600000
5.83400000
6.04600000
5.82200000
5.82600000
6.01200000
5.65400000
6.00400000
5.86200000
6.02800000
5.83400000
6.25200000
6.04200000
6.04400000
6.03800000
6.03000000
5.85600000
6.02800000
5.84400000
6.05800000
5.83400000
6.25200000
6.04000000
6.04400000
5.83000000
6.04400000
5.83400000
6.04400000
5.60800000
6.07800000
5.80800000
5.65800000
6.87400000
6.20200000
5.86000000
6.04200000
5.62600000
5.63200000
6.46000000
6.04200000
6.02600000
6.20000000
5.65800000
5.84000000
6.04400000
6.04400000
5.62200000
6.46000000
5.62400000
6.24800000
6.04200000
6.26000000
6.03200000
6.04000000
5.82200000
6.25200000
5.82800000
6.22200000
5.81600000
6.49400000
6.04200000
6.03600000
6.03800000
6.00000000
5.87000000
6.25200000
5.83800000
6.04400000
5.83800000
6.25800000
6.44600000
6.04200000
5.83400000
6.04400000
5.83400000
6.04400000
5.82200000
6.04000000
5.83400000
6.05000000
6.03000000
6.05200000
5.82800000
6.25000000
5.83400000
6.23800000
6.07000000
6.43600000
6.28600000
6.25600000
6.04600000
6.24000000
6.25200000
6.02000000
5.86600000
6.02000000
6.44000000
6.07800000
6.04200000
6.26000000
6.46000000
6.22800000
5.86200000
6.01600000
6.04000000
6.66800000
5.21000000
5.84000000
6.25200000
5.83600000
5.81400000
5.88000000
6.66600000
5.83400000
5.60600000
6.24400000
5.62200000
6.22800000
6.46000000
6.44200000
5.62600000
6.04800000
6.04200000
6.04200000
5.82200000
6.25200000
6.04200000
6.02400000
6.04000000
6.05200000
6.04200000
6.66800000
5.83400000
5.84600000
5.83800000
6.04400000
5.83200000
6.04400000
5.60800000
6.06200000
5.86200000
5.83400000
5.83400000
6.00000000
5.65200000
6.85200000
6.05000000
5.87000000
5.81400000
5.87000000
5.80400000
6.07400000
5.84200000
6.05000000
5.82200000
6.02000000
5.65200000
6.03200000
5.86000000
7.08800000
5.62600000
6.04400000
5.83400000
6.22800000
5.83400000
6.04200000
6.45000000
6.87600000
6.04200000
6.46000000
5.60600000
6.07400000
6.04200000
6.23200000
6.02800000
6.07800000
6.03800000
7.26800000
5.86600000
6.25200000
5.83400000
6.04000000
6.04200000
7.08800000
5.83400000
6.04400000
5.62600000
6.04400000
6.04000000
5.83600000
5.62600000
6.85800000
6.25000000
5.83600000
6.04800000
5.60000000
5.83400000
5.83600000
5.82200000
5.80600000
6.02200000
5.87400000
6.46600000
6.85400000
5.83400000
6.22800000
6.07000000
6.04400000
5.82200000
6.22600000
5.86200000
6.00400000
6.28200000
5.82200000
5.84400000
6.28800000
6.87600000
6.25000000
5.81600000
5.86400000
5.62400000
6.04400000
5.61600000
6.05000000
5.77000000
6.35600000
6.87600000
6.04800000
5.81600000
5.87800000
5.62200000
6.02000000
5.62600000
6.04400000
5.80800000
6.07800000
6.02600000
6.88200000
6.66800000
6.21000000
6.47600000
5.87000000
6.02000000
6.29000000
5.62400000
6.22400000
5.83400000
6.04400000
5.83800000
6.23200000
5.60400000
6.06800000
6.27800000
6.87600000
5.84200000
5.81600000
5.65400000
6.05200000
5.82000000
5.86800000
6.04200000
6.68200000
6.65800000
6.02000000
5.86000000
6.04000000
6.03600000
6.25600000
5.83400000
6.25600000
5.83800000
6.24800000
6.04000000
6.42600000
5.82800000
6.25800000
6.01800000
6.08600000
6.04000000
6.25200000
5.83400000
6.04800000
6.03600000
6.04800000
6.04200000
5.84000000
5.61600000
6.44000000
5.86200000
6.04400000
5.81400000
6.07800000
5.61400000
6.02400000
6.07000000
5.82000000
5.86600000
5.83600000
6.02600000
6.07800000
5.83400000
6.04400000
6.03600000
6.88400000
6.04200000
6.43400000
6.07400000
6.25200000
6.02000000
6.29000000
6.03800000
6.22800000
5.83400000
6.24800000
6.23200000
6.05800000
5.86200000
6.04000000
5.82800000
6.04400000
6.85400000
6.28800000
6.03200000
5.60400000
6.04200000
5.83000000
5.81400000
6.08000000
5.62600000
6.04200000
5.62400000
6.05000000
5.83800000
6.25200000
6.03800000
6.46000000
5.83200000
6.25200000
6.04200000
6.23800000
5.86200000
6.04800000
6.04200000
6.04400000
5.83000000
6.23200000
5.86200000
6.65200000
5.62600000
6.05000000
5.83400000
6.02000000
5.62600000
6.09000000
5.61400000
6.04400000
6.04200000
5.83600000
6.42800000
6.07800000
5.83400000
5.83600000
6.02200000
6.29000000
5.83400000
6.46400000
5.83800000
6.04200000
6.04200000
6.04400000
6.22600000
6.47400000
5.83000000
6.02200000
5.81600000
6.08200000
5.81600000
6.28600000
5.82800000
5.82400000
5.86200000
6.04400000
6.25400000
6.20400000
5.65400000
5.84000000
6.01800000
6.29000000
5.83400000
6.46000000
5.83400000
6.87800000
6.03800000
5.82400000
5.83000000
6.05200000
5.83200000
6.88400000
5.83400000
6.04400000
5.60000000
6.28400000
5.83000000
5.83600000
6.04200000
5.83400000
5.82200000
6.02400000
6.69400000
6.04400000
5.82800000
6.02400000
5.41800000
6.25200000
6.03000000
5.83400000
5.83400000
6.04400000
6.03400000
6.86400000
6.04200000
6.04400000
5.82400000
5.83400000
5.83400000
6.43600000
5.83400000
6.01600000
6.04200000
6.24800000
5.83200000
6.22800000
5.83400000
6.64800000
6.02000000
6.06200000
5.84200000
6.08200000
6.02600000
5.87000000
6.25000000
6.02800000
5.62600000
6.25000000
5.83000000
5.79600000
6.49400000
6.44000000
5.65400000
6.04400000
5.83400000
5.82200000
5.86200000
6.85000000
6.02400000
6.28200000
6.04200000
6.22200000
6.04200000
6.04400000
6.04200000
6.04400000
6.02800000
6.03600000
6.03800000
6.02400000
5.86200000
6.04400000
5.83400000
6.02200000
5.80600000
6.06200000
6.03600000
6.89400000
6.04200000
6.02800000
5.84200000
6.08800000
6.87600000
6.65400000
5.65200000
5.83400000
5.82200000
5.81600000
6.02400000
6.29600000
6.02800000
6.07400000
6.03600000
6.25600000
5.82800000
6.64800000
6.69600000
6.23200000
5.83400000
6.02400000
5.82800000
6.25000000
5.62600000
6.03000000
6.06400000
5.81600000
5.87200000
6.01600000
5.83400000
6.47000000
6.66800000
5.83600000
5.83400000
5.80400000
5.84400000
6.07800000
5.77400000
6.16200000
5.83000000
6.25600000
6.03600000
6.64400000
6.90400000
6.01800000
5.82200000
7.91600000
5.83000000
6.04400000
5.83400000
5.83600000
5.83400000
6.46000000
5.61200000
5.88000000
6.03600000
6.25200000
6.64200000
7.10200000
5.86200000
6.00400000
6.05000000
6.26200000
5.82800000
6.26400000
7.08200000
6.25000000
5.83400000
6.04200000
5.82200000
6.02400000
5.62600000
6.00200000
5.86200000
5.62000000
5.63200000
7.08800000
6.44200000
5.87000000
5.82800000
5.83600000
5.62600000
6.25200000
5.62600000
5.83600000
5.82200000
6.64000000
5.60600000
6.29400000
6.03600000
6.22800000
6.04200000
6.25200000
5.83400000
6.25200000
5.82000000
6.05800000
6.06600000
6.23200000
5.86200000
6.02800000
5.86200000
6.02400000
5.65800000
6.23200000
5.20400000
6.45800000
5.83400000
5.83600000
6.04200000
6.02400000
5.86200000
6.04200000
5.62600000
5.79400000
5.86600000
6.25200000
6.02600000
6.28600000
5.83400000
6.04400000
6.05000000
6.20400000
5.84800000
5.86800000
6.03600000
6.04600000
5.80800000
6.04600000
5.65000000
6.25000000
6.01600000
6.07800000
7.07400000
6.25200000
5.61400000
6.44000000
5.86200000
6.04400000
6.02400000
6.05800000
5.83400000
6.05200000
5.83400000
6.03000000
6.04200000
6.25200000
5.82800000
6.04400000
5.61000000
6.02000000
5.61400000
5.83600000
5.82800000
6.04400000
5.41400000
6.25000000
6.04200000
6.04400000
5.62600000
6.25600000
6.03400000
6.04400000
6.44000000
6.06200000
6.07400000
6.06200000
5.62000000
6.04400000
6.03200000
5.83400000
6.04200000
6.66800000
5.83000000
5.84600000
6.02200000
5.86800000
5.82000000
5.86800000
5.82600000
6.04400000
5.83400000
6.04400000
5.83400000
6.02600000
6.25000000
5.84400000
5.82000000
6.05200000
5.63200000
6.07600000
5.83000000
6.05000000
6.04200000
5.81600000
6.03800000
6.87000000
5.21200000
6.05000000
5.83000000
6.03600000
5.83400000
6.25000000
5.83800000
6.25200000
6.01600000
6.08200000
5.83400000
6.04400000
6.25200000
6.05200000
6.66200000
6.24800000
6.03600000
6.65800000
5.22800000
5.79600000
6.05000000
6.26600000
6.27400000
6.25600000
5.81600000
6.05800000
5.65400000
6.22600000
5.62400000
6.02200000
5.86600000
5.81400000
5.62000000
6.24800000
5.81600000
6.30200000
5.83400000
6.04200000
6.66400000
6.05600000
5.62600000
5.82400000
6.02400000
6.06200000
6.07000000
6.25200000
6.44000000
5.61600000
6.05400000
7.10200000
6.04600000
6.04400000
5.83400000
6.23000000
5.82800000
6.25200000
6.04200000
6.23600000
6.91200000
6.46000000
5.83400000
6.23000000
6.04200000
6.04200000
5.82600000
6.64400000
5.86200000
6.84200000
5.83400000
6.46000000
5.82600000
6.23000000
6.05000000
7.34200000
5.62600000
6.02400000
5.82200000
6.03000000
5.83000000
6.24200000
6.06400000
6.05400000
5.83400000
6.23200000
5.61600000
5.83600000
7.08800000
5.83600000
5.80400000
6.07800000
5.60600000
6.07400000
5.62400000
6.25000000
5.81600000
5.86400000
5.82000000
5.65600000
5.82800000
6.00200000
6.28200000
7.07000000
6.07400000
6.02400000
6.07000000
6.25200000
6.45400000
5.62600000
5.83400000
6.67600000
6.46000000
6.04400000
5.83400000
6.25800000
5.83400000
5.83600000
6.01200000
6.46800000
6.90200000
6.04200000
5.82200000
5.82400000
5.86600000
6.02400000
6.25000000
5.61800000
5.62600000
6.25600000
5.77400000
6.15600000
6.03800000
6.04800000
5.83400000
6.88600000
6.65000000
6.25200000
5.80400000
6.26400000
5.82800000
6.25200000
6.25000000
6.02000000
5.82800000
6.66800000
5.83400000
6.25200000
6.87000000
6.46400000
5.62200000
6.25200000
5.81800000
6.05800000
6.04200000
6.04400000
5.82800000
6.02000000
6.46600000
6.70600000
6.04200000
5.83600000
5.81400000
5.87000000
5.82800000
5.83600000
5.83800000
6.89000000
6.87800000
6.25000000
6.04200000
5.83600000
5.82800000
5.83600000
5.83400000
5.78800000
5.65400000
6.01000000
5.86200000
5.83400000
5.80600000
5.87000000
5.61400000
6.04400000
5.62600000
5.84000000
5.83800000
6.04400000
5.59600000
5.86800000
6.04200000
5.80800000
5.61800000
5.84400000
5.60600000
6.69400000
5.84400000
6.08200000
5.83400000
6.03000000
5.83400000
5.83200000
5.81600000
5.86200000
5.83400000
6.04800000
5.81600000
5.87000000
5.83400000
6.05200000
5.62200000
6.25600000
5.62600000
6.25200000
6.03400000
6.02400000
5.86200000
6.45800000
5.82800000
6.04200000
5.83400000
6.43800000
6.04200000
6.04800000
6.03400000
6.25200000
7.29000000
6.22600000
5.86200000
6.44800000
6.07400000
6.02800000
6.01000000
5.86400000
5.83800000
6.04800000
5.81600000
5.87400000
6.04200000
6.02000000
5.81600000
6.07800000
6.04200000
6.02800000
5.62600000
6.24400000
5.62000000
6.04400000
5.83400000
5.80800000
6.07000000
5.83600000
5.83400000
6.02400000
6.22600000
5.85000000
5.84400000
6.28800000
5.83800000
6.05600000
5.62400000
6.02400000
5.86000000
6.04400000
5.62400000
6.02000000
6.05600000
6.28600000
6.04200000
6.63400000
6.07400000
6.02400000
5.65000000
6.22600000
6.04200000
6.04200000
6.87400000
5.60200000
5.86200000
6.04400000
5.83000000
6.03600000
5.83400000
6.22600000
6.47400000
6.01800000
5.86200000
6.04000000
6.45400000
5.39400000
5.86200000
5.83600000
6.66800000
6.04200000
5.62200000
6.25200000
5.61400000
6.21200000
6.06000000
6.25200000
5.81600000
6.70200000
6.47000000
5.83800000
6.04200000
6.23000000
5.83000000
6.25200000
5.83400000
6.22400000
5.81600000
6.23800000
5.64800000
6.23400000
5.85600000
5.83600000
5.61000000
6.23200000
5.84800000
6.92000000
5.60000000
5.87000000
5.62600000
6.04400000
5.83400000
6.88000000
5.81000000
5.87200000
5.83800000
6.01600000
5.81400000
6.07400000
5.41400000
6.23200000
6.07400000
6.04200000
6.87600000
6.43600000
5.80400000
6.03800000
5.65800000
6.25200000
5.41800000
6.24800000
5.83400000
6.02600000
6.04200000
6.04400000
6.03200000
7.04400000
5.86600000
6.86400000
5.21800000
5.79600000
5.84400000
6.29000000
5.83400000
5.84200000
6.04200000
5.83600000
5.81600000
6.07000000
5.62600000
6.05400000
5.80800000
6.91000000
6.04200000
6.04800000
5.82200000
5.81600000
5.41800000
6.66600000
6.87200000
6.04800000
5.81800000
6.28600000
6.02200000
6.08000000
5.81600000
6.29400000
5.82200000
6.05000000
6.03600000
6.46000000
6.45400000
6.03800000
5.81600000
6.09000000
6.04200000
5.81200000
6.04400000
6.24800000
6.01600000
6.25800000
6.06800000
5.83600000
7.30000000
6.22800000
5.83600000
6.02400000
5.86600000
6.22800000
5.66000000
5.99600000
5.86200000
6.02400000
5.84800000
6.29200000
6.88000000
6.04600000
5.62600000
5.84200000
6.03600000
5.83600000
5.61400000
6.87600000
6.46000000
5.83600000
5.75600000
6.19200000
6.04200000
7.47400000
5.83400000
6.00600000
6.05200000
6.07800000
5.83400000
5.81800000
6.02200000
6.05400000
5.44400000
6.25200000
5.60400000
6.91400000
6.86800000
5.81200000
5.82400000
6.22400000
5.83000000
6.25200000
6.02200000
6.07800000
5.83800000
6.22600000
5.83200000
6.61200000
7.10800000
6.01800000
6.03600000
6.02400000
5.60800000
6.06200000
5.83400000
5.83200000
6.03600000
6.02800000
5.84200000
7.28600000
5.83400000
6.01600000
5.41800000
6.25600000
5.82800000
5.83400000
5.82800000
5.82200000
6.03400000
6.26000000
5.83400000
6.04400000
6.03600000
6.02200000
6.07800000
5.83600000
6.04200000
6.02400000
5.81600000
6.08800000
5.63000000
6.01800000
5.82600000
5.81400000
6.23800000
5.62800000
6.02600000
6.04400000
5.62600000
6.04600000
5.82800000
5.81600000
6.07000000
5.83600000
5.83400000
6.04200000
5.62600000
6.04400000
6.04200000
6.04400000
5.62600000
6.01600000
5.62600000
5.87000000
6.04200000
6.46400000
6.03600000
25.10330000
17.18600000
14.45200000
13.96800000
13.35200000
15.64330000
14.45330000
15.42000000
18.33330000
16.19000000
15.00000000
15.07000000
15.00000000
15.08670000
13.93330000
15.00330000
14.45330000
15.00000000
13.90670000
15.14330000
14.44330000
15.55670000
14.44330000
15.55000000
14.47330000
14.88330000
13.93330000
16.11330000
13.88670000
15.00000000
13.27000000
15.55670000
14.44330000
15.00000000
13.88670000
15.00000000
14.47330000
15.55670000
14.44330000
15.00000000
14.35670000
15.55670000
14.44330000
15.55670000
14.50000000
15.00000000
14.47330000
16.11000000
14.48330000
12.92500000
13.92670000
15.55670000
14.44330000
15.08670000
13.88670000
14.44330000
14.33330000
15.00000000
14.45670000
15.55670000
13.95330000
15.00000000
13.88670000
15.00000000
13.89000000
14.87330000
14.44330000
15.64330000
13.97000000
15.05670000
13.88670000
15.00000000
13.93330000
15.55670000
13.93330000
15.00000000
13.93330000
15.61330000
11.64670000
15.08670000
13.88670000
15.00000000
14.44330000
15.00000000
13.88670000
14.99330000
13.88670000
15.55670000
14.44330000
15.00000000
13.88670000
15.05670000
13.82670000
15.12670000
13.90670000
14.87330000
12.22000000
13.23330000
14.47330000
15.00000000
13.93330000
14.44330000
14.37330000
15.00000000
14.44330000
15.00330000
13.82670000
13.33670000
13.92670000
15.63330000
14.48330000
14.93000000
14.48330000
15.00000000
13.90670000
15.55670000
14.44330000
15.05670000
14.44330000
15.55670000
12.22000000
15.14330000
14.51330000
15.55670000
14.40000000
15.00000000
14.50000000
15.00000000
14.44330000
15.55670000
14.44330000
13.89000000
13.88670000
15.19670000
13.88670000
15.00000000
14.44330000
15.05670000
14.39670000
15.55670000
14.44330000
15.00000000
13.90670000
15.55670000
13.77670000
15.07000000
14.33330000
14.44330000
13.88670000
13.33330000
14.44330000
15.42000000
13.90670000
15.55000000
14.44330000
16.10670000
14.44330000
13.75000000
14.44330000
15.00000000
14.44330000
15.64330000
13.88670000
14.93670000
13.88670000
15.05670000
13.93330000
15.55000000
13.88670000
15.14330000
14.44330000
15.42000000
15.00000000
14.44330000
13.92670000
15.08670000
14.44330000
15.55670000
15.00000000
15.00000000
13.93330000
15.00000000
14.34330000
15.00000000
13.88670000
15.08000000
14.47330000
13.94000000
13.88670000
14.94670000
13.92000000
15.00000000
14.44330000
15.55670000
13.91670000
14.32670000
13.88670000
15.08670000
13.88670000
15.00000000
13.39000000
15.15000000
14.44330000
15.55670000
14.44330000
14.99330000
13.93330000
14.44330000
13.90670000
15.06330000
14.33330000
15.00000000
13.88670000
15.55670000
12.22330000
15.00000000
16.15000000
15.00000000
13.93330000
15.05670000
13.90670000
15.08000000
13.90670000
14.86330000
14.44330000
12.10500000
13.88670000
15.14330000
14.44330000
15.97670000
14.44330000
14.93670000
14.52670000
15.07000000
13.90670000
15.00000000
13.94000000
15.00000000
13.33330000
15.00000000
11.70670000
15.00000000
14.34330000
15.42000000
13.88670000
14.50000000
14.44330000
15.00000000
13.88670000
15.00000000
13.88670000
15.01000000
14.44330000
16.11330000
14.44330000
15.08670000
14.49000000
15.00000000
14.44330000
15.00000000
13.33000000
15.00000000
14.34330000
15.00000000
14.45330000
15.00330000
14.44330000
15.00000000
13.89000000
14.39000000
13.33330000
15.42000000
14.49330000
15.08000000
14.34330000
14.94670000
13.95670000
14.86670000
15.00000000
14.44330000
13.88670000
15.00000000
13.33330000
15.00000000
14.44330000
15.00000000
13.36000000
13.36750000
13.85000000
15.00000000
15.00000000
15.62000000
14.49000000
15.00000000
13.88670000
15.00000000
16.66670000
14.94670000
13.88670000
14.44330000
14.44330000
15.55670000
14.50000000
15.55670000
13.83330000
13.34250000
13.88670000
14.86330000
13.96330000
14.44330000
13.78670000
15.00000000
13.93670000
15.01000000
14.37000000
15.07000000
14.49000000
15.00000000
13.80330000
13.29250000
13.82670000
15.00000000
12.90250000
15.00000000
14.52670000
14.50000000
13.88670000
13.42750000
14.36000000
15.00000000
12.95250000
14.87330000
13.36330000
14.31670000
13.88670000
15.00330000
12.91500000
15.62000000
13.88670000
17.22000000
13.88670000
15.48330000
13.93330000
14.94670000
13.88670000
15.00000000
14.44330000
15.55670000
14.44330000
15.64330000
13.92670000
12.91750000
14.44330000
14.44330000
13.41670000
14.49000000
13.88670000
15.00000000
14.44330000
15.00000000
13.88670000
12.97500000
13.92670000
15.00000000
13.93330000
15.42000000
12.22000000
15.55670000
15.00000000
16.19000000
14.47330000
15.55670000
13.88670000
15.63330000
14.33330000
15.08000000
13.92670000
14.44330000
13.77670000
15.05670000
13.90670000
15.00000000
11.66670000
15.08000000
14.44330000
15.42000000
15.00000000
15.55670000
12.77670000
15.55670000
14.44330000
15.55670000
13.88670000
15.00000000
13.92670000
15.00000000
13.88670000
15.06330000
15.00000000
15.05670000
14.44330000
15.55670000
14.44330000
14.44330000
13.88670000
14.52330000
14.33330000
15.55670000
14.44330000
15.56670000
14.44330000
15.00000000
14.33330000
15.43000000
13.43670000
14.87330000
13.25000000
15.56670000
13.93330000
15.55670000
13.88670000
15.00000000
15.00000000
16.11000000
13.88670000
14.44330000
13.33330000
15.00330000
13.88670000
15.08000000
13.88670000
14.87330000
12.70330000
16.11330000
12.22000000
15.55670000
14.44330000
15.42000000
12.91500000
15.00000000
13.92670000
15.00000000
12.22000000
15.55670000
13.88670000
15.06000000
14.44330000
16.11330000
14.46330000
15.55670000
14.44330000
15.00000000
14.44330000
14.88000000
13.88670000
15.55670000
14.50000000
16.17670000
14.89000000
16.11330000
14.44330000
15.61330000
13.89000000
15.00000000
14.48330000
15.08000000
13.88670000
15.55000000
15.07670000
16.11330000
14.44330000
15.01000000
14.48330000
15.65330000
14.44330000
15.64330000
13.94670000
15.00000000
13.92670000
15.43000000
14.44330000
15.55670000
14.49000000
15.63330000
13.75000000
14.16750000
13.92670000
15.00000000
14.44330000
16.15330000
15.00000000
15.55670000
14.44330000
14.99330000
14.44330000
15.55670000
14.34330000
14.37330000
16.69500000
19.16500000
12.13670000
14.87330000
14.44330000
14.93670000
14.44330000
16.10670000
15.05670000
15.55670000
14.44670000
15.55670000
15.00000000
15.00330000
13.88670000
15.01000000
14.34330000
15.01000000
14.48330000
15.55670000
15.00000000
15.55670000
14.44330000
15.00000000
14.44330000
13.76000000
14.34330000
15.55000000
14.48330000
15.62000000
14.44330000
14.87330000
13.91000000
13.75000000
14.44330000
15.62000000
15.00000000
15.63330000
13.78670000
15.05670000
13.92670000
15.07000000
14.49000000
16.11330000
14.44330000
14.94670000
13.88670000
15.55670000
14.39000000
15.00000000
14.89000000
15.01000000
13.93330000
15.00000000
14.49000000
15.00000000
13.24000000
15.00000000
14.33330000
14.94670000
13.92670000
15.05670000
13.88670000
15.06330000
14.49000000
15.56670000
13.88670000
13.75000000
13.37000000
15.00000000
13.88670000
15.08670000
13.26330000
14.44330000
13.41670000
15.00330000
13.88670000
15.55000000
13.88670000
15.00000000
13.90670000
15.08670000
13.90670000
14.86670000
12.91250000
14.93670000
16.64000000
15.55330000
15.02000000
15.05670000
11.12330000
14.50000000
13.78000000
14.44330000
11.64670000
12.78000000
13.90000000
14.99330000
14.48330000
14.88000000
13.88670000
14.86330000
13.27000000
12.22330000
13.89000000
15.55670000
13.78670000
14.50000000
12.22000000
15.00000000
14.44330000
15.05670000
13.88670000
14.99330000
13.33330000
15.05670000
14.44330000
15.09670000
14.50000000
15.00000000
13.88670000
14.86330000
14.47330000
14.44330000
13.88670000
15.00000000
13.78670000
12.81000000
14.44330000
15.05670000
13.38000000
12.83330000
12.29670000
15.62670000
13.38000000
15.07000000
13.94670000
14.87330000
13.27000000
14.44330000
14.33330000
12.28000000
13.92670000
14.44330000
13.93330000
15.01000000
13.93330000
14.31670000
13.92670000
15.00000000
14.44330000
15.55670000
13.33330000
14.86330000
13.88670000
12.82670000
13.82670000
14.44670000
13.88670000
14.44330000
13.95330000
15.05670000
13.88670000
15.55670000
14.49000000
13.38500000
14.37330000
15.08000000
14.37330000
15.00000000
14.37330000
15.05670000
14.47330000
15.00000000
13.88670000
14.44330000
13.90670000
15.42000000
13.79670000
15.55670000
14.33330000
15.55670000
14.44330000
15.41330000
14.35000000
12.78000000
13.93330000
15.00000000
14.44330000
15.55670000
15.03000000
15.41330000
14.45330000
15.55670000
15.00000000
14.88000000
14.44330000
16.12330000
14.44330000
16.05000000
16.11330000
16.66330000
14.46330000
15.00000000
14.44330000
15.55670000
15.00000000
16.11330000
14.49000000
14.57670000
14.48330000
14.87330000
13.78670000
15.00000000
13.88670000
14.92000000
13.83330000
15.08000000
13.97000000
15.00000000
13.88670000
16.11330000
14.34330000
15.61330000
14.47330000
15.00000000
13.93330000
14.93000000
14.44330000
15.69670000
13.85000000
15.55670000
14.44330000
15.55670000
14.50000000
15.42000000
13.83330000
15.55670000
14.49000000
15.55670000
15.00000000
15.00000000
13.92670000
15.55670000
14.46330000
15.00000000
13.78670000
15.00000000
15.55670000
16.11330000
14.44330000
15.14330000
13.90670000
15.56000000
13.88670000
15.00000000
13.93330000
15.55670000
14.89000000
15.63330000
14.52670000
14.44330000
13.88670000
15.00000000
13.92670000
12.95750000
13.80330000
15.00000000
13.93330000
15.00000000
14.44330000
16.11000000
15.02000000
15.55670000
14.47330000
15.61330000
14.49000000
13.64750000
14.38000000
16.14670000
14.44330000
16.11330000
14.94000000
15.64330000
15.06670000
15.55000000
14.44330000
15.00000000
14.44330000
15.55670000
15.00000000
15.00000000
15.00000000
15.55670000
15.00000000
15.55670000
13.88670000
15.56670000
13.93330000
15.55000000
13.88670000
15.00000000
13.88670000
15.06330000
13.83330000
15.42000000
14.47330000
15.55670000
13.94670000
14.87330000
12.19330000
14.37330000
13.88670000
15.00000000
13.87000000
12.77670000
13.93330000
15.00000000
14.52000000
14.44670000
14.44330000
15.55670000
12.26000000
15.13330000
15.00000000
15.55670000
13.36000000
14.44330000
13.93330000
15.00000000
13.41250000
14.87330000
13.33330000
14.32000000
14.47330000
15.41330000
13.90670000
15.55000000
13.92670000
15.00000000
13.92670000
15.00000000
13.33330000
15.00330000
13.88670000
15.00000000
13.33330000
14.87330000
14.44330000
15.05670000
13.88670000
15.04670000
13.90670000
15.05670000
14.44330000
15.00000000
13.95330000
13.78500000
14.49000000
15.48330000
12.14670000
15.13330000
14.44330000
15.55670000
14.34330000
15.55670000
13.90670000
15.00330000
13.97330000
14.86670000
13.88670000
15.07000000
13.33330000
15.55670000
17.26670000
15.55670000
13.92670000
15.55670000
13.93330000
15.48330000
14.44330000
15.64330000
13.78670000
15.69670000
14.39330000
15.08000000
13.88670000
15.62000000
15.00000000
15.55670000
15.00000000
15.00000000
14.33330000
12.78000000
13.88670000
15.05670000
14.34330000
15.00000000
14.44330000
15.42000000
13.88670000
15.55670000
15.04670000
15.42000000
13.93330000
14.50000000
14.33330000
16.11330000
14.46330000
14.92000000
13.97000000
15.55670000
15.00000000
14.99330000
14.33330000
12.78000000
13.93330000
15.64330000
14.44330000
14.87330000
13.88670000
15.46670000
13.88670000
15.55670000
13.93330000
15.10330000
14.44330000
16.11000000
14.33330000
15.05670000
13.88670000
15.65330000
14.96670000
15.55670000
13.97330000
15.07000000
15.02000000
16.17000000
14.52670000
15.08670000
14.44330000
15.41330000
14.44330000
15.56670000
12.21330000
12.08250000
14.33330000
15.00000000
14.46330000
15.55670000
14.48330000
15.47670000
13.94330000
15.55670000
