-361.976
-359.639
-355.071
-349.259
-343.946
-343.461
-346.266
-348.525
-349.843
-353.037
-359.423
-355.787
-352.501
-350.988
-351.245
-355.864
-351.914
-350.771
-353.572
-359.194
-359.675
-356.345
-358.759
-358.998
-359.873
-358.693
-357.136
-361.31
-359.849
-360.392
-362.762
-360.911
-361.566
-361.989
-360.948
-361.095
-361.044
-360.2
-358.397
-358.007
-350.686
-349.392
-342.945
-347.878
-341.132
-344.196
-338.134
-338.757
-334.947
-432.874
-506.844
-556.95
-611.245
-656.674
-679.915
-706.054
-720.16
-733.285
-754.32
-767.586
-776.347
-791.089
-802.968
-807.017
-815.278
-806.043
-793.369
-778.709
-757.218
-737.115
-713.956
-685.304
-656.634
-621.366
-592.494
-562.208
-534.381
-508.427
-485.623
-464.176
-446.122
-426.455
-406.59
-392.638
-375.058
-353.886
-338.618
-323.785
-309.684
-304.519
-298.129
-294.191
-290.877
-281.98
-274.473
-267.693
-263.957
-263.276
-262.883
-256.619
-255.092
-257.332
-262.354
-269.139
-278.32
-288.135
-303.725
-323.085
-342.175
-335.792
-333.277
-334.104
-327.554
-323.424
-322.089
-322.227
-328.015
-333.669
-335.054
-337.034
-345.494
-344.946
-338.561
-336.95
-334.104
-331.299
-331.749
-332.039
-338.829
-340.548
-337.557
-340.291
-336.665
-338.278
-339.089
-339.419
-337.53
-340.177
-345.485
-346.971
-347.532
-350.435
-353.199
-357.184
-357.054
-358.07
-356.714
-354.693
-361.152
-360.477
-356.739
-356.724
-354.989
-355.07
-360.246
-362.401
-362.994
-346.766
-329.42
-318.303
-307.662
-293.01
-277.624
-264.2
-254.488
-246.106
-237.502
-224.855
-215.675
-206.881
-199.285
-195.448
-193.755
-193.776
-200.68
-205.222
-210.925
-221.047
-228.351
-244.133
-257.388
-289.968
-319.79
-334.621
-351.791
-375.91
-390.877
-409.389
-418.875
-438.761
-456.641
-477.041
-499.278
-518.15
-539.048
-565.588
-591.238
-612.856
-624
-642.432
-651.945
-659.278
-667.968
-676.381
-694.967
-709.483
-722.783
-734.804
-736.665
-742.402
-738.538
-721.379
-697.039
-678.717
-633.369
-552.152
-437.211
-435.608
-441.297
-445.499
-448.957
-444.52
-442.551
-441.118
-429.276
-413.94
-397.685
-387.135
-372.679
-378.607
-382.64
-387.529
-385.7
-380.848
-380.575
-382.156
-378.317
-372.839
-362.622
-366.315
-363.638
-356.02
-355.711
-358.381
-359.557
-353.284
-358.708
-358.091
-361.606
-358.483
-352.444
-354.934
-353.368
-351.438
-348.795
-352.154
-349.009
-347.46
-345.831
-338.104
-341.677
-348.717
-349.325
-353.242
-350.968
-348.369
-346.629
-340.571
-341.566
-339.007
-339.305
-341.731
-350.699
-351.331
-352.896
-357.059
-356.696
-362.632
-360.323
-364.654
-362.93
-362.249
-362.747
-369.207
-364.179
-364.436
-368.437
-365.753
-361.795
-364.044
-357.941
-356.575
-355.513
-352.287
-353.696
-352.717
-351.768
-353.642
-358.853
-352.776
-357.114
-362.63
-361.639
-360.028
-354.275
-357.341
-355.766
-350.749
-350.169
-348.512
-351.618
-351.808
-350.077
-342.866
-340.606
-341.796
-344.684
-346.137
-347.674
-353.347
-351.975
-350.133
-348.321
-343.075
-342.943
-347.875
-352.905
-358.106
-357.599
-360.911
-368.1
-368.529
-360.967
-358.935
-358.926
-355.594
-360.712
-355.354
-348.731
-350.11
-347.409
-348.081
-345.603
-343.334
-342.585
-344.042
-337.881
-337.259
-337.131
-433.732
-505.797
-557.774
-613.423
-659.827
-686.623
-711.791
-722.817
-733.967
-755.022
-767.586
-776.347
-791.089
-802.968
-807.017
-815.278
-806.043
-793.369
-778.709
-757.218
-737.115
-713.956
-685.304
-656.634
-621.366
-592.494
-562.208
-534.381
-508.427
-485.623
-464.176
-446.122
-426.455
-406.59
-392.638
-375.058
-353.886
-338.618
-323.785
-309.684
-304.519
-298.129
-294.191
-290.877
-281.98
-274.473
-267.693
-263.957
-263.276
-262.883
-256.619
-255.092
-257.332
-262.354
-269.139
-278.32
-288.135
-303.725
-323.085
-342.175
-335.792
-333.277
-334.104
-327.554
-323.424
-322.089
-322.227
-328.015
-333.669
-335.054
-337.034
-345.494
-344.946
-338.561
-336.95
-334.104
-331.299
-331.749
-332.039
-338.829
-340.548
-337.557
-340.291
-336.665
-338.278
-339.089
-339.419
-337.53
-340.177
-345.485
-346.971
-347.532
-350.435
-353.199
-357.184
-357.054
-358.07
-356.714
-354.693
-361.152
-360.477
-356.739
-356.724
-354.989
-355.07
-360.246
-362.401
-362.994
-346.766
-329.42
-318.303
-307.662
-293.01
-277.624
-264.2
-254.488
-246.106
-237.502
-224.855
-215.675
-206.881
-199.285
-195.448
-193.755
-193.776
-200.68
-205.222
-210.925
-221.047
-228.351
-244.133
-257.388
-289.968
-319.79
-334.621
-351.791
-375.91
-390.877
-409.389
-418.875
-438.761
-456.641
-477.041
-499.278
-518.15
-539.048
-565.588
-591.238
-612.856
-624
-642.432
-651.945
-659.278
-667.968
-676.381
-694.967
-709.483
-722.783
-734.804
-736.665
-742.402
-738.538
-721.379
-697.039
-678.717
-633.369
-552.152
-437.211
-435.608
-441.297
-445.499
-448.957
-444.52
-442.551
-441.118
-429.276
-413.94
-397.685
-387.135
-372.679
-378.607
-382.64
-387.529
-385.7
-380.848
-380.575
-382.156
-378.317
-372.839
-362.622
-366.315
-363.638
-356.02
-355.711
-358.381
-359.557
-353.284
-358.708
-358.091
-361.606
-358.483
-352.444
-354.934
-353.368
-351.438
-348.795
-352.154
-349.009
-347.46
-345.831
-338.104
-341.677
-348.717
-349.325
-353.242
-350.968
-348.369
-346.629
-340.571
-341.566
-339.007
-339.305
-341.731
-350.699
-351.331
-352.896
-357.059
-356.696
-362.632
-360.323
-364.654
-362.93
-362.249
-362.747
-369.207
-364.179
-364.436
-368.437
-365.753
-361.795
-364.044
-357.941
-356.575
-355.513
-352.287
-353.696
-352.717
-351.768
-353.642
-358.853
-352.776
-357.114
-362.63
-361.639
-360.028
-354.275
-357.341
-355.766
-350.749
-350.169
-348.512
-351.618
-351.808
-350.077
-342.866
-340.606
-341.796
-344.684
-346.137
-347.674
-353.347
-351.975
-350.133
-348.321
-343.075
-342.943
-347.875
-352.905
-358.106
-357.599
-360.911
-368.1
-368.529
-360.967
-358.935
-358.926
-355.594
-360.712
-355.354
-348.731
-350.11
-347.409
-348.081
-345.603
-343.334
-342.585
-344.042
-337.881
-337.259
-337.131
-433.732
-505.797
-557.774
-613.423
-659.827
-686.623
-711.791
-722.817
-733.967
-755.022
-767.586
-776.347
-791.089
-802.968
-807.017
-815.278
-806.043
-793.369
-778.709
-757.218
-737.115
-713.956
-685.304
-656.634
-621.366
-592.494
-562.208
-534.381
-508.427
-485.623
-464.176
-446.122
-426.455
-406.59
-392.638
-375.058
-353.886
-338.618
-323.785
-309.684
-304.519
-298.129
-294.191
-290.877
-281.98
-274.473
-267.693
-263.957
-263.276
-262.883
-256.619
-255.092
-257.332
-262.354
-269.139
-278.32
-288.135
-303.725
-323.085
-342.175
-335.792
-333.277
-334.104
-327.554
-323.424
-322.089
-322.227
-328.015
-333.669
-335.054
-337.034
-345.494
-344.946
-338.561
-336.95
-334.104
-331.299
-331.749
-332.039
-338.829
-340.548
-337.557
-340.291
-336.665
-338.278
-339.089
-339.419
-337.53
-340.177
-345.485
-346.971
-347.532
-350.435
-353.199
-357.184
-357.054
-358.07
-356.714
-354.693
-361.152
-360.477
-356.739
-356.724
-354.989
-355.07
-360.246
-362.401
-362.994
-346.766
-329.42
-318.303
-307.662
-293.01
-277.624
-264.2
-254.488
-246.106
-237.502
-224.855
-215.675
-206.881
-199.285
-195.448
-193.755
-193.776
-200.68
-205.222
-210.925
-221.047
-228.351
-244.133
-257.388
-289.968
-319.79
-334.621
-351.791
-375.91
-390.877
-409.389
-418.875
-438.761
-456.641
-477.041
-499.278
-518.15
-539.048
-565.588
-591.238
-612.856
-624
-642.432
-651.945
-659.278
-667.968
-676.381
-694.967
-709.483
-722.783
-734.804
-736.665
-742.402
-738.538
-721.379
-697.039
-678.717
-633.369
-552.152
-437.211
-435.608
-441.297
-445.499
-448.957
-444.52
-442.551
-441.118
-429.276
-413.94
-397.685
-387.135
-372.679
-378.607
-382.64
-387.529
-385.7
-380.848
-380.575
-382.156
-378.317
-372.839
-362.622
-366.315
-363.638
-356.02
-355.711
-358.381
-359.557
-353.284
-358.708
-358.091
-361.606
-358.483
-352.444
-354.934
-353.368
-351.438
-348.795
-352.154
-349.009
-347.46
-345.831
-338.104
-341.677
-348.717
-349.325
-353.242
-350.968
-348.369
-346.629
-340.571
-341.566
-339.007
-339.305
-341.731
-350.699
-351.331
-352.896
-357.059
-356.696
-362.632
-360.323
-364.654
-362.93
-362.249
-362.747
-369.207
-364.179
-364.436
-368.437
-365.753
-361.795
-364.044
-357.941
-356.575
-355.513
-352.287
-353.696
-352.717
-351.768
-353.642
-358.853
-352.776
-357.114
-362.63
-361.639
-360.028
-354.275
-357.341
-355.766
-350.749
-350.169
-348.512
-351.618
-351.808
-350.077
-342.866
-340.606
-341.796
-344.684
-346.137
-347.674
-353.347
-351.975
-350.133
-348.321
-343.075
-342.943
-347.875
-352.905
-358.106
-357.599
-360.911
-368.1
-368.529
-360.967
-358.935
-358.926
-355.594
-360.712
-355.354
-348.731
-350.11
-347.409
-348.081
-345.603
-343.334
-342.585
-344.042
-337.881
-337.259
-337.131
-433.732
-505.797
-557.774
-613.423
-659.827
-686.623
-711.791
-722.817
-733.967
-755.022
-767.586
-776.347
-791.089
-802.968
-807.017
-815.278
-806.043
-793.369
-778.709
-757.218
-737.115
-713.956
-685.304
-656.634
-621.366
-592.494
-562.208
-534.381
-508.427
-485.623
-464.176
-446.122
-426.455
-406.59
-392.638
-375.058
-353.886
-338.618
-323.785
-309.684
-304.519
-298.129
-294.191
-290.877
-281.98
-274.473
-267.693
-263.957
-263.276
-262.883
-256.619
-255.092
-257.332
-262.354
-269.139
-278.32
-288.135
-303.725
-323.085
-342.175
-335.792
-333.277
-334.104
-327.554
-323.424
-322.089
-322.227
-328.015
-333.669
-335.054
-337.034
-345.494
-344.946
-338.561
-336.95
-334.104
-331.299
-331.749
-332.039
-338.829
-340.548
-337.557
-340.291
-336.665
-338.278
-339.089
-339.419
-337.53
-340.177
-345.485
-346.971
-347.532
-350.435
-353.199
-357.184
-357.054
-358.07
-356.714
-354.693
-361.152
-360.477
-356.739
-356.724
-354.989
-355.07
-360.246
-362.401
-362.994
-346.766
-329.42
-318.303
-307.662
-293.01
-277.624
-264.2
-254.488
-246.106
-237.502
-224.855
-215.675
-206.881
-199.285
-195.448
-193.755
-193.776
-200.68
-205.222
-210.925
-221.047
-228.351
-244.133
-257.388
-289.968
-319.79
-334.621
-351.791
-375.91
-390.877
-409.389
-418.875
-438.761
-456.641
-477.041
-499.278
-518.15
-539.048
-565.588
-591.238
-612.856
-624
-642.432
-651.945
-659.278
-667.968
-676.381
-694.967
-709.483
-722.783
-734.804
-736.665
-742.402
-738.538
-721.379
-697.039
-678.717
-633.369
-552.152
-437.211
-435.608
-441.297
-445.499
-448.957
-444.52
-442.551
-441.118
-429.276
-413.94
-397.685
-387.135
-372.679
-378.607
-382.64
-387.529
-385.7
-380.848
-380.575
-382.156
-378.317
-372.839
-362.622
-366.315
-363.638
-356.02
-355.711
-358.381
-359.557
-353.284
-358.708
-358.091
-361.606
-358.483
-352.444
-354.934
-353.368
-351.438
-348.795
-352.154
-349.009
-347.46
-345.831
-338.104
-341.677
-348.717
-349.325
-353.242
-350.968
-348.369
-346.629
-340.571
-341.566
-339.007
-339.305
-341.731
-350.699
-351.331
-352.896
-357.059
-356.696
-362.632
-360.323
-364.654
-362.93
-362.249
-362.747
-369.207
-364.179
-364.436
-368.437
-365.753
-361.795
-364.044
-357.941
-356.575
-355.513
-352.287
-353.696
-352.717
-351.768
-353.642
-358.853
-352.776
-357.114
-362.63
-361.639
-360.028
-354.275
-357.341
-355.766
-350.749
-350.169
-348.512
-351.618
-351.808
-350.077
-342.866
-340.606
-341.796
-344.684
-346.137
-347.674
-353.347
-351.975
-350.133
-348.321
-343.075
-342.943
-347.875
-352.905
-358.106
-357.599
-360.911
-368.1
-368.529
-360.967
-358.935
-358.926
-355.594
-360.712
-355.354
-348.731
-350.11
-347.409
-348.081
-345.603
-343.334
-342.585
-344.042
-337.881
-337.259
-337.131
-433.732
-505.797
-557.774
-613.423
-659.827
-686.623
-711.791
-722.817
-733.967
-755.022
-767.586
-776.347
-791.089
-802.968
-807.017
-815.278
-806.043
-793.369
-778.709
-757.218
-737.115
-713.956
-685.304
-656.634
-621.366
-592.494
-562.208
-534.381
-508.427
-485.623
-464.176
-446.122
-426.455
-406.59
-392.638
-375.058
-353.886
-338.618
-323.785
-309.684
-304.519
-298.129
-294.191
-290.877
-281.98
-274.473
-267.693
-263.957
-263.276
-262.883
-256.619
-255.092
-257.332
-262.354
-269.139
-278.32
-288.135
-303.725
-323.085
-342.175
-335.792
-333.277
-334.104
-327.554
-323.424
-322.089
-322.227
-328.015
-333.669
-335.054
-337.034
-345.494
-344.946
-338.561
-336.95
-334.104
-331.299
-331.749
-332.039
-338.829
-340.548
-337.557
-340.291
-336.665
-338.278
-339.089
-339.419
-337.53
-340.177
-345.485
-346.971
-347.532
-350.435
-353.199
-357.184
-357.054
-358.07
-356.714
-354.693
-361.152
-360.477
-356.739
-356.724
-354.989
-355.07
-360.246
-362.401
-362.994
-346.766
-329.42
-318.303
-307.662
-293.01
-277.624
-264.2
-254.488
-246.106
-237.502
-224.855
-215.675
-206.881
-199.285
-195.448
-193.755
-193.776
-200.68
-205.222
-210.925
-221.047
-228.351
-244.133
-257.388
-289.968
-319.79
-334.621
-351.791
-375.91
-390.877
-409.389
-418.875
-438.761
-456.641
-477.041
-499.278
-518.15
-539.048
-565.588
-591.238
-612.856
-624
-642.432
-651.945
-659.278
-667.968
-676.381
-694.967
-709.483
-722.783
-734.804
-736.665
-742.402
-738.538
-721.379
-697.039
-678.717
-633.369
-552.152
-437.211
-435.608
-441.297
-445.499
-448.957
-444.52
-442.551
-441.118
-429.276
-413.94
-397.685
-387.135
-372.679
-378.607
-382.64
-387.529
-385.7
-380.848
-380.575
-382.156
-378.317
-372.839
-362.622
-366.315
-363.638
-356.02
-355.711
-358.381
-359.557
-353.284
-358.708
-358.091
-361.606
-358.483
-352.444
-354.934
-353.368
-351.438
-348.795
-352.154
-349.009
-347.46
-345.831
-338.104
-341.677
-348.717
-349.325
-353.242
-350.968
-348.369
-346.629
-340.571
-341.566
-339.007
-339.305
-341.731
-350.699
-351.331
-352.896
-357.059
-356.696
-362.632
-360.323
-364.654
-362.93
-362.249
-362.747
-369.207
-364.179
-364.436
-368.437
-365.753
-361.795
-364.044
-357.941
-356.575
-355.513
-352.287
-353.696
-352.717
-351.768
-353.642
-358.853
-352.776
-357.114
-362.63
-361.639
-360.028
-354.275
-357.341
-355.766
-350.749
-350.169
-348.512
-351.618
-351.808
-350.077
-342.866
-340.606
-341.796
-344.684
-346.137
-347.674
-353.347
-351.975
-350.133
-348.321
-343.075
-342.943
-347.875
-352.905
-358.106
-357.599
-360.911
-368.1
-368.529
-360.967
-358.935
-358.926
-355.594
-360.712
-355.354
-348.731
-350.11
-347.409
-348.081
-345.603
-343.334
-342.585
-344.042
-337.881
-337.259
-337.131
-433.732
-505.797
-557.774
-613.423
-659.827
-686.623
-711.791
-722.817
-733.967
-755.022
-767.586
-776.347
-791.089
-802.968
-807.017
-815.278
-806.043
-793.369
-778.709
-757.218
-737.115
-713.956
-685.304
-656.634
-621.366
-592.494
-562.208
-534.381
-508.427
-485.623
-464.176
-446.122
-426.455
-406.59
-392.638
-375.058
-353.886
-338.618
-323.785
-309.684
-304.519
-298.129
-294.191
-290.877
-281.98
-274.473
-267.693
-263.957
-263.276
-262.883
-256.619
-255.092
-257.332
-262.354
-269.139
-278.32
-288.135
-303.725
-323.085
-342.175
-335.792
-333.277
-334.104
-327.554
-323.424
-322.089
-322.227
-328.015
-333.669
-335.054
-337.034
-345.494
-344.946
-338.561
-336.95
-334.104
-331.299
-331.749
-332.039
-338.829
-340.548
-337.557
-340.291
-336.665
-338.278
-339.089
-339.419
-337.53
-340.177
-345.485
-346.971
-347.532
-350.435
-353.199
-357.184
-357.054
-358.07
-356.714
-354.693
-361.152
-360.477
-356.739
-356.724
-354.989
-355.07
-360.246
-362.401
-362.994
-346.766
-329.42
-318.303
-307.662
-293.01
-277.624
-264.2
-254.488
-246.106
-237.502
-224.855
-215.675
-206.881
-199.285
-195.448
-193.755
-193.776
-200.68
-205.222
-210.925
-221.047
-228.351
-244.133
-257.388
-289.968
-319.79
-334.621
-351.791
-375.91
-390.877
-409.389
-418.875
-438.761
-456.641
-477.041
-499.278
-518.15
-539.048
-565.588
-591.238
-612.856
-624
-642.432
-651.945
-659.278
-667.968
-676.381
-694.967
-709.483
-722.783
-734.804
-736.665
-742.402
-738.538
-721.379
-697.039
-678.717
-633.369
-552.152
-437.211
-435.608
-441.297
-445.499
-448.957
-444.52
-442.551
-441.118
-429.276
-413.94
-397.685
-387.135
-372.679
-378.607
-382.64
-387.529
-385.7
-380.848
-380.575
-382.156
-378.317
-372.839
-362.622
-366.315
-363.638
-356.02
-355.711
-358.381
-359.557
-353.284
-358.708
-358.091
-361.606
-358.483
-352.444
-354.934
-353.368
-351.438
-348.795
-352.154
-349.009
-347.46
-345.831
-338.104
-341.677
-348.717
-349.325
-353.242
-350.968
-348.369
-346.629
-340.571
-341.566
-339.007
-339.305
-341.731
-350.699
-351.331
-352.896
-357.059
-356.696
-362.632
-360.323
-364.654
-362.93
-362.249
-362.747
-369.207
-364.179
-364.436
-368.437
-365.753
-361.795
-364.044
-357.941
-356.575
-355.513
-352.287
-353.696
-352.717
-351.768
-353.642
-358.853
-352.776
-357.114
-362.63
-361.639
-360.028
-354.275
-357.341
-355.766
-350.749
-350.169
-348.512
-351.618
-351.808
-350.077
-342.866
-340.606
-341.796
-344.684
-346.137
-347.674
-353.347
-351.975
-350.133
-348.321
-343.075
-342.943
-347.875
-352.905
-358.106
-357.599
-360.911
-368.1
-368.529
-360.967
-358.935
-358.926
-355.594
-360.712
-355.354
-348.731
-350.11
-347.409
-348.081
-345.603
-343.334
-342.585
-344.042
-337.881
-337.259
-337.131
-433.732
-505.797
-557.774
-613.423
-659.827
-686.623
-711.791
-722.817
-733.967
-755.022
-767.586
-776.347
-791.089
-802.968
-807.017
-815.278
-806.043
-793.369
-778.709
-757.218
-737.115
-713.956
-685.304
-656.634
-621.366
-592.494
-562.208
-534.381
-508.427
-485.623
-464.176
-446.122
-426.455
-406.59
-392.638
-375.058
-353.886
-338.618
-323.785
-309.684
-304.519
-298.129
-294.191
-290.877
-281.98
-274.473
-267.693
-263.957
-263.276
-262.883
-256.619
-255.092
-257.332
-262.354
-269.139
-278.32
-288.135
-303.725
-323.085
-342.175
-335.792
-333.277
-334.104
-327.554
-323.424
-322.089
-322.227
-328.015
-333.669
-335.054
-337.034
-345.494
-344.946
-338.561
-336.95
-334.104
-331.299
-331.749
-332.039
-338.829
-340.548
-337.557
-340.291
-336.665
-338.278
-339.089
-339.419
-337.53
-340.177
-345.485
-346.971
-347.532
-350.435
-353.199
-357.184
-357.054
-358.07
-356.714
-354.693
-361.152
-360.477
-356.739
-356.724
-354.989
-355.07
-360.246
-362.401
-362.994
-346.766
-329.42
-318.303
-307.662
-293.01
-277.624
-264.2
-254.488
-246.106
-237.502
-224.855
-215.675
-206.881
-199.285
-195.448
-193.755
-193.776
-200.68
-205.222
-210.925
-221.047
-228.351
-244.133
-257.388
-289.968
-319.79
-334.621
-351.791
-375.91
-390.877
-409.389
-418.875
-438.761
-456.641
-477.041
-499.278
-518.15
-539.048
-565.588
-591.238
-612.856
-624
-642.432
-651.945
-659.278
-667.968
-676.381
-694.967
-709.483
-722.783
-734.804
-736.665
-742.402
-738.538
-721.379
-697.039
-678.717
-633.369
-552.152
-437.211
-435.608
-441.297
-445.499
-448.957
-444.52
-442.551
-441.118
-429.276
-413.94
-397.685
-387.135
-372.679
-378.607
-382.64
-387.529
-385.7
-380.848
-380.575
-382.156
-378.317
-372.839
-362.622
-366.315
-363.638
-356.02
-355.711
-358.381
-359.557
-353.284
-358.708
-358.091
-361.606
-358.483
-352.444
-354.934
-353.368
-351.438
-348.795
-352.154
-349.009
-347.46
-345.831
-338.104
-341.677
-348.717
-349.325
-353.242
-350.968
-348.369
-346.629
-340.571
-341.566
-339.007
-339.305
-341.731
-350.699
-351.331
-352.896
-357.059
-356.696
-362.632
-360.323
-364.654
-362.93
-362.249
-362.747
-369.207
-364.179
-364.436
-368.437
-365.753
-361.795
-364.044
-357.941
-356.575
-355.513
-352.287
-353.696
-352.717
-351.768
-353.642
-358.853
-352.776
-357.114
-362.63
-361.639
-360.028
-354.275
-357.341
-355.766
-350.749
-350.169
-348.512
-351.618
-351.808
-350.077
-342.866
-340.606
-341.796
-344.684
-346.137
-347.674
-353.347
-351.975
-350.133
-348.321
-343.075
-342.943
-347.875
-352.905
-358.106
-357.599
-360.911
-368.1
-368.529
-360.967
-358.935
-358.926
-355.594
-360.712
-355.354
-348.731
-350.11
-347.409
-348.081
-345.603
-343.334
-342.585
-344.042
-337.881
-337.259
-337.131
-433.732
-505.797
-557.774
-613.423
-659.827
-686.623
-711.791
-722.817
-733.967
-755.022
-767.586
-776.347
-791.089
-802.968
-807.017
-815.278
-806.043
-793.369
-778.709
-757.218
-737.115
-713.956
-685.304
-656.634
-621.366
-592.494
-562.208
-534.381
-508.427
-485.623
-464.176
-446.122
-426.455
-406.59
-392.638
-375.058
-353.886
-338.618
-323.785
-309.684
-304.519
-298.129
-294.191
-290.877
-281.98
-274.473
-267.693
-263.957
-263.276
-262.883
-256.619
-255.092
-257.332
-262.354
-269.139
-278.32
-288.135
-303.725
-323.085
-342.175
-335.792
-333.277
-334.104
-327.554
-323.424
-322.089
-322.227
-328.015
-333.669
-335.054
-337.034
-345.494
-344.946
-338.561
-336.95
-334.104
-331.299
-331.749
-332.039
-338.829
-340.548
-337.557
-340.291
-336.665
-338.278
-339.089
-339.419
-337.53
-340.177
-345.485
-346.971
-347.532
-350.435
-353.199
-357.184
-357.054
-358.07
-356.714
-354.693
-361.152
-360.477
-356.739
-356.724
-354.989
-355.07
-360.246
-362.401
-362.994
-346.766
-329.42
-318.303
-307.662
-293.01
-277.624
-264.2
-254.488
-246.106
-237.502
-224.855
-215.675
-206.881
-199.285
-195.448
-193.755
-193.776
-200.68
-205.222
-210.925
-221.047
-228.351
-244.133
-257.388
-289.968
-319.79
-334.621
-351.791
-375.91
-390.877
-409.389
-418.875
-438.761
-456.641
-477.041
-499.278
-518.15
-539.048
-565.588
-591.238
-612.856
-624
-642.432
-651.945
-659.278
-667.968
-676.381
-694.967
-709.483
-722.783
-734.804
-736.665
-742.402
-738.538
-721.379
-697.039
-678.717
-633.369
-552.152
-437.211
-435.608
-441.297
-445.499
-448.957
-444.52
-442.551
-441.118
-429.276
-413.94
-397.685
-387.135
-372.679
-378.607
-382.64
-387.529
-385.7
-380.848
-380.575
-382.156
-378.317
-372.839
-362.622
-366.315
-363.638
-356.02
-355.711
-358.381
-359.557
-353.284
-358.708
-358.091
-361.606
-358.483
-352.444
-354.934
-353.368
-351.438
-348.795
-352.154
-349.009
-347.46
-345.831
-338.104
-341.677
-348.717
-349.325
-353.242
-350.968
-348.369
-346.629
-340.571
-341.566
-339.007
-339.305
-341.731
-350.699
-351.331
-352.896
-357.059
-356.696
-362.632
-360.323
-364.654
-362.93
-362.249
-362.747
-369.207
-364.179
-364.436
-368.437
-365.753
-361.795
-364.044
-357.941
-356.575
-355.513
-352.287
-353.696
-352.717
-351.768
-353.642
-358.853
-352.776
-357.114
-362.63
-361.639
-360.028
-354.275
-357.341
-355.766
-350.749
-350.169
-348.512
-351.618
-351.808
-350.077
-342.866
-340.606
-341.796
-344.684
-346.137
-347.674
-353.347
-351.975
-350.133
-348.321
-343.075
-342.943
-347.875
-352.905
-358.106
-357.599
-360.911
-368.1
-368.529
-360.967
-358.935
-358.926
-355.594
-360.712
-355.354
-348.731
-350.11
-347.409
-348.081
-345.603
-343.334
-342.585
-344.042
-337.881
-337.259
-337.131
-433.732
-505.797
-557.774
-613.423
-659.827
-686.623
-711.791
-722.817
-733.967
-755.022
-767.586
-776.347
-791.089
-802.968
-807.017
-815.278
-806.043
-793.369
-778.709
-757.218
-737.115
-713.956
-685.304
-656.634
-621.366
-592.494
-562.208
-534.381
-508.427
-485.623
-464.176
-446.122
-426.455
-406.59
-392.638
-375.058
-353.886
-338.618
-323.785
-309.684
-304.519
-298.129
-294.191
-290.877
-281.98
-274.473
-267.693
-263.957
-263.276
-262.883
-256.619
-255.092
-257.332
-262.354
-269.139
-278.32
-288.135
-303.725
-323.085
-342.175
-335.792
-333.277
-334.104
-327.554
-323.424
-322.089
-322.227
-328.015
-333.669
-335.054
-337.034
-345.494
-344.946
-338.561
-336.95
-334.104
-331.299
-331.749
-332.039
-338.829
-340.548
-337.557
-340.291
-336.665
-338.278
-339.089
-339.419
-337.53
-340.177
-345.485
-346.971
-347.532
-350.435
-353.199
-357.184
-357.054
-358.07
-356.714
-354.693
-361.152
-360.477
-356.739
-356.724
-354.989
-355.07
-360.246
-362.401
-362.994
-346.766
-329.42
-318.303
-307.662
-293.01
-277.624
-264.2
-254.488
-246.106
-237.502
-224.855
-215.675
-206.881
-199.285
-195.448
-193.755
-193.776
-200.68
-205.222
-210.925
-221.047
-228.351
-244.133
-257.388
-289.968
-319.79
-334.621
-351.791
-375.91
-390.877
-409.389
-418.875
-438.761
-456.641
-477.041
-499.278
-518.15
-539.048
-565.588
-591.238
-612.856
-624
-642.432
-651.945
-659.278
-667.968
-676.381
-694.967
-709.483
-722.783
-734.804
-736.665
-742.402
-738.538
-721.379
-697.039
-678.717
-633.369
-552.152
-437.211
-435.608
-441.297
-445.499
-448.957
-444.52
-442.551
-441.118
-429.276
-413.94
-397.685
-387.135
-372.679
-378.607
-382.64
-387.529
-385.7
-380.848
-380.575
-382.156
-378.317
-372.839
-362.622
-366.315
-363.638
-356.02
-355.711
-358.381
-359.557
-353.284
-358.708
-358.091
-361.606
-358.483
-352.444
-354.934
-353.368
-351.438
-348.795
-352.154
-349.009
-347.46
-345.831
-338.104
-341.677
-348.717
-349.325
-353.242
-350.968
-348.369
-346.629
-340.571
-341.566
-339.007
-339.305
-341.731
-350.699
-351.331
-352.896
-357.059
-356.696
-362.632
-360.323
-364.654
-362.93
-362.249
-362.747
-369.207
-364.179
-364.436
-368.437
-365.753
-361.795
-364.044
-357.941
-356.575
-355.513
-352.287
-353.696
-352.717
-351.768
-353.642
-358.853
-352.776
-357.114
-362.63
-361.639
-360.028
-354.275
-357.341
-355.766
-350.749
-350.169
-348.512
-351.618
-351.808
-350.077
-342.866
-340.606
-341.796
-344.684
-346.137
-347.674
-353.347
-351.975
-350.133
-348.321
-343.075
-342.943
-347.875
-352.905
-358.106
-357.599
-360.911
-368.1
-368.529
-360.967
-358.935
-358.926
-355.594
-360.712
-355.354
-348.731
-350.11
-347.409
-348.081
-345.603
-343.334
-342.585
-344.042
-337.881
-337.259
-337.131
-433.732
-505.797
-557.774
-613.423
-659.827
-686.623
-711.791
-722.817
-733.967
-755.022
-767.586
-776.347
-791.089
-802.968
-807.017
-815.278
-806.043
-793.369
-778.709
-757.218
-737.115
-713.956
-685.304
-656.634
-621.366
-592.494
-562.208
-534.381
-508.427
-485.623
-464.176
-446.122
-426.455
-406.59
-392.638
-375.058
-353.886
-338.618
-323.785
-309.684
-304.519
-298.129
-294.191
-290.877
-281.98
-274.473
-267.693
-263.957
-263.276
-262.883
-256.619
-255.092
-257.332
-262.354
-269.139
-278.32
-288.135
-303.725
-323.085
-342.175
-335.792
-333.277
-334.104
-327.554
-323.424
-322.089
-322.227
-328.015
-333.669
-335.054
-337.034
-345.494
-344.946
-338.561
-336.95
-334.104
-331.299
-331.749
-332.039
-338.829
-340.548
-337.557
-340.291
-336.665
-338.278
-339.089
-339.419
-337.53
-340.177
-345.485
-346.971
-347.532
-350.435
-353.199
-357.184
-357.054
-358.07
-356.714
-354.693
-361.152
-360.477
-356.739
-356.724
-354.989
-355.07
-360.246
-362.401
-362.994
-346.766
-329.42
-318.303
-307.662
-293.01
-277.624
-264.2
-254.488
-246.106
-237.502
-224.855
-215.675
-206.881
-199.285
-195.448
-193.755
-193.776
-200.68
-205.222
-210.925
-221.047
-228.351
-244.133
-257.388
-289.968
-319.79
-334.621
-351.791
-375.91
-390.877
-409.389
-418.875
-438.761
-456.641
-477.041
-499.278
-518.15
-539.048
-565.588
-591.238
-612.856
-624
-642.432
-651.945
-659.278
-667.968
-676.381
-694.967
-709.483
-722.783
-734.804
-736.665
-742.402
-738.538
-721.379
-697.039
-678.717
-633.369
-552.152
-437.211
-435.608
-441.297
-445.499
-448.957
-444.52
-442.551
-441.118
-429.276
-413.94
-397.685
-387.135
-372.679
-378.607
-382.64
-387.529
-385.7
-380.848
-380.575
-382.156
-378.317
-372.839
-362.622
-366.315
-363.638
-356.02
-355.711
-358.381
-359.557
-353.284
-358.708
-358.091
-361.606
-358.483
-352.444
-354.934
-353.368
-351.438
-348.795
-352.154
-349.009
-347.46
-345.831
-338.104
-341.677
-348.717
-349.325
-353.242
-350.968
-348.369
-346.629
-340.571
-341.566
-339.007
-339.305
-341.731
-350.699
-351.331
-352.896
-357.059
-356.696
-362.632
-360.323
-364.654
-362.93
-362.249
-362.747
-369.207
-364.179
-364.436
-368.437
-365.753
-361.795
-364.044
-357.941
-356.575
-355.513
-352.287
-353.696
-352.717
-351.768
-353.642
-358.853
-352.776
-357.114
-362.63
-361.639
-360.028
-354.275
-357.341
-355.766
-350.749
-350.169
-348.512
-351.618
-351.808
-350.077
-342.866
-340.606
-341.796
-344.684
-346.137
-347.674
-353.347
-351.975
-350.133
-348.321
-343.075
-342.943
-347.875
-352.905
-358.106
-357.599
-360.911
-368.1
-368.529
-360.967
-358.935
-358.926
-355.594
-360.712
-355.354
-348.731
-350.11
-347.409
-348.081
-345.603
-343.334
-342.585
-344.042
-337.881
-337.259
-337.131
-433.732
-505.797
-557.774
-613.423
-659.827
-686.623
-711.791
-722.817
-733.967
-755.022
-767.586
-776.347
-791.089
-802.968
-807.017
-815.278
-806.043
-793.369
-778.709
-757.218
-737.115
-713.956
-685.304
-656.634
-621.366
-592.494
-562.208
-534.381
-508.427
-485.623
-464.176
-446.122
-426.455
-406.59
-392.638
-375.058
-353.886
-338.618
-323.785
-309.684
-304.519
-298.129
-294.191
-290.877
-281.98
-274.473
-267.693
-263.957
-263.276
-262.883
-256.619
-255.092
-257.332
-262.354
-269.139
-278.32
-288.135
-303.725
-323.085
-342.175
-335.792
-333.277
-334.104
-327.554
-323.424
-322.089
-322.227
-328.015
-333.669
-335.054
-337.034
-345.494
-344.946
-338.561
-336.95
-334.104
-331.299
-331.749
-332.039
-338.829
-340.548
-337.557
-340.291
-336.665
-338.278
-339.089
-339.419
-337.53
-340.177
-345.485
-346.971
-347.532
-350.435
-353.199
-357.184
-357.054
-358.07
-356.714
-354.693
-361.152
-360.477
-356.739
-356.724
-354.989
-355.07
-360.246
-362.401
-362.994
-346.766
-329.42
-318.303
-307.662
-293.01
-277.624
-264.2
-254.488
-246.106
-237.502
-224.855
-215.675
-206.881
-199.285
-195.448
-193.755
-193.776
-200.68
-205.222
-210.925
-221.047
-228.351
-244.133
-257.388
-289.968
-319.79
-334.621
-351.791
-375.91
-390.877
-409.389
-418.875
-438.761
-456.641
-477.041
-499.278
-518.15
-539.048
-565.588
-591.238
-612.856
-624
-642.432
-651.945
-659.278
-667.968
-676.381
-694.967
-709.483
-722.783
-734.804
-736.665
-742.402
-738.538
-721.379
-697.039
-678.717
-633.369
-552.152
-437.211
-435.608
-441.297
-445.499
-448.957
-444.52
-442.551
-441.118
-429.276
-413.94
-397.685
-387.135
-372.679
-378.607
-382.64
-387.529
-385.7
-380.848
-380.575
-382.156
-378.317
-372.839
-362.622
-366.315
-363.638
-356.02
-355.711
-358.381
-359.557
-353.284
-358.708
-358.091
-361.606
-358.483
-352.444
-354.934
-353.368
-351.438
-348.795
-352.154
-349.009
-347.46
-345.831
-338.104
-341.677
-348.717
-349.325
-353.242
-350.968
-348.369
-346.629
-340.571
-341.566
-339.007
-339.305
-341.731
-350.699
-351.331
-352.896
-357.059
-356.696
-362.632
-360.323
-364.654
-362.93
-362.249
-362.747
-369.207
-364.179
-364.436
-368.437
-365.753
-361.795
-364.044
-357.941
-356.575
-355.513
-352.287
-353.696
-352.717
-351.768
-353.642
-358.853
-352.776
-357.114
-362.63
-361.639
-360.028
-354.275
-357.341
-355.766
-350.749
-350.169
-348.512
-351.618
-351.808
-350.077
-342.866
-340.606
-341.796
-344.684
-346.137
-347.674
-353.347
-351.975
-350.133
-348.321
-343.075
-342.943
-347.875
-352.905
-358.106
-357.599
-360.911
-368.1
-368.529
-360.967
-358.935
-358.926
-355.594
-360.712
-355.354
-348.731
-350.11
-347.409
-348.081
-345.603
-343.334
-342.585
-344.042
-337.881
-337.259
-337.131
-433.732
-505.797
-557.774
-613.423
-659.827
-686.623
-711.791
-722.817
-733.967
-755.022
-767.586
-776.347
-791.089
-802.968
-807.017
-815.278
-806.043
-793.369
-778.709
-757.218
-737.115
-713.956
-685.304
-656.634
-621.366
-592.494
-562.208
-534.381
-508.427
-485.623
-464.176
-446.122
-426.455
-406.59
-392.638
-375.058
-353.886
-338.618
-323.785
-309.684
-304.519
-298.129
-294.191
-290.877
-281.98
-274.473
-267.693
-263.957
-263.276
-262.883
-256.619
-255.092
-257.332
-262.354
-269.139
-278.32
-288.135
-303.725
-323.085
-342.175
-335.792
-333.277
-334.104
-327.554
-323.424
-322.089
-322.227
-328.015
-333.669
-335.054
-337.034
-345.494
-344.946
-338.561
-336.95
-334.104
-331.299
-331.749
-332.039
-338.829
-340.548
-337.557
-340.291
-336.665
-338.278
-339.089
-339.419
-337.53
-340.177
-345.485
-346.971
-347.532
-350.435
-353.199
-357.184
-357.054
-358.07
-356.714
-354.693
-361.152
-360.477
-356.739
-356.724
-354.989
-355.07
-360.246
-362.401
-362.994
-346.766
-329.42
-318.303
-307.662
-293.01
-277.624
-264.2
-254.488
-246.106
-237.502
-224.855
-215.675
-206.881
-199.285
-195.448
-193.755
-193.776
-200.68
-205.222
-210.925
-221.047
-228.351
-244.133
-257.388
-289.968
-319.79
-334.621
-351.791
-375.91
-390.877
-409.389
-418.875
-438.761
-456.641
-477.041
-499.278
-518.15
-539.048
-565.588
-591.238
-612.856
-624
-642.432
-651.945
-659.278
-667.968
-676.381
-694.967
-709.483
-722.783
-734.804
-736.665
-742.402
-738.538
-721.379
-697.039
-678.717
-633.369
-552.152
-437.211
-435.608
-441.297
-445.499
-448.957
-444.52
-442.551
-441.118
-429.276
-413.94
-397.685
-387.135
-372.679
-378.607
-382.64
-387.529
-385.7
-380.848
-380.575
-382.156
-378.317
-372.839
-362.622
-366.315
-363.638
-356.02
-355.711
-358.381
-359.557
-353.284
-358.708
-358.091
-361.606
-358.483
-352.444
-354.934
-353.368
-351.438
-348.795
-352.154
-349.009
-347.46
-345.831
-338.104
-341.677
-348.717
-349.325
-353.242
-350.968
-348.369
-346.629
-340.571
-341.566
-339.007
-339.305
-341.731
-350.699
-351.331
-352.896
-357.059
-356.696
-362.632
-360.323
-364.654
-362.93
-362.249
-362.747
-369.207
-364.179
-364.436
-368.437
-365.753
-361.795
-364.044
-357.941
-356.575
-355.513
-352.287
-353.696
-352.717
-351.768
-353.642
-358.853
-352.776
-357.114
-362.63
-361.639
-360.028
-354.275
-357.341
-355.766
-350.749
-350.169
-348.512
-351.618
-351.808
-350.077
-342.866
-340.606
-341.796
-344.684
-346.137
-347.674
-353.347
-351.975
-350.133
-348.321
-343.075
-342.943
-347.875
-352.905
-358.106
-357.599
-360.911
-368.1
-368.529
-360.967
-358.935
-358.926
-355.594
-360.712
-355.354
-348.731
-350.11
-347.409
-348.081
-345.603
-343.334
-342.585
-344.042
-337.881
-337.259
-337.131
-433.732
-505.797
-557.774
-613.423
-659.827
-686.623
-711.791
-722.817
-733.967
-755.022
-767.586
-776.347
-791.089
-802.968
-807.017
-815.278
-806.043
-793.369
-778.709
-757.218
-737.115
-713.956
-685.304
