-380.427
-375.301
-372.526
-374.668
-368.658
-375.111
-374.912
-381.618
-377.634
-370.128
-375.951
-376.219
-377.232
-383.343
-383.397
-388.059
-384.443
-387.129
-387.643
-385.972
-384.322
-394.504
-395.146
-391.352
-392.037
-393.328
-388.974
-390.382
-397.791
-397.917
-395.045
-395.814
-395.547
-399.703
-393.329
-393.687
-392.53
-393.479
-394.754
-398.883
-394.632
-403.017
-400.609
-395.465
-393.302
-384.6
-379.652
-384.662
-377.518
-504.3
-589.243
-657.809
-706.47
-751.716
-783.729
-805.154
-816.317
-833.263
-849.068
-852.28
-858.133
-875.513
-877.551
-875.897
-880.746
-875.199
-869.806
-850.541
-832.737
-816.298
-791.488
-759.904
-726.202
-684.071
-645.564
-620.016
-595.19
-569.662
-542.235
-520.586
-498.533
-472.192
-452.046
-440.059
-424.727
-407.625
-394.593
-375.568
-356.75
-335.964
-328.349
-311.483
-304.797
-294.1
-290.995
-277.277
-270.981
-271.447
-272.15
-265.474
-266.754
-267.337
-279.418
-288.433
-298.908
-311.271
-329.514
-346.504
-372.417
-369.948
-374.144
-373.579
-373.433
-373.233
-372.823
-368.719
-368.246
-368.396
-370.794
-375.569
-385.517
-381.04
-381.029
-382.785
-385.625
-385.856
-382.011
-387.341
-393.175
-388.609
-390.741
-393.385
-388.34
-390.305
-390.73
-383.804
-380.698
-384.42
-386.832
-387.999
-392.152
-396.226
-395.957
-393.401
-390.4
-392.435
-386.925
-389.112
-389.001
-392.086
-388.986
-393.171
-390.366
-390.203
-396.593
-403.524
-399.158
-374.585
-358.026
-342.577
-325.565
-314.607
-296.581
-285.342
-277.095
-270.301
-259.32
-253.612
-250.419
-245.419
-236.401
-228.882
-228.748
-224.701
-225.838
-232.975
-239.739
-247.91
-261.064
-278.257
-298.737
-333.295
-353.32
-380.731
-401.035
-420.126
-435.325
-454.388
-469.539
-496.686
-508.832
-537.105
-566.686
-588.934
-605.73
-634.701
-652.294
-666.214
-685.543
-708.352
-722.808
-744.317
-759.374
-772.706
-777.128
-772.764
-786.279
-800.246
-810.374
-814.342
-811.048
-804.553
-781.505
-743.124
-679.623
-588.403
-490.705
-499.508
-497.469
-500.422
-497.727
-502
-504.336
-499.229
-486.263
-467.726
-452.001
-434.53
-405.211
-410.321
-412.231
-411.419
-413.408
-410.308
-416.556
-417.905
-410.465
-415.537
-408.699
-405.869
-397.057
-394.55
-396.935
-398.348
-401.296
-400.289
-401.815
-399.96
-402.058
-398.381
-399.856
-396.185
-399.885
-396.592
-390.808
-394.685
-391.979
-394.448
-389.776
-394.05
-393
-388.904
-388.6
-385.22
-381.813
-383.866
-384.209
-378.255
-378.313
-379.552
-378.493
-378.02
-384.011
-386.009
-388.795
-386.251
-391.959
-390.466
-386.662
-378.812
-375.787
-381.053
-373.908
-374.652
-377.51
-381.77
-386.462
-392.081
-401.466
-399.242
-397.592
-399.89
-400.95
-399.297
-399.427
-399.622
-400.781
-396.776
-397.462
-400.502
-398.987
-398.027
-402.504
-405.075
-399.777
-401.762
-403.244
-398.012
-390.08
-394.584
-398.842
-394.387
-392.802
-394.761
-393.919
-390.489
-388.602
-385.66
-383.622
-379.011
-376.558
-377.27
-379.054
-382.633
-387.174
-382.012
-376.984
-379.615
-380.646
-377.71
-380.291
-386.429
-386.022
-388.848
-382.863
-383.75
-379.27
-385.345
-382.899
-389.154
-392.575
-396.347
-401.432
-396.59
-389.887
-391.281
-389.973
-390.328
-385.765
-508.509
-598.23
-665.101
-711.011
-756.768
-786.183
-806.327
-819.716
-835.923
-847.303
-852.28
-858.133
-875.513
-877.551
-875.897
-880.746
-875.199
-869.806
-850.541
-832.737
-816.298
-791.488
-759.904
-726.202
-684.071
-645.564
-620.016
-595.19
-569.662
-542.235
-520.586
-498.533
-472.192
-452.046
-440.059
-424.727
-407.625
-394.593
-375.568
-356.75
-335.964
-328.349
-311.483
-304.797
-294.1
-290.995
-277.277
-270.981
-271.447
-272.15
-265.474
-266.754
-267.337
-279.418
-288.433
-298.908
-311.271
-329.514
-346.504
-372.417
-369.948
-374.144
-373.579
-373.433
-373.233
-372.823
-368.719
-368.246
-368.396
-370.794
-375.569
-385.517
-381.04
-381.029
-382.785
-385.625
-385.856
-382.011
-387.341
-393.175
-388.609
-390.741
-393.385
-388.34
-390.305
-390.73
-383.804
-380.698
-384.42
-386.832
-387.999
-392.152
-396.226
-395.957
-393.401
-390.4
-392.435
-386.925
-389.112
-389.001
-392.086
-388.986
-393.171
-390.366
-390.203
-396.593
-403.524
-399.158
-374.585
-358.026
-342.577
-325.565
-314.607
-296.581
-285.342
-277.095
-270.301
-259.32
-253.612
-250.419
-245.419
-236.401
-228.882
-228.748
-224.701
-225.838
-232.975
-239.739
-247.91
-261.064
-278.257
-298.737
-333.295
-353.32
-380.731
-401.035
-420.126
-435.325
-454.388
-469.539
-496.686
-508.832
-537.105
-566.686
-588.934
-605.73
-634.701
-652.294
-666.214
-685.543
-708.352
-722.808
-744.317
-759.374
-772.706
-777.128
-772.764
-786.279
-800.246
-810.374
-814.342
-811.048
-804.553
-781.505
-743.124
-679.623
-588.403
-490.705
-499.508
-497.469
-500.422
-497.727
-502
-504.336
-499.229
-486.263
-467.726
-452.001
-434.53
-405.211
-410.321
-412.231
-411.419
-413.408
-410.308
-416.556
-417.905
-410.465
-415.537
-408.699
-405.869
-397.057
-394.55
-396.935
-398.348
-401.296
-400.289
-401.815
-399.96
-402.058
-398.381
-399.856
-396.185
-399.885
-396.592
-390.808
-394.685
-391.979
-394.448
-389.776
-394.05
-393
-388.904
-388.6
-385.22
-381.813
-383.866
-384.209
-378.255
-378.313
-379.552
-378.493
-378.02
-384.011
-386.009
-388.795
-386.251
-391.959
-390.466
-386.662
-378.812
-375.787
-381.053
-373.908
-374.652
-377.51
-381.77
-386.462
-392.081
-401.466
-399.242
-397.592
-399.89
-400.95
-399.297
-399.427
-399.622
-400.781
-396.776
-397.462
-400.502
-398.987
-398.027
-402.504
-405.075
-399.777
-401.762
-403.244
-398.012
-390.08
-394.584
-398.842
-394.387
-392.802
-394.761
-393.919
-390.489
-388.602
-385.66
-383.622
-379.011
-376.558
-377.27
-379.054
-382.633
-387.174
-382.012
-376.984
-379.615
-380.646
-377.71
-380.291
-386.429
-386.022
-388.848
-382.863
-383.75
-379.27
-385.345
-382.899
-389.154
-392.575
-396.347
-401.432
-396.59
-389.887
-391.281
-389.973
-390.328
-385.765
-508.509
-598.23
-665.101
-711.011
-756.768
-786.183
-806.327
-819.716
-835.923
-847.303
-852.28
-858.133
-875.513
-877.551
-875.897
-880.746
-875.199
-869.806
-850.541
-832.737
-816.298
-791.488
-759.904
-726.202
-684.071
-645.564
-620.016
-595.19
-569.662
-542.235
-520.586
-498.533
-472.192
-452.046
-440.059
-424.727
-407.625
-394.593
-375.568
-356.75
-335.964
-328.349
-311.483
-304.797
-294.1
-290.995
-277.277
-270.981
-271.447
-272.15
-265.474
-266.754
-267.337
-279.418
-288.433
-298.908
-311.271
-329.514
-346.504
-372.417
-369.948
-374.144
-373.579
-373.433
-373.233
-372.823
-368.719
-368.246
-368.396
-370.794
-375.569
-385.517
-381.04
-381.029
-382.785
-385.625
-385.856
-382.011
-387.341
-393.175
-388.609
-390.741
-393.385
-388.34
-390.305
-390.73
-383.804
-380.698
-384.42
-386.832
-387.999
-392.152
-396.226
-395.957
-393.401
-390.4
-392.435
-386.925
-389.112
-389.001
-392.086
-388.986
-393.171
-390.366
-390.203
-396.593
-403.524
-399.158
-374.585
-358.026
-342.577
-325.565
-314.607
-296.581
-285.342
-277.095
-270.301
-259.32
-253.612
-250.419
-245.419
-236.401
-228.882
-228.748
-224.701
-225.838
-232.975
-239.739
-247.91
-261.064
-278.257
-298.737
-333.295
-353.32
-380.731
-401.035
-420.126
-435.325
-454.388
-469.539
-496.686
-508.832
-537.105
-566.686
-588.934
-605.73
-634.701
-652.294
-666.214
-685.543
-708.352
-722.808
-744.317
-759.374
-772.706
-777.128
-772.764
-786.279
-800.246
-810.374
-814.342
-811.048
-804.553
-781.505
-743.124
-679.623
-588.403
-490.705
-499.508
-497.469
-500.422
-497.727
-502
-504.336
-499.229
-486.263
-467.726
-452.001
-434.53
-405.211
-410.321
-412.231
-411.419
-413.408
-410.308
-416.556
-417.905
-410.465
-415.537
-408.699
-405.869
-397.057
-394.55
-396.935
-398.348
-401.296
-400.289
-401.815
-399.96
-402.058
-398.381
-399.856
-396.185
-399.885
-396.592
-390.808
-394.685
-391.979
-394.448
-389.776
-394.05
-393
-388.904
-388.6
-385.22
-381.813
-383.866
-384.209
-378.255
-378.313
-379.552
-378.493
-378.02
-384.011
-386.009
-388.795
-386.251
-391.959
-390.466
-386.662
-378.812
-375.787
-381.053
-373.908
-374.652
-377.51
-381.77
-386.462
-392.081
-401.466
-399.242
-397.592
-399.89
-400.95
-399.297
-399.427
-399.622
-400.781
-396.776
-397.462
-400.502
-398.987
-398.027
-402.504
-405.075
-399.777
-401.762
-403.244
-398.012
-390.08
-394.584
-398.842
-394.387
-392.802
-394.761
-393.919
-390.489
-388.602
-385.66
-383.622
-379.011
-376.558
-377.27
-379.054
-382.633
-387.174
-382.012
-376.984
-379.615
-380.646
-377.71
-380.291
-386.429
-386.022
-388.848
-382.863
-383.75
-379.27
-385.345
-382.899
-389.154
-392.575
-396.347
-401.432
-396.59
-389.887
-391.281
-389.973
-390.328
-385.765
-508.509
-598.23
-665.101
-711.011
-756.768
-786.183
-806.327
-819.716
-835.923
-847.303
-852.28
-858.133
-875.513
-877.551
-875.897
-880.746
-875.199
-869.806
-850.541
-832.737
-816.298
-791.488
-759.904
-726.202
-684.071
-645.564
-620.016
-595.19
-569.662
-542.235
-520.586
-498.533
-472.192
-452.046
-440.059
-424.727
-407.625
-394.593
-375.568
-356.75
-335.964
-328.349
-311.483
-304.797
-294.1
-290.995
-277.277
-270.981
-271.447
-272.15
-265.474
-266.754
-267.337
-279.418
-288.433
-298.908
-311.271
-329.514
-346.504
-372.417
-369.948
-374.144
-373.579
-373.433
-373.233
-372.823
-368.719
-368.246
-368.396
-370.794
-375.569
-385.517
-381.04
-381.029
-382.785
-385.625
-385.856
-382.011
-387.341
-393.175
-388.609
-390.741
-393.385
-388.34
-390.305
-390.73
-383.804
-380.698
-384.42
-386.832
-387.999
-392.152
-396.226
-395.957
-393.401
-390.4
-392.435
-386.925
-389.112
-389.001
-392.086
-388.986
-393.171
-390.366
-390.203
-396.593
-403.524
-399.158
-374.585
-358.026
-342.577
-325.565
-314.607
-296.581
-285.342
-277.095
-270.301
-259.32
-253.612
-250.419
-245.419
-236.401
-228.882
-228.748
-224.701
-225.838
-232.975
-239.739
-247.91
-261.064
-278.257
-298.737
-333.295
-353.32
-380.731
-401.035
-420.126
-435.325
-454.388
-469.539
-496.686
-508.832
-537.105
-566.686
-588.934
-605.73
-634.701
-652.294
-666.214
-685.543
-708.352
-722.808
-744.317
-759.374
-772.706
-777.128
-772.764
-786.279
-800.246
-810.374
-814.342
-811.048
-804.553
-781.505
-743.124
-679.623
-588.403
-490.705
-499.508
-497.469
-500.422
-497.727
-502
-504.336
-499.229
-486.263
-467.726
-452.001
-434.53
-405.211
-410.321
-412.231
-411.419
-413.408
-410.308
-416.556
-417.905
-410.465
-415.537
-408.699
-405.869
-397.057
-394.55
-396.935
-398.348
-401.296
-400.289
-401.815
-399.96
-402.058
-398.381
-399.856
-396.185
-399.885
-396.592
-390.808
-394.685
-391.979
-394.448
-389.776
-394.05
-393
-388.904
-388.6
-385.22
-381.813
-383.866
-384.209
-378.255
-378.313
-379.552
-378.493
-378.02
-384.011
-386.009
-388.795
-386.251
-391.959
-390.466
-386.662
-378.812
-375.787
-381.053
-373.908
-374.652
-377.51
-381.77
-386.462
-392.081
-401.466
-399.242
-397.592
-399.89
-400.95
-399.297
-399.427
-399.622
-400.781
-396.776
-397.462
-400.502
-398.987
-398.027
-402.504
-405.075
-399.777
-401.762
-403.244
-398.012
-390.08
-394.584
-398.842
-394.387
-392.802
-394.761
-393.919
-390.489
-388.602
-385.66
-383.622
-379.011
-376.558
-377.27
-379.054
-382.633
-387.174
-382.012
-376.984
-379.615
-380.646
-377.71
-380.291
-386.429
-386.022
-388.848
-382.863
-383.75
-379.27
-385.345
-382.899
-389.154
-392.575
-396.347
-401.432
-396.59
-389.887
-391.281
-389.973
-390.328
-385.765
-508.509
-598.23
-665.101
-711.011
-756.768
-786.183
-806.327
-819.716
-835.923
-847.303
-852.28
-858.133
-875.513
-877.551
-875.897
-880.746
-875.199
-869.806
-850.541
-832.737
-816.298
-791.488
-759.904
-726.202
-684.071
-645.564
-620.016
-595.19
-569.662
-542.235
-520.586
-498.533
-472.192
-452.046
-440.059
-424.727
-407.625
-394.593
-375.568
-356.75
-335.964
-328.349
-311.483
-304.797
-294.1
-290.995
-277.277
-270.981
-271.447
-272.15
-265.474
-266.754
-267.337
-279.418
-288.433
-298.908
-311.271
-329.514
-346.504
-372.417
-369.948
-374.144
-373.579
-373.433
-373.233
-372.823
-368.719
-368.246
-368.396
-370.794
-375.569
-385.517
-381.04
-381.029
-382.785
-385.625
-385.856
-382.011
-387.341
-393.175
-388.609
-390.741
-393.385
-388.34
-390.305
-390.73
-383.804
-380.698
-384.42
-386.832
-387.999
-392.152
-396.226
-395.957
-393.401
-390.4
-392.435
-386.925
-389.112
-389.001
-392.086
-388.986
-393.171
-390.366
-390.203
-396.593
-403.524
-399.158
-374.585
-358.026
-342.577
-325.565
-314.607
-296.581
-285.342
-277.095
-270.301
-259.32
-253.612
-250.419
-245.419
-236.401
-228.882
-228.748
-224.701
-225.838
-232.975
-239.739
-247.91
-261.064
-278.257
-298.737
-333.295
-353.32
-380.731
-401.035
-420.126
-435.325
-454.388
-469.539
-496.686
-508.832
-537.105
-566.686
-588.934
-605.73
-634.701
-652.294
-666.214
-685.543
-708.352
-722.808
-744.317
-759.374
-772.706
-777.128
-772.764
-786.279
-800.246
-810.374
-814.342
-811.048
-804.553
-781.505
-743.124
-679.623
-588.403
-490.705
-499.508
-497.469
-500.422
-497.727
-502
-504.336
-499.229
-486.263
-467.726
-452.001
-434.53
-405.211
-410.321
-412.231
-411.419
-413.408
-410.308
-416.556
-417.905
-410.465
-415.537
-408.699
-405.869
-397.057
-394.55
-396.935
-398.348
-401.296
-400.289
-401.815
-399.96
-402.058
-398.381
-399.856
-396.185
-399.885
-396.592
-390.808
-394.685
-391.979
-394.448
-389.776
-394.05
-393
-388.904
-388.6
-385.22
-381.813
-383.866
-384.209
-378.255
-378.313
-379.552
-378.493
-378.02
-384.011
-386.009
-388.795
-386.251
-391.959
-390.466
-386.662
-378.812
-375.787
-381.053
-373.908
-374.652
-377.51
-381.77
-386.462
-392.081
-401.466
-399.242
-397.592
-399.89
-400.95
-399.297
-399.427
-399.622
-400.781
-396.776
-397.462
-400.502
-398.987
-398.027
-402.504
-405.075
-399.777
-401.762
-403.244
-398.012
-390.08
-394.584
-398.842
-394.387
-392.802
-394.761
-393.919
-390.489
-388.602
-385.66
-383.622
-379.011
-376.558
-377.27
-379.054
-382.633
-387.174
-382.012
-376.984
-379.615
-380.646
-377.71
-380.291
-386.429
-386.022
-388.848
-382.863
-383.75
-379.27
-385.345
-382.899
-389.154
-392.575
-396.347
-401.432
-396.59
-389.887
-391.281
-389.973
-390.328
-385.765
-508.509
-598.23
-665.101
-711.011
-756.768
-786.183
-806.327
-819.716
-835.923
-847.303
-852.28
-858.133
-875.513
-877.551
-875.897
-880.746
-875.199
-869.806
-850.541
-832.737
-816.298
-791.488
-759.904
-726.202
-684.071
-645.564
-620.016
-595.19
-569.662
-542.235
-520.586
-498.533
-472.192
-452.046
-440.059
-424.727
-407.625
-394.593
-375.568
-356.75
-335.964
-328.349
-311.483
-304.797
-294.1
-290.995
-277.277
-270.981
-271.447
-272.15
-265.474
-266.754
-267.337
-279.418
-288.433
-298.908
-311.271
-329.514
-346.504
-372.417
-369.948
-374.144
-373.579
-373.433
-373.233
-372.823
-368.719
-368.246
-368.396
-370.794
-375.569
-385.517
-381.04
-381.029
-382.785
-385.625
-385.856
-382.011
-387.341
-393.175
-388.609
-390.741
-393.385
-388.34
-390.305
-390.73
-383.804
-380.698
-384.42
-386.832
-387.999
-392.152
-396.226
-395.957
-393.401
-390.4
-392.435
-386.925
-389.112
-389.001
-392.086
-388.986
-393.171
-390.366
-390.203
-396.593
-403.524
-399.158
-374.585
-358.026
-342.577
-325.565
-314.607
-296.581
-285.342
-277.095
-270.301
-259.32
-253.612
-250.419
-245.419
-236.401
-228.882
-228.748
-224.701
-225.838
-232.975
-239.739
-247.91
-261.064
-278.257
-298.737
-333.295
-353.32
-380.731
-401.035
-420.126
-435.325
-454.388
-469.539
-496.686
-508.832
-537.105
-566.686
-588.934
-605.73
-634.701
-652.294
-666.214
-685.543
-708.352
-722.808
-744.317
-759.374
-772.706
-777.128
-772.764
-786.279
-800.246
-810.374
-814.342
-811.048
-804.553
-781.505
-743.124
-679.623
-588.403
-490.705
-499.508
-497.469
-500.422
-497.727
-502
-504.336
-499.229
-486.263
-467.726
-452.001
-434.53
-405.211
-410.321
-412.231
-411.419
-413.408
-410.308
-416.556
-417.905
-410.465
-415.537
-408.699
-405.869
-397.057
-394.55
-396.935
-398.348
-401.296
-400.289
-401.815
-399.96
-402.058
-398.381
-399.856
-396.185
-399.885
-396.592
-390.808
-394.685
-391.979
-394.448
-389.776
-394.05
-393
-388.904
-388.6
-385.22
-381.813
-383.866
-384.209
-378.255
-378.313
-379.552
-378.493
-378.02
-384.011
-386.009
-388.795
-386.251
-391.959
-390.466
-386.662
-378.812
-375.787
-381.053
-373.908
-374.652
-377.51
-381.77
-386.462
-392.081
-401.466
-399.242
-397.592
-399.89
-400.95
-399.297
-399.427
-399.622
-400.781
-396.776
-397.462
-400.502
-398.987
-398.027
-402.504
-405.075
-399.777
-401.762
-403.244
-398.012
-390.08
-394.584
-398.842
-394.387
-392.802
-394.761
-393.919
-390.489
-388.602
-385.66
-383.622
-379.011
-376.558
-377.27
-379.054
-382.633
-387.174
-382.012
-376.984
-379.615
-380.646
-377.71
-380.291
-386.429
-386.022
-388.848
-382.863
-383.75
-379.27
-385.345
-382.899
-389.154
-392.575
-396.347
-401.432
-396.59
-389.887
-391.281
-389.973
-390.328
-385.765
-508.509
-598.23
-665.101
-711.011
-756.768
-786.183
-806.327
-819.716
-835.923
-847.303
-852.28
-858.133
-875.513
-877.551
-875.897
-880.746
-875.199
-869.806
-850.541
-832.737
-816.298
-791.488
-759.904
-726.202
-684.071
-645.564
-620.016
-595.19
-569.662
-542.235
-520.586
-498.533
-472.192
-452.046
-440.059
-424.727
-407.625
-394.593
-375.568
-356.75
-335.964
-328.349
-311.483
-304.797
-294.1
-290.995
-277.277
-270.981
-271.447
-272.15
-265.474
-266.754
-267.337
-279.418
-288.433
-298.908
-311.271
-329.514
-346.504
-372.417
-369.948
-374.144
-373.579
-373.433
-373.233
-372.823
-368.719
-368.246
-368.396
-370.794
-375.569
-385.517
-381.04
-381.029
-382.785
-385.625
-385.856
-382.011
-387.341
-393.175
-388.609
-390.741
-393.385
-388.34
-390.305
-390.73
-383.804
-380.698
-384.42
-386.832
-387.999
-392.152
-396.226
-395.957
-393.401
-390.4
-392.435
-386.925
-389.112
-389.001
-392.086
-388.986
-393.171
-390.366
-390.203
-396.593
-403.524
-399.158
-374.585
-358.026
-342.577
-325.565
-314.607
-296.581
-285.342
-277.095
-270.301
-259.32
-253.612
-250.419
-245.419
-236.401
-228.882
-228.748
-224.701
-225.838
-232.975
-239.739
-247.91
-261.064
-278.257
-298.737
-333.295
-353.32
-380.731
-401.035
-420.126
-435.325
-454.388
-469.539
-496.686
-508.832
-537.105
-566.686
-588.934
-605.73
-634.701
-652.294
-666.214
-685.543
-708.352
-722.808
-744.317
-759.374
-772.706
-777.128
-772.764
-786.279
-800.246
-810.374
-814.342
-811.048
-804.553
-781.505
-743.124
-679.623
-588.403
-490.705
-499.508
-497.469
-500.422
-497.727
-502
-504.336
-499.229
-486.263
-467.726
-452.001
-434.53
-405.211
-410.321
-412.231
-411.419
-413.408
-410.308
-416.556
-417.905
-410.465
-415.537
-408.699
-405.869
-397.057
-394.55
-396.935
-398.348
-401.296
-400.289
-401.815
-399.96
-402.058
-398.381
-399.856
-396.185
-399.885
-396.592
-390.808
-394.685
-391.979
-394.448
-389.776
-394.05
-393
-388.904
-388.6
-385.22
-381.813
-383.866
-384.209
-378.255
-378.313
-379.552
-378.493
-378.02
-384.011
-386.009
-388.795
-386.251
-391.959
-390.466
-386.662
-378.812
-375.787
-381.053
-373.908
-374.652
-377.51
-381.77
-386.462
-392.081
-401.466
-399.242
-397.592
-399.89
-400.95
-399.297
-399.427
-399.622
-400.781
-396.776
-397.462
-400.502
-398.987
-398.027
-402.504
-405.075
-399.777
-401.762
-403.244
-398.012
-390.08
-394.584
-398.842
-394.387
-392.802
-394.761
-393.919
-390.489
-388.602
-385.66
-383.622
-379.011
-376.558
-377.27
-379.054
-382.633
-387.174
-382.012
-376.984
-379.615
-380.646
-377.71
-380.291
-386.429
-386.022
-388.848
-382.863
-383.75
-379.27
-385.345
-382.899
-389.154
-392.575
-396.347
-401.432
-396.59
-389.887
-391.281
-389.973
-390.328
-385.765
-508.509
-598.23
-665.101
-711.011
-756.768
-786.183
-806.327
-819.716
-835.923
-847.303
-852.28
-858.133
-875.513
-877.551
-875.897
-880.746
-875.199
-869.806
-850.541
-832.737
-816.298
-791.488
-759.904
-726.202
-684.071
-645.564
-620.016
-595.19
-569.662
-542.235
-520.586
-498.533
-472.192
-452.046
-440.059
-424.727
-407.625
-394.593
-375.568
-356.75
-335.964
-328.349
-311.483
-304.797
-294.1
-290.995
-277.277
-270.981
-271.447
-272.15
-265.474
-266.754
-267.337
-279.418
-288.433
-298.908
-311.271
-329.514
-346.504
-372.417
-369.948
-374.144
-373.579
-373.433
-373.233
-372.823
-368.719
-368.246
-368.396
-370.794
-375.569
-385.517
-381.04
-381.029
-382.785
-385.625
-385.856
-382.011
-387.341
-393.175
-388.609
-390.741
-393.385
-388.34
-390.305
-390.73
-383.804
-380.698
-384.42
-386.832
-387.999
-392.152
-396.226
-395.957
-393.401
-390.4
-392.435
-386.925
-389.112
-389.001
-392.086
-388.986
-393.171
-390.366
-390.203
-396.593
-403.524
-399.158
-374.585
-358.026
-342.577
-325.565
-314.607
-296.581
-285.342
-277.095
-270.301
-259.32
-253.612
-250.419
-245.419
-236.401
-228.882
-228.748
-224.701
-225.838
-232.975
-239.739
-247.91
-261.064
-278.257
-298.737
-333.295
-353.32
-380.731
-401.035
-420.126
-435.325
-454.388
-469.539
-496.686
-508.832
-537.105
-566.686
-588.934
-605.73
-634.701
-652.294
-666.214
-685.543
-708.352
-722.808
-744.317
-759.374
-772.706
-777.128
-772.764
-786.279
-800.246
-810.374
-814.342
-811.048
-804.553
-781.505
-743.124
-679.623
-588.403
-490.705
-499.508
-497.469
-500.422
-497.727
-502
-504.336
-499.229
-486.263
-467.726
-452.001
-434.53
-405.211
-410.321
-412.231
-411.419
-413.408
-410.308
-416.556
-417.905
-410.465
-415.537
-408.699
-405.869
-397.057
-394.55
-396.935
-398.348
-401.296
-400.289
-401.815
-399.96
-402.058
-398.381
-399.856
-396.185
-399.885
-396.592
-390.808
-394.685
-391.979
-394.448
-389.776
-394.05
-393
-388.904
-388.6
-385.22
-381.813
-383.866
-384.209
-378.255
-378.313
-379.552
-378.493
-378.02
-384.011
-386.009
-388.795
-386.251
-391.959
-390.466
-386.662
-378.812
-375.787
-381.053
-373.908
-374.652
-377.51
-381.77
-386.462
-392.081
-401.466
-399.242
-397.592
-399.89
-400.95
-399.297
-399.427
-399.622
-400.781
-396.776
-397.462
-400.502
-398.987
-398.027
-402.504
-405.075
-399.777
-401.762
-403.244
-398.012
-390.08
-394.584
-398.842
-394.387
-392.802
-394.761
-393.919
-390.489
-388.602
-385.66
-383.622
-379.011
-376.558
-377.27
-379.054
-382.633
-387.174
-382.012
-376.984
-379.615
-380.646
-377.71
-380.291
-386.429
-386.022
-388.848
-382.863
-383.75
-379.27
-385.345
-382.899
-389.154
-392.575
-396.347
-401.432
-396.59
-389.887
-391.281
-389.973
-390.328
-385.765
-508.509
-598.23
-665.101
-711.011
-756.768
-786.183
-806.327
-819.716
-835.923
-847.303
-852.28
-858.133
-875.513
-877.551
-875.897
-880.746
-875.199
-869.806
-850.541
-832.737
-816.298
-791.488
-759.904
-726.202
-684.071
-645.564
-620.016
-595.19
-569.662
-542.235
-520.586
-498.533
-472.192
-452.046
-440.059
-424.727
-407.625
-394.593
-375.568
-356.75
-335.964
-328.349
-311.483
-304.797
-294.1
-290.995
-277.277
-270.981
-271.447
-272.15
-265.474
-266.754
-267.337
-279.418
-288.433
-298.908
-311.271
-329.514
-346.504
-372.417
-369.948
-374.144
-373.579
-373.433
-373.233
-372.823
-368.719
-368.246
-368.396
-370.794
-375.569
-385.517
-381.04
-381.029
-382.785
-385.625
-385.856
-382.011
-387.341
-393.175
-388.609
-390.741
-393.385
-388.34
-390.305
-390.73
-383.804
-380.698
-384.42
-386.832
-387.999
-392.152
-396.226
-395.957
-393.401
-390.4
-392.435
-386.925
-389.112
-389.001
-392.086
-388.986
-393.171
-390.366
-390.203
-396.593
-403.524
-399.158
-374.585
-358.026
-342.577
-325.565
-314.607
-296.581
-285.342
-277.095
-270.301
-259.32
-253.612
-250.419
-245.419
-236.401
-228.882
-228.748
-224.701
-225.838
-232.975
-239.739
-247.91
-261.064
-278.257
-298.737
-333.295
-353.32
-380.731
-401.035
-420.126
-435.325
-454.388
-469.539
-496.686
-508.832
-537.105
-566.686
-588.934
-605.73
-634.701
-652.294
-666.214
-685.543
-708.352
-722.808
-744.317
-759.374
-772.706
-777.128
-772.764
-786.279
-800.246
-810.374
-814.342
-811.048
-804.553
-781.505
-743.124
-679.623
-588.403
-490.705
-499.508
-497.469
-500.422
-497.727
-502
-504.336
-499.229
-486.263
-467.726
-452.001
-434.53
-405.211
-410.321
-412.231
-411.419
-413.408
-410.308
-416.556
-417.905
-410.465
-415.537
-408.699
-405.869
-397.057
-394.55
-396.935
-398.348
-401.296
-400.289
-401.815
-399.96
-402.058
-398.381
-399.856
-396.185
-399.885
-396.592
-390.808
-394.685
-391.979
-394.448
-389.776
-394.05
-393
-388.904
-388.6
-385.22
-381.813
-383.866
-384.209
-378.255
-378.313
-379.552
-378.493
-378.02
-384.011
-386.009
-388.795
-386.251
-391.959
-390.466
-386.662
-378.812
-375.787
-381.053
-373.908
-374.652
-377.51
-381.77
-386.462
-392.081
-401.466
-399.242
-397.592
-399.89
-400.95
-399.297
-399.427
-399.622
-400.781
-396.776
-397.462
-400.502
-398.987
-398.027
-402.504
-405.075
-399.777
-401.762
-403.244
-398.012
-390.08
-394.584
-398.842
-394.387
-392.802
-394.761
-393.919
-390.489
-388.602
-385.66
-383.622
-379.011
-376.558
-377.27
-379.054
-382.633
-387.174
-382.012
-376.984
-379.615
-380.646
-377.71
-380.291
-386.429
-386.022
-388.848
-382.863
-383.75
-379.27
-385.345
-382.899
-389.154
-392.575
-396.347
-401.432
-396.59
-389.887
-391.281
-389.973
-390.328
-385.765
-508.509
-598.23
-665.101
-711.011
-756.768
-786.183
-806.327
-819.716
-835.923
-847.303
-852.28
-858.133
-875.513
-877.551
-875.897
-880.746
-875.199
-869.806
-850.541
-832.737
-816.298
-791.488
-759.904
-726.202
-684.071
-645.564
-620.016
-595.19
-569.662
-542.235
-520.586
-498.533
-472.192
-452.046
-440.059
-424.727
-407.625
-394.593
-375.568
-356.75
-335.964
-328.349
-311.483
-304.797
-294.1
-290.995
-277.277
-270.981
-271.447
-272.15
-265.474
-266.754
-267.337
-279.418
-288.433
-298.908
-311.271
-329.514
-346.504
-372.417
-369.948
-374.144
-373.579
-373.433
-373.233
-372.823
-368.719
-368.246
-368.396
-370.794
-375.569
-385.517
-381.04
-381.029
-382.785
-385.625
-385.856
-382.011
-387.341
-393.175
-388.609
-390.741
-393.385
-388.34
-390.305
-390.73
-383.804
-380.698
-384.42
-386.832
-387.999
-392.152
-396.226
-395.957
-393.401
-390.4
-392.435
-386.925
-389.112
-389.001
-392.086
-388.986
-393.171
-390.366
-390.203
-396.593
-403.524
-399.158
-374.585
-358.026
-342.577
-325.565
-314.607
-296.581
-285.342
-277.095
-270.301
-259.32
-253.612
-250.419
-245.419
-236.401
-228.882
-228.748
-224.701
-225.838
-232.975
-239.739
-247.91
-261.064
-278.257
-298.737
-333.295
-353.32
-380.731
-401.035
-420.126
-435.325
-454.388
-469.539
-496.686
-508.832
-537.105
-566.686
-588.934
-605.73
-634.701
-652.294
-666.214
-685.543
-708.352
-722.808
-744.317
-759.374
-772.706
-777.128
-772.764
-786.279
-800.246
-810.374
-814.342
-811.048
-804.553
-781.505
-743.124
-679.623
-588.403
-490.705
-499.508
-497.469
-500.422
-497.727
-502
-504.336
-499.229
-486.263
-467.726
-452.001
-434.53
-405.211
-410.321
-412.231
-411.419
-413.408
-410.308
-416.556
-417.905
-410.465
-415.537
-408.699
-405.869
-397.057
-394.55
-396.935
-398.348
-401.296
-400.289
-401.815
-399.96
-402.058
-398.381
-399.856
-396.185
-399.885
-396.592
-390.808
-394.685
-391.979
-394.448
-389.776
-394.05
-393
-388.904
-388.6
-385.22
-381.813
-383.866
-384.209
-378.255
-378.313
-379.552
-378.493
-378.02
-384.011
-386.009
-388.795
-386.251
-391.959
-390.466
-386.662
-378.812
-375.787
-381.053
-373.908
-374.652
-377.51
-381.77
-386.462
-392.081
-401.466
-399.242
-397.592
-399.89
-400.95
-399.297
-399.427
-399.622
-400.781
-396.776
-397.462
-400.502
-398.987
-398.027
-402.504
-405.075
-399.777
-401.762
-403.244
-398.012
-390.08
-394.584
-398.842
-394.387
-392.802
-394.761
-393.919
-390.489
-388.602
-385.66
-383.622
-379.011
-376.558
-377.27
-379.054
-382.633
-387.174
-382.012
-376.984
-379.615
-380.646
-377.71
-380.291
-386.429
-386.022
-388.848
-382.863
-383.75
-379.27
-385.345
-382.899
-389.154
-392.575
-396.347
-401.432
-396.59
-389.887
-391.281
-389.973
-390.328
-385.765
-508.509
-598.23
-665.101
-711.011
-756.768
-786.183
-806.327
-819.716
-835.923
-847.303
-852.28
-858.133
-875.513
-877.551
-875.897
-880.746
-875.199
-869.806
-850.541
-832.737
-816.298
-791.488
-759.904
-726.202
-684.071
-645.564
-620.016
-595.19
-569.662
-542.235
-520.586
-498.533
-472.192
-452.046
-440.059
-424.727
-407.625
-394.593
-375.568
-356.75
-335.964
-328.349
-311.483
-304.797
-294.1
-290.995
-277.277
-270.981
-271.447
-272.15
-265.474
-266.754
-267.337
-279.418
-288.433
-298.908
-311.271
-329.514
-346.504
-372.417
-369.948
-374.144
-373.579
-373.433
-373.233
-372.823
-368.719
-368.246
-368.396
-370.794
-375.569
-385.517
-381.04
-381.029
-382.785
-385.625
-385.856
-382.011
-387.341
-393.175
-388.609
-390.741
-393.385
-388.34
-390.305
-390.73
-383.804
-380.698
-384.42
-386.832
-387.999
-392.152
-396.226
-395.957
-393.401
-390.4
-392.435
-386.925
-389.112
-389.001
-392.086
-388.986
-393.171
-390.366
-390.203
-396.593
-403.524
-399.158
-374.585
-358.026
-342.577
-325.565
-314.607
-296.581
-285.342
-277.095
-270.301
-259.32
-253.612
-250.419
-245.419
-236.401
-228.882
-228.748
-224.701
-225.838
-232.975
-239.739
-247.91
-261.064
-278.257
-298.737
-333.295
-353.32
-380.731
-401.035
-420.126
-435.325
-454.388
-469.539
-496.686
-508.832
-537.105
-566.686
-588.934
-605.73
-634.701
-652.294
-666.214
-685.543
-708.352
-722.808
-744.317
-759.374
-772.706
-777.128
-772.764
-786.279
-800.246
-810.374
-814.342
-811.048
-804.553
-781.505
-743.124
-679.623
-588.403
-490.705
-499.508
-497.469
-500.422
-497.727
-502
-504.336
-499.229
-486.263
-467.726
-452.001
-434.53
-405.211
-410.321
-412.231
-411.419
-413.408
-410.308
-416.556
-417.905
-410.465
-415.537
-408.699
-405.869
-397.057
-394.55
-396.935
-398.348
-401.296
-400.289
-401.815
-399.96
-402.058
-398.381
-399.856
-396.185
-399.885
-396.592
-390.808
-394.685
-391.979
-394.448
-389.776
-394.05
-393
-388.904
-388.6
-385.22
-381.813
-383.866
-384.209
-378.255
-378.313
-379.552
-378.493
-378.02
-384.011
-386.009
-388.795
-386.251
-391.959
-390.466
-386.662
-378.812
-375.787
-381.053
-373.908
-374.652
-377.51
-381.77
-386.462
-392.081
-401.466
-399.242
-397.592
-399.89
-400.95
-399.297
-399.427
-399.622
-400.781
-396.776
-397.462
-400.502
-398.987
-398.027
-402.504
-405.075
-399.777
-401.762
-403.244
-398.012
-390.08
-394.584
-398.842
-394.387
-392.802
-394.761
-393.919
-390.489
-388.602
-385.66
-383.622
-379.011
-376.558
-377.27
-379.054
-382.633
-387.174
-382.012
-376.984
-379.615
-380.646
-377.71
-380.291
-386.429
-386.022
-388.848
-382.863
-383.75
-379.27
-385.345
-382.899
-389.154
-392.575
-396.347
-401.432
-396.59
-389.887
-391.281
-389.973
-390.328
-385.765
-508.509
-598.23
-665.101
-711.011
-756.768
-786.183
-806.327
-819.716
-835.923
-847.303
-852.28
-858.133
-875.513
-877.551
-875.897
-880.746
-875.199
-869.806
-850.541
-832.737
-816.298
-791.488
-759.904
-726.202
-684.071
-645.564
-620.016
-595.19
-569.662
-542.235
-520.586
-498.533
-472.192
-452.046
-440.059
-424.727
-407.625
-394.593
-375.568
-356.75
-335.964
-328.349
-311.483
-304.797
-294.1
-290.995
-277.277
-270.981
-271.447
-272.15
-265.474
-266.754
-267.337
-279.418
-288.433
-298.908
-311.271
-329.514
-346.504
-372.417
-369.948
-374.144
-373.579
-373.433
-373.233
-372.823
-368.719
-368.246
-368.396
-370.794
-375.569
-385.517
-381.04
-381.029
-382.785
-385.625
-385.856
-382.011
-387.341
-393.175
-388.609
-390.741
-393.385
-388.34
-390.305
-390.73
-383.804
-380.698
-384.42
-386.832
-387.999
-392.152
-396.226
-395.957
-393.401
-390.4
-392.435
-386.925
-389.112
-389.001
-392.086
-388.986
-393.171
-390.366
-390.203
-396.593
-403.524
-399.158
-374.585
-358.026
-342.577
-325.565
-314.607
-296.581
-285.342
-277.095
-270.301
-259.32
-253.612
-250.419
-245.419
-236.401
-228.882
-228.748
-224.701
-225.838
-232.975
-239.739
-247.91
-261.064
-278.257
-298.737
-333.295
-353.32
-380.731
-401.035
-420.126
-435.325
-454.388
-469.539
-496.686
-508.832
-537.105
-566.686
-588.934
-605.73
-634.701
-652.294
-666.214
-685.543
-708.352
-722.808
-744.317
-759.374
-772.706
-777.128
-772.764
-786.279
-800.246
-810.374
-814.342
-811.048
-804.553
-781.505
-743.124
-679.623
-588.403
-490.705
-499.508
-497.469
-500.422
-497.727
-502
-504.336
-499.229
-486.263
-467.726
-452.001
-434.53
-405.211
-410.321
-412.231
-411.419
-413.408
-410.308
-416.556
-417.905
-410.465
-415.537
-408.699
-405.869
-397.057
-394.55
-396.935
-398.348
-401.296
-400.289
-401.815
-399.96
-402.058
-398.381
-399.856
-396.185
-399.885
-396.592
-390.808
-394.685
-391.979
-394.448
-389.776
-394.05
-393
-388.904
-388.6
-385.22
-381.813
-383.866
-384.209
-378.255
-378.313
-379.552
-378.493
-378.02
-384.011
-386.009
-388.795
-386.251
-391.959
-390.466
-386.662
-378.812
-375.787
-381.053
-373.908
-374.652
-377.51
-381.77
-386.462
-392.081
-401.466
-399.242
-397.592
-399.89
-400.95
-399.297
-399.427
-399.622
-400.781
-396.776
-397.462
-400.502
-398.987
-398.027
-402.504
-405.075
-399.777
-401.762
-403.244
-398.012
-390.08
-394.584
-398.842
-394.387
-392.802
-394.761
-393.919
-390.489
-388.602
-385.66
-383.622
-379.011
-376.558
-377.27
-379.054
-382.633
-387.174
-382.012
-376.984
-379.615
-380.646
-377.71
-380.291
-386.429
-386.022
-388.848
-382.863
-383.75
-379.27
-385.345
-382.899
-389.154
-392.575
-396.347
-401.432
-396.59
-389.887
-391.281
-389.973
-390.328
-385.765
-508.509
-598.23
-665.101
-711.011
-756.768
-786.183
-806.327
-819.716
-835.923
-847.303
-852.28
-858.133
-875.513
-877.551
-875.897
-880.746
-875.199
-869.806
-850.541
-832.737
-816.298
-791.488
-759.904
