2.1828
2.00356
2.21317
1.99457
2.01817
2.10184
2.17837
2.05002
2.17687
2.00596
2.03863
2.104
2.14117
2.03287
2.22207
1.98318
2.01093
2.15787
2.15012
2.04997
2.21291
1.96316
2.0448
2.07361
2.19513
2.05816
2.15034
2.0401
2.04044
2.09498
2.14515
2.04848
2.17623
2.00188
1.99577
2.09605
2.18185
2.06885
2.12503
2.0041
2.02546
2.08922
2.14237
2.04805
2.15079
2.03354
1.9581
2.16722
2.10605
2.02193
2.17069
2.01326
2.02437
2.09811
2.18348
2.04987
2.16399
1.9839
2.01781
2.06793
2.1245
1.9976
2.16761
1.97055
2.00762
2.11193
2.12053
2.03151
2.15742
1.96029
2.02712
2.02143
2.17653
1.99071
2.1559
2.02339
1.9379
2.11028
2.126
2.01867
2.16806
1.94309
1.99049
2.12018
2.09863
2.06746
2.16899
2.00778
1.94636
2.04669
2.24813
1.91662
2.1877
1.99427
1.97864
2.12884
2.11156
2.03513
2.23843
1.87885
2.00411
2.07155
2.16356
1.95234
2.18563
1.99309
2.01576
2.09109
2.24945
2.0346
2.27299
1.97286
2.02123
2.14998
2.13534
2.07476
2.22173
2.02278
2.0372
2.14066
2.37542
1.92585
2.23536
1.9637
2.06125
2.12838
2.25759
2.03592
2.26585
1.91595
1.99756
2.09192
2.15388
1.94832
2.20953
1.96772
2.03373
2.1054
2.28793
1.99142
2.23049
1.96103
1.99087
2.17463
2.14104
2.0641
2.18678
2.00268
1.99611
2.13542
2.14232
2.02621
2.19899
1.96188
2.03937
2.11182
2.15768
2.06138
2.19506
2.01187
2.0327
2.11321
2.18224
2.05139
2.20157
2.00276
2.0834
2.10657
2.17826
2.04301
2.23297
1.94414
2.044
2.13122
2.16191
2.02689
2.17795
2.01829
2.03513
2.09548
2.1871
2.01537
2.17791
1.98789
2.01153
2.13453
2.13433
2.04899
2.19023
1.96668
2.02019
2.14274
2.12494
2.03547
2.16069
2.00441
2.00362
2.11527
2.14592
2.01718
2.14807
1.95056
2.02032
2.14269
2.08283
2.01889
2.14499
1.95933
2.00539
2.09211
2.15429
2.01631
2.12363
2.00485
1.98763
2.04728
2.12766
2.01246
2.14697
1.94731
2.04683
2.10006
2.14229
2.0303
2.16397
2.00232
1.9695
2.07781
2.14673
2.01958
2.17
1.99287
2.01696
2.07258
2.17681
2.00367
2.20552
1.95088
2.02796
2.0903
2.20265
2.02288
2.21839
2.02545
2.00906
2.13257
2.17757
2.08331
2.20293
2.00282
2.05543
2.15087
2.19321
2.04689
2.23108
2.02451
2.05269
2.11978
2.19876
2.05699
2.18273
1.98215
1.99406
2.10484
2.14653
2.03245
2.19159
1.98135
1.99815
2.10123
2.21384
1.95838
2.20239
1.97945
1.99769
2.10529
2.15507
2.02632
2.20612
1.95693
1.99718
2.11613
2.16901
1.9647
2.22357
1.93964
2.0188
2.08538
2.17607
2.01888
2.19698
1.95221
2.00688
2.11041
2.14131
2.05812
2.17678
1.97734
2.03067
2.07633
2.16719
1.99654
2.19746
1.98803
1.96867
2.10309
2.15606
2.0087
2.17674
1.96966
1.97962
2.08465
2.13791
1.99994
2.18116
1.98993
2.01255
2.07714
2.14014
2.00252
2.19333
1.9818
2.00275
2.10608
2.13609
2.04126
2.1836
1.98323
2.03446
2.07967
2.15726
1.99857
2.20862
1.97057
1.98592
2.10799
2.16326
1.9617
2.18259
1.99107
2.02881
2.076
2.13101
2.01921
2.18063
1.97459
2.05028
2.08325
2.20948
2.01931
2.21906
2.03581
2.00025
2.13986
2.1725
2.04886
2.19207
1.98663
2.00293
2.17388
2.12517
2.03595
2.21602
2.00693
1.98469
2.11194
2.17109
2.00206
2.11689
2.02103
1.95177
2.09956
2.12625
2.02772
2.15681
1.96417
1.98858
2.05865
2.09314
2.11481
2.07496
2.01673
1.91161
2.13098
2.17351
1.94041
2.17695
2.00477
1.9137
2.07874
2.11572
1.98268
2.12595
1.98579
1.94654
2.06916
2.1466
2.03284
2.12973
2.06235
1.98505
2.05125
2.20214
2.01877
2.24207
2.0006
2.04624
2.09165
2.19435
2.21726
2.10065
2.13022
1.9629
2.16752
2.25725
2.0022
2.2783
2.0823
1.95948
2.05827
2.18765
2.02873
2.11763
2.02447
1.97038
2.07684
2.17716
2.09631
2.16602
2.0656
1.97189
2.08195
2.2384
1.99698
2.23299
2.01368
1.98195
2.1075
2.14234
2.02386
2.18021
2.01648
1.96277
2.14094
2.20915
1.9977
2.23096
2.03252
2.00355
2.1071
2.18405
2.02124
2.21445
2.01139
2.03508
2.11161
2.17733
2.02974
2.2131
2.0362
1.96034
2.16088
2.17164
2.01154
2.23509
2.02568
1.98118
2.16531
2.13675
2.02744
2.20785
2.00489
2.00451
2.11463
2.16704
2.03188
2.17635
2.04707
1.93772
2.13115
2.12532
1.98246
2.21596
2.00246
1.97052
2.11264
2.1596
2.00007
2.16643
2.00805
1.92039
2.11955
2.12905
2.00394
2.23034
1.9627
1.99365
2.13255
2.0901
2.04284
2.17813
2.02062
2.00407
2.09084
2.2202
1.98518
2.25477
1.98367
2.0201
2.10877
2.15446
2.02104
2.24084
1.94797
2.0482
2.05218
2.17437
2.02403
2.17749
2.00734
2.00203
2.0712
2.2218
1.95974
2.23997
1.96364
2.03582
2.11958
2.11407
2.09053
2.13492
2.04965
2.00333
2.07357
2.24845
1.96169
2.25525
1.94073
2.04779
2.09848
2.15422
2.00933
2.19906
1.97199
2.05261
2.05949
2.19816
2.01563
2.19382
2.00526
2.01603
2.06988
2.22846
1.9329
2.22978
1.97462
1.99191
2.09261
2.1667
2.02864
2.14699
2.00619
2.00907
2.07851
2.18812
1.99282
2.20483
2.01789
1.96738
2.12498
2.1494
1.99576
2.17205
2.01765
1.98064
2.09043
2.17336
2.01951
2.14743
2.01182
1.93741
2.10909
2.1311
1.99743
2.16478
2.01788
1.9698
2.09988
2.1336
2.03613
2.12195
2.03971
1.9916
2.12308
2.16281
2.02021
2.22418
2.01238
1.93208
2.12
2.1873
2.03796
2.14132
2.09045
1.9939
2.11351
2.15362
2.06631
2.14781
1.985
2.03876
2.12195
2.1764
2.00421
2.23546
2.00459
2.00839
2.07321
2.1871
2.02035
2.18043
2.01164
2.01919
2.12737
2.1541
2.02164
2.23129
1.93521
2.00111
2.07536
2.19287
2.00463
2.12383
2.04494
1.98731
2.08017
2.1417
1.99082
2.17542
1.96953
2.03095
2.13417
2.13315
2.04792
2.158
1.99744
1.94952
2.07686
2.13787
1.99309
2.16406
1.98941
1.96411
2.13028
2.12938
1.97749
2.18325
1.98611
1.97644
2.0905
2.11747
1.97845
2.153
1.95481
1.9647
2.07315
2.21412
1.98539
2.23209
1.98871
2.05536
2.07424
2.15879
2.01919
2.14979
2.00675
2.01169
2.14934
2.1749
2.05814
2.30603
1.99392
2.0635
2.11675
2.21883
2.02682
2.26817
2.08542
2.02971
2.14648
2.16373
2.07891
2.26822
1.95423
2.01172
2.08171
2.18661
2.08837
2.23447
2.07773
2.04221
2.05237
2.12474
1.97843
2.18976
1.95136
1.99716
2.13214
2.07008
2.10059
2.22332
1.98084
2.02964
2.09037
2.14201
2.08445
2.16283
2.05211
2.02427
2.09628
2.14542
2.04411
2.14785
2.0181
2.00449
2.12278
2.16228
2.05362
2.13822
2.01396
2.00342
2.08948
2.1921
2.00252
2.17021
1.99126
1.9848
2.13484
2.10782
2.04302
2.10544
2.02493
1.98048
2.08939
2.15207
2.03089
2.14269
2.00578
1.99893
2.11088
2.15738
2.05011
2.10166
2.06424
1.94652
2.16606
2.15
2.03639
2.17909
2.00086
2.03911
2.08826
2.19917
2.02034
2.18439
2.02816
2.01108
2.15741
2.1868
2.00486
2.18807
2.06863
2.00903
2.12194
2.1766
2.04439
2.2068
1.98381
2.06444
2.09302
2.16366
2.02109
2.17806
2.00823
1.98309
2.12801
2.16213
1.97502
2.20576
1.95899
2.00102
2.05324
2.12729
1.95975
2.11214
1.96398
1.99442
2.01685
2.16624
1.99518
2.15897
1.95315
1.9871
2.02857
2.12623
1.97695
2.14388
1.96369
1.99909
2.08686
2.17085
2.03102
2.15755
2.02492
1.98048
2.09782
2.20622
1.98297
2.22379
2.04788
2.00074
2.17219
2.24567
2.06677
2.20542
2.07658
2.04257
2.15225
2.20994
2.12736
2.20758
2.01859
2.0628
2.07109
2.17041
1.98047
2.17774
2.01897
2.00882
2.15395
2.2019
2.01083
2.22815
2.08566
1.9753
2.12891
2.18469
2.01845
2.19318
2.04194
1.96895
2.07853
2.13541
2.00891
2.15593
2.01858
1.94802
2.11576
2.11217
2.01934
2.10747
2.02908
1.96914
2.08284
2.11665
1.99276
2.14052
1.99464
1.95899
2.04165
2.11439
1.97497
2.16254
2.01039
1.92041
2.09007
2.13284
1.97026
2.09579
2.02213
1.91657
2.03946
2.11496
1.98561
2.12329
2.02527
1.96386
2.07973
2.16484
1.98419
2.19183
2.00688
2.00947
2.11944
2.12534
2.04249
2.21382
2.0254
2.08423
2.06886
2.23827
2.01243
2.26891
2.05093
2.03312
2.15256
2.22622
2.00896
2.23662
2.01693
2.00234
2.10707
2.0975
1.99539
2.1902
2.03278
2.07296
2.15112
2.22704
2.06361
2.25548
2.00653
2.07429
2.17558
2.16313
2.06745
2.24118
2.01037
2.0501
2.11834
2.16891
1.99564
2.21616
1.95574
2.03309
2.11136
2.17948
1.98859
2.19718
1.96774
2.02193
2.12735
2.086
2.07036
2.15819
2.00686
1.99768
2.09654
2.14545
1.97126
2.11227
2.05347
1.91429
2.06839
2.10113
2.0207
2.17805
1.97233
1.95786
2.13681
2.04498
2.00884
2.13378
1.96179
2.00883
2.04642
2.20723
1.95259
2.2238
2.02208
2.00187
2.15441
2.18232
2.0061
2.18622
2.06008
2.01459
2.13637
2.18389
2.06893
2.18781
2.19803
1.93776
2.19236
2.13285
2.0753
2.2262
2.08944
1.99332
2.22792
2.07064
2.03948
2.12496
2.02342
1.95956
2.09193
2.15077
1.99216
2.24147
2.0576
1.98912
2.12551
2.17603
1.95472
2.24301
2.00192
2.05958
2.07518
2.1594
2.00597
2.15439
1.97664
2.01079
2.07711
2.15277
1.98556
2.20569
1.98576
1.93267
2.14855
2.10223
2.0198
2.15606
2.00591
2.00595
2.09694
2.15145
2.03668
2.13751
1.98056
1.99727
2.08703
2.16209
2.02151
2.2108
2.00894
2.06454
2.06668
2.19593
2.04276
2.20723
1.9952
2.07235
2.08484
2.24402
2.0277
2.21926
2.06257
2.02037
2.1686
2.18459
2.03249
2.19539
2.05503
2.05346
2.09953
2.23781
2.0396
2.16525
2.02432
1.99927
2.11609
2.1787
1.97959
2.20482
1.98351
2.02204
2.09662
2.16672
1.97543
2.17619
1.94463
2.06347
2.01753
2.20466
1.98435
2.18042
1.9746
2.03947
2.01407
2.2126
1.97211
2.16124
2.03691
1.98156
2.1141
2.1643
2.00902
2.18808
2.03338
1.99371
2.1249
2.1518
2.03146
2.1582
2.06268
1.97321
2.09432
2.18315
1.98722
2.1968
2.01365
1.99485
2.13009
2.13906
2.00187
2.1906
1.9784
2.04857
2.02844
2.21492
2.01179
2.18336
2.03504
1.9619
2.13189
2.14694
1.99047
2.23907
1.99889
2.0225
2.12275
2.16274
2.02266
2.15313
2.02601
1.96347
2.08129
2.17299
2.00108
2.20289
2.00836
1.97007
2.12058
2.15849
1.97734
2.24841
1.91558
2.0506
2.05315
2.18376
1.983
2.16969
1.99545
1.96001
2.07203
2.13685
1.94335
2.16897
1.91622
1.98139
2.0671
2.07731
1.94939
2.09077
1.93224
1.8738
1.98288
2.04066
1.91734
2.05241
1.89617
1.90308
2.03023
2.06238
1.91584
2.16417
1.86454
2.01894
2.02763
2.14981
1.97495
2.16765
1.97026
2.00503
2.09428
2.21125
2.04044
2.2533
2.06
2.11307
2.23374
2.20853
2.08215
2.23828
2.07538
2.07445
2.15584
2.22489
2.12778
2.17433
2.06129
2.11172
2.18628
2.246
2.02827
2.28631
2.045
2.08719
2.20909
2.23462
2.05596
2.19983
1.98487
2.05085
2.10522
2.20507
2.05025
2.18442
2.05373
2.03945
2.15859
2.23541
2.05016
2.16895
2.04024
1.99207
2.11493
2.13557
2.11132
2.0674
2.03
1.96856
2.09053
2.17778
1.949
2.18912
1.98629
1.98138
2.06385
2.21652
1.96806
2.17157
2.01653
1.9058
1.98698
2.2917
1.85168
2.15555
1.98625
1.99369
2.05231
2.19836
2.00706
2.26434
1.89713
1.99348
2.09362
2.17119
1.98223
2.17757
2.09545
1.91007
2.16449
2.27141
1.96693
2.30228
2.01868
1.95926
2.12507
2.19234
2.07306
2.23788
2.011
1.97482
2.16051
2.35157
1.88732
2.25475
2.0001
2.01136
2.11882
2.21188
2.07078
2.31477
1.8859
1.99885
2.1156
2.14928
1.92148
2.2533
1.96907
1.95497
2.13822
2.28531
1.95318
2.24429
1.95063
2.03118
2.15231
2.11387
2.08462
2.21424
1.95855
2.00573
2.11196
2.14163
2.00388
2.19511
2.01027
2.01531
2.13509
2.16521
2.02545
2.19241
1.97385
2.04295
2.11228
2.16517
2.04457
2.19242
2.03759
2.02503
2.11466
2.18389
2.03733
2.1753
2.00938
2.0427
2.10891
2.15758
2.02805
2.19172
1.97428
2.01782
2.10592
2.14056
2.02891
2.17119
2.03599
1.99133
2.10972
2.19318
2.01638
2.17656
2.01004
2.04594
2.0781
2.18677
2.04245
2.19482
1.9908
2.03519
2.11614
2.17634
1.99106
2.20003
2.01558
2.00011
2.09112
2.19996
1.99293
2.20418
1.95769
2.0542
2.08969
2.11748
2.05191
2.17774
1.97394
2.00507
2.12144
2.19751
1.97421
2.17341
2.01521
1.98152
2.10345
2.1478
2.02416
2.15538
1.94076
1.98318
2.0743
2.05654
1.95737
2.09267
1.91493
1.92692
2.05726
2.1106
1.9275
2.09347
1.93084
1.90974
2.02107
2.08266
1.94701
2.0793
1.95259
1.93374
2.13468
2.12684
1.98051
2.21524
1.989
2.01057
2.17522
2.16867
2.06076
2.20804
2.07817
2.05658
2.19484
2.2057
2.10308
2.22835
2.09148
2.12398
2.1916
2.19716
2.05405
2.20406
2.02865
2.01351
2.10627
2.15179
1.97076
2.12379
2.03534
1.93605
2.13961
2.15579
2.03301
2.19579
2.05275
2.07352
2.17885
2.16995
2.05488
2.15908
2.0732
1.96854
2.15367
2.14527
2.00368
2.15507
2.01224
1.95242
2.08664
2.13119
1.99151
2.16652
1.93351
2.01056
2.05031
2.10558
1.98521
2.18176
1.97207
1.99244
2.10055
2.15043
2.01452
2.16794
2.00073
2.01616
2.08957
2.15829
2.05188
2.18726
2.03781
2.0433
2.09354
2.19754
2.02454
2.17919
2.05118
2.00623
2.13925
2.15127
2.05933
2.22634
1.96267
2.07987
2.08167
2.15627
2.01362
2.20411
1.99379
2.01528
2.10015
2.15464
2.01656
2.13196
2.01111
1.97872
2.1201
2.09478
2.05302
2.14997
1.96013
2.0146
2.09474
2.1533
2.01148
2.11605
2.04736
1.98946
2.09773
2.11194
2.03044
2.14054
1.94534
2.0453
2.07734
2.18341
2.00733
2.19404
2.02754
1.96862
2.06345
2.23133
1.99616
2.16496
2.04033
2.02525
2.11583
2.17592
2.02894
2.15464
1.98763
2.01806
2.11882
2.15767
1.95264
2.12906
2.1464
1.87872
2.05064
2.18839
1.97913
2.16527
1.988
1.97952
2.15022
2.0902
1.9447
2.18508
1.93496
1.99157
2.08702
2.22127
1.97568
2.16153
2.07144
2.03172
2.12214
2.22494
1.99881
2.19753
2.02701
2.06332
2.17044
2.18695
1.97821
2.20838
2.18895
1.92358
2.13881
2.19149
2.03997
2.19048
2.04172
2.04811
2.20696
2.10815
1.97672
2.22117
1.95212
2.01655
2.12278
2.17883
1.97387
2.1903
2.11443
2.03058
2.08429
2.20368
1.97644
2.25386
1.97516
2.04434
2.12855
2.16526
1.9797
2.1714
2.00819
2.02192
2.07834
2.1482
2.02356
2.12737
2.01506
2.00574
2.07432
2.16212
2.00333
2.17231
2.04433
1.94886
2.1204
2.19103
2.00521
2.11215
2.06575
1.99802
2.09974
2.17553
2.01657
2.18989
2.04808
1.96164
2.15192
2.19498
2.03552
2.15659
2.07113
2.02751
2.11075
2.23129
2.00498
2.23949
1.99755
2.05806
2.09599
2.23269
1.98561
2.22351
2.02386
2.01771
2.09211
2.23284
1.99517
2.17743
1.98459
2.03913
2.08521
2.16681
1.99135
2.18469
1.97731
2.02909
2.0586
2.15216
2.0051
2.10799
2.05699
1.96783
2.08587
2.18981
1.9811
2.18546
1.982
1.99425
2.10581
2.15544
2.01053
2.16387
2.01404
2.01452
2.06705
2.19703
2.00249
2.13046
1.99492
2.03175
2.08274
2.14482
1.98494
2.17964
2.00018
2.02458
2.04689
2.22198
1.99502
2.1383
2.0754
1.97601
2.0962
2.18211
1.99659
2.18722
2.01556
2.07921
2.11044
2.19475
2.03569
2.14455
2.06098
2.0308
2.05256
2.25365
1.99557
2.19345
2.03818
2.03225
2.07661
2.18883
1.98021
2.17449
2.03628
2.02929
2.10239
2.20825
2.03026
2.10801
2.05458
1.988
2.0641
2.18325
2.00931
2.1278
2.02085
2.00655
2.10235
2.11722
2.00722
2.07325
2.09692
1.92362
2.04405
2.1878
1.98766
2.10179
2.03106
1.99257
2.13289
2.14251
1.97476
2.17783
1.97557
2.00284
2.08836
2.20052
2.02259
2.11078
2.06888
2.00383
2.06553
2.23617
1.98483
2.13731
2.01773
1.97969
2.19822
2.08572
2.01539
2.19066
2.08428
1.94785
2.07815
2.20379
2.01896
2.11834
2.07236
2.03533
2.12578
2.16381
1.99457
2.18504
1.98034
1.99537
2.1604
2.14697
1.96463
2.21671
2.04527
2.0588
2.02746
2.22179
1.9791
2.20283
1.96242
2.09252
2.15385
2.11093
2.02868
2.18097
1.98469
2.02113
2.11972
2.21968
2.00224
2.17054
2.01144
2.03013
2.03416
2.18871
2.04513
2.14787
1.98712
2.05908
2.12328
2.16096
1.9597
2.18999
1.96107
2.03259
2.05459
2.19848
1.99919
2.15815
1.9644
2.02349
2.02943
2.18609
2.00661
2.16471
1.97816
1.98519
2.0428
2.24317
1.86313
2.18579
1.92241
2.0256
2.08135
2.11346
2.06342
2.17818
1.91549
1.99952
2.04662
2.15408
1.95678
2.18303
2.03259
1.96467
2.09643
2.2465
2.05015
2.21533
2.00646
2.04554
2.13342
2.17319
2.12079
2.22452
2.02466
2.04773
2.12447
2.38244
1.91119
2.27211
1.9768
2.04942
2.1571
2.17079
2.1101
2.25508
1.93407
2.01157
2.10926
2.13589
1.92974
2.17937
1.96128
1.9733
2.09748
2.24926
1.98534
2.18728
1.95201
2.04672
2.15258
2.09767
2.05857
2.15492
2.04516
1.95738
2.10007
2.13298
2.02736
2.12318
2.03769
1.9535
2.15583
2.09389
2.01629
2.11838
2.00481
1.97501
2.11748
2.13502
2.03941
2.14263
2.071
2.0014
2.16201
2.13532
2.02814
2.15963
2.03364
2.02357
2.10664
2.22595
1.96461
2.20983
2.1086
1.96614
2.11221
2.1273
2.07746
2.14816
2.04187
2.05135
2.15603
2.11848
1.98299
2.14882
2.00338
1.96977
2.12374
2.16131
2.01541
2.15463
2.09791
2.01753
2.13151
2.10662
2.03684
2.21183
1.97001
2.07239
2.11451
2.19417
1.971
2.18063
2.01264
2.02024
2.0698
2.18851
2.04702
2.1647
2.00862
2.0622
2.12277
2.16231
2.02131
2.19826
2.03264
1.99352
2.1194
2.14858
2.04312
2.16755
2.03056
2.02416
2.06158
2.15723
2.03107
2.1982
1.9732
2.00448
2.12155
2.10653
2.01005
2.17436
2.01353
2.00885
2.02618
2.18386
2.0077
2.13629
1.97344
2.03935
2.02954
2.18354
1.97564
2.19109
1.9797
2.02437
2.06314
2.18207
2.01092
2.15174
1.98956
2.10249
2.0313
2.20609
2.04928
2.17601
2.02475
2.03988
2.14307
2.17639
2.03486
2.1484
2.08582
1.99049
2.1068
2.25339
2.02501
2.16503
2.00874
2.06685
2.10069
2.17103
2.03094
2.1787
1.98151
2.03969
2.07855
2.17206
1.9754
2.13908
1.97243
2.04054
2.04009
2.19209
1.96946
2.20985
1.89234
2.04615
2.07119
2.17249
1.98791
2.16442
2.01612
1.9787
2.05372
2.22812
1.93929
2.1755
1.99348
1.99853
2.106
2.11481
2.03333
2.18268
1.90839
2.01259
2.07306
2.17219
1.97979
2.1791
2.00927
1.96897
2.10416
2.15993
2.01389
2.1996
1.94424
2.0292
2.11929
2.12996
2.05153
2.19285
2.0083
2.02736
2.05775
2.22945
2.00473
2.15277
2.05833
2.00769
2.11773
2.19881
2.05287
2.18626
2.02168
1.98567
2.11746
2.21363
1.96626
2.24055
2.01169
2.02222
2.11559
2.20848
2.02463
2.1521
2.03354
2.01082
2.10117
2.17252
2.03202
2.18413
1.99428
2.02007
2.0793
2.22627
1.96283
2.17126
1.96713
2.00667
2.04997
2.17193
2.00024
2.15209
1.99619
2.01485
2.06789
2.22993
1.96497
2.19372
1.98098
1.959
2.05294
2.26859
1.92018
2.17304
1.96586
2.01686
2.07552
2.1461
2.03279
2.20451
1.8914
2.01102
2.04139
2.17354
1.91406
2.23329
1.97438
1.9929
2.11324
2.19908
2.01214
2.23459
1.92678
2.05611
2.05281
2.20472
2.06369
2.19475
2.02314
2.02721
2.11635
2.35548
1.89389
2.23834
1.96266
2.03489
2.14881
2.19059
2.11514
2.23578
1.93262
2.01464
2.09289
2.1792
1.94475
2.20799
1.97828
1.98877
2.15648
2.28288
2.02339
2.19266
2.01526
2.02165
2.15152
2.18133
2.09999
2.18603
2.02605
2.03876
2.10786
2.19507
2.01206
2.16439
1.98511
2.01222
2.09868
2.15889
1.99168
2.1253
2.02227
1.99519
2.11786
2.15459
2.00551
2.17005
1.98306
2.01054
2.07341
2.17825
2.01395
2.11885
2.02026
2.03583
2.08553
2.21826
1.99328
2.19109
2.00941
2.00706
2.13169
2.18001
2.01733
2.19291
1.99008
2.04148
2.10903
2.22149
2.00947
2.16824
2.03262
2.03561
2.1174
2.22429
1.99233
2.22506
1.98078
2.00345
2.15716
2.13098
2.05931
2.13384
2.02175
2.03419
2.10224
2.19592
2.04917
2.14115
2.02731
2.00749
2.11844
2.18159
1.98868
2.17474
1.99941
2.01284
2.0978
2.15942
2.04984
2.08505
2.03038
2.01835
2.0637
2.21417
1.96673
2.20189
1.99388
2.03686
2.11341
2.18977
1.99531
2.1852
2.00665
2.05023
2.07434
2.20718
2.01458
2.13444
2.0122
2.02248
2.08362
2.17879
1.96754
2.19203
1.97402
2.04232
2.0669
2.17768
1.99052
2.13144
2.00459
2.00315
2.05087
2.17737
1.98129
2.17637
1.95625
2.03045
2.04784
2.20028
1.95278
2.17084
2.00104
2.0366
2.05006
2.19427
2.01126
2.1476
1.98253
1.9873
2.09648
2.13018
2.01822
2.20166
2.00687
2.03645
2.11749
2.17419
2.07243
2.1643
2.01254
2.06354
2.08317
2.20004
2.05108
2.22129
1.98703
2.08753
2.0658
2.20754
2.04228
2.15326
2.01691
2.06195
2.09058
2.16146
2.01919
2.12298
1.93827
1.97681
1.95445
2.11978
1.95256
2.07444
1.93127
1.94709
2.01446
2.08993
1.92978
2.02951
1.90129
1.87994
1.98505
2.0566
1.89358
2.04451
1.86641
1.89625
1.95207
2.06943
1.92607
1.99989
1.93694
1.90951
2.06575
2.06262
1.97486
2.10536
1.98234
2.01505
2.00523
2.24074
2.02043
2.14269
2.08054
2.06603
2.15136
2.31439
1.97244
2.2848
2.0557
2.08609
2.17418
2.25414
2.08381
2.26488
2.07958
2.15438
2.14649
2.29276
2.09785
2.23411
2.14455
2.06615
2.20669
2.27188
2.0576
2.25796
2.06537
2.07837
2.08837
2.24326
2.0538
2.19598
2.02645
2.04302
2.10162
2.22034
1.95647
2.2315
2.0093
2.0488
2.11879
2.24132
2.04456
2.24256
2.00699
2.0653
2.12354
2.18608
2.02934
2.19713
2.03726
1.97611
2.09093
2.27772
1.89411
2.18026
1.96922
2.02615
2.09437
2.13121
2.00004
2.24679
1.85874
2.04491
2.1078
2.17078
1.93472
2.1832
1.98817
2.01158
2.05704
2.30634
1.9371
2.26787
1.96965
2.02552
2.13912
2.18424
2.00103
2.22126
1.97834
2.03344
2.1385
2.37474
1.92199
2.2272
2.00804
1.99305
2.14835
2.18179
2.061
2.25634
1.95394
1.96446
2.15563
2.13366
2.00683
2.14306
2.02502
1.96884
2.1264
2.26474
2.02475
2.16099
2.05121
2.00214
2.1684
2.17101
2.0653
2.22743
2.00868
2.01208
2.12491
2.17108
2.03069
2.14457
2.04628
2.02405
2.07648
2.21064
2.01108
2.16358
2.01739
1.98974
2.11391
2.18572
2.0127
2.14132
2.01928
1.98454
2.11619
2.08236
2.0852
2.10983
2.03435
2.05256
2.05254
2.22121
1.99251
2.21589
1.97448
2.00493
2.11712
2.15565
2.04589
2.16672
2.00077
2.07195
2.05003
2.1939
2.02165
2.17839
2.02755
2.03531
2.07313
2.24447
1.9775
2.21587
2.03551
1.99036
2.14669
2.13695
2.07473
2.1619
1.99826
2.03969
2.08603
2.17258
2.01437
2.20242
2.01402
2.02361
2.10232
2.1507
2.01497
2.19637
1.95404
2.03401
2.0551
2.20332
1.98618
2.1874
1.97657
2.00732
2.05688
2.20229
1.94726
2.17985
1.97178
2.06095
2.04942
2.17924
2.02174
2.14747
1.9918
2.01668
2.04501
2.20184
1.99021
2.13341
2.03522
1.98069
2.08524
2.16074
1.98532
2.17419
1.98927
2.01703
2.11356
2.15467
2.03131
2.15549
2.0608
1.99619
2.10476
2.19159
2.01556
2.1787
2.00596
2.10102
2.0619
2.16182
2.08785
2.15751
2.0055
2.05256
2.09694
2.18743
2.01945
2.12832
2.0806
1.9762
2.08347
2.19999
2.02428
2.18469
1.97928
2.0415
2.07778
2.12972
2.06129
2.12451
2.0089
2.0117
2.08907
2.18067
1.95817
2.15506
2.00932
1.97254
2.07215
2.15567
1.97466
2.20058
1.90047
2.05281
2.06509
2.13316
2.04013
2.15955
2.01231
1.97157
2.11693
2.16135
2.02075
2.18194
2.03372
2.03845
2.11455
2.1494
2.06875
2.1389
1.97982
2.03634
2.11064
2.14631
2.05788
2.14701
2.07352
1.96822
2.09173
2.18939
1.97618
2.22449
1.97214
2.06071
2.05094
2.19222
2.02549
2.15478
2.00073
2.0499
2.10083
2.18847
1.99887
2.19844
2.05137
1.98193
2.12324
2.195
1.99408
2.18854
1.98111
2.04691
2.10307
2.16233
2.04588
2.09845
2.00318
2.06129
2.01671
2.22777
1.97042
2.17838
2.00842
1.97949
2.12805
2.16596
1.99706
2.16614
1.98488
2.05591
2.03608
2.22646
2.00139
2.13706
2.05454
1.96931
2.0899
2.23469
1.96481
2.18039
1.97224
1.98283
2.10384
2.10769
2.03621
2.1032
1.97264
2.03466
1.90845
2.29984
1.86372
2.13747
2.02055
1.952
2.12502
2.1386
1.95506
2.25553
1.85573
2.04465
2.00972
2.187
1.99582
2.1434
2.08663
2.00052
2.06083
2.30017
1.96151
2.24999
2.07571
1.99158
2.12517
2.22883
2.05218
2.23995
1.99744
2.07715
2.11505
2.35701
1.99025
2.19709
2.06666
2.0031
2.15415
2.23613
2.0455
2.27421
1.95924
2.00771
2.05617
2.19489
1.96658
2.17036
2.0381
1.94689
2.13525
2.29283
1.94981
2.1987
2.01195
1.96902
2.1176
2.2417
1.95373
2.25768
1.97896
2.03038
2.08519
2.1349
2.03926
2.17029
1.94335
2.01302
2.13137
2.14836
1.93909
2.22171
1.97221
1.99837
2.0858
2.18814
1.99604
2.14429
2.00571
1.99767
2.13411
2.1486
2.03334
2.19428
1.99363
2.02874
2.14005
2.2145
1.97382
2.22823
2.02779
1.98333
2.1398
2.16896
2.06935
2.20121
1.96412
2.04325
2.13796
2.16
1.99463
2.23664
1.98561
1.99317
2.13277
2.18048
2.02001
2.16353
2.0259
1.99424
2.11883
2.11325
2.09738
2.14999
1.98285
2.03013
2.08826
2.16456
1.9936
2.16296
2.03795
1.9678
2.08134
2.21442
1.99241
2.17894
1.96142
2.04762
2.05001
2.20851
1.96441
2.19648
1.99606
2.02322
2.04726
2.22844
1.9719
2.2041
1.98865
2.04942
2.06492
2.19491
2.00485
2.1757
1.99894
2.02496
2.09084
2.18874
1.98377
2.15962
2.04209
1.96635
2.07533
2.19762
1.96761
2.16016
2.00346
2.03769
2.0673
2.18022
1.94999
2.18614
1.99237
2.01028
2.08024
2.20247
1.98001
2.17442
2.01782
2.01807
2.10128
2.21241
1.96951
2.22853
1.99914
2.03056
2.11297
2.19422
1.98412
2.20754
2.0287
2.00528
2.13063
2.15988
2.03304
2.19026
2.00626
2.00981
2.13115
2.16814
2.0179
2.2066
1.9927
2.03009
2.10244
2.18206
2.00534
2.18852
2.01722
1.98887
2.14297
2.16042
2.00761
2.2231
1.95461
2.0331
2.08845
2.14089
2.02329
2.16597
2.01704
1.9972
2.07476
2.15147
1.9992
2.17935
1.97961
2.02328
2.12692
2.16593
2.04031
2.18154
2.00188
2.01704
2.05436
2.191
2.00113
2.17194
2.01788
2.00928
2.08721
2.16804
2.01485
2.20059
1.94623
2.07083
2.03339
2.18326
2.01332
2.16474
2.03091
2.01185
2.05287
2.22937
1.96684
2.22433
1.94109
2.04477
2.05002
2.17995
2.00802
2.21098
1.99034
2.05907
2.00594
2.23849
1.96468
2.17538
1.99634
1.99255
2.07858
2.16045
2.02832
2.21445
1.90536
2.05843
2.02812
2.16002
2.01361
2.13367
2.04078
1.97128
2.09349
2.19409
1.99695
2.20632
1.96371
1.98589
2.10019
2.16967
2.04025
2.18492
1.98913
2.07792
1.98844
2.19278
2.06423
2.09275
2.01518
1.96067
2.11871
2.18119
1.97385
2.23769
1.96727
2.00388
2.09486
2.17332
2.01268
2.09515
2.07437
2.02195
2.0327
2.21345
2.06549
2.17475
2.04088
2.00695
2.0756
2.20175
2.02152
2.18728
2.01731
2.03808
2.07645
2.20094
2.184
2.05954
2.07933
1.95986
2.05783
2.22724
1.9916
2.2408
2.07794
1.93939
2.04173
2.19181
2.00551
2.06847
2.04721
1.97082
2.02177
2.25272
2.06087
2.16593
2.03852
2.00469
2.09274
2.23789
1.97244
2.29158
2.01656
2.02435
2.09365
2.20042
2.01656
2.18761
2.00992
2.06166
2.06905
2.26298
1.97793
2.23892
1.96575
2.06526
2.07464
2.22128
2.04089
2.18349
2.03345
2.05687
2.07068
2.27733
1.97642
2.1606
2.02058
2.00702
2.12221
2.17461
2.02483
2.19982
1.99446
1.96241
2.10823
2.18007
1.94383
2.17884
1.98715
2.00014
2.086
2.21738
1.98684
2.16984
1.94783
2.01967
2.04553
2.16375
2.01729
2.17499
2.00209
2.00101
2.083
2.18337
1.98703
2.1342
2.02465
1.98672
2.11672
2.17878
2.04974
2.20688
2.01046
2.04733
2.09626
2.21829
1.99217
2.21377
2.02678
2.02944
2.1383
2.19745
2.02974
2.16694
2.04022
2.04601
2.08843
2.19296
2.01692
2.1892
1.98905
2.05398
2.08936
2.17736
2.01225
2.17994
2.02091
1.96353
2.12828
2.12365
2.03853
2.12964
1.98202
2.05288
2.04167
2.1733
1.98699
2.14703
1.95152
2.03119
2.07761
2.12927
1.99176
2.16674
2.01621
2.00466
2.07189
2.17236
1.99565
2.1435
1.97856
2.07618
2.02186
2.21645
2.0071
2.16596
2.0225
2.01107
2.14403
2.12626
2.03739
2.13157
2.01394
2.04735
2.08428
2.20063
2.01271
2.1793
1.99922
2.09414
2.05909
2.16809
2.02852
2.15552
2.03041
2.02993
2.09778
2.17492
2.00991
2.12733
2.02084
2.03495
2.03474
2.22986
1.99023
2.16946
1.99984
2.05641
2.11687
2.0925
2.05219
2.13264
1.99741
2.0209
2.07271
2.19629
1.97919
2.13842
2.02402
2.01935
2.07721
2.15392
2.03399
2.13314
1.99712
2.05307
2.10087
2.14408
2.0498
2.14531
2.02425
2.06478
2.04832
2.25701
1.97307
2.17757
1.99964
2.04622
2.10041
2.17323
2.0199
2.15283
1.98991
2.02995
2.08943
2.20682
1.92686
2.18705
2.02544
2.00674
2.09467
2.20501
1.9984
2.1519
1.99601
2.05007
2.14098
2.12587
2.07818
2.16688
2.02827
2.06441
2.08432
2.22544
1.98121
2.17923
1.99224
2.0165
2.11356
2.16736
2.02734
2.10376
2.03847
2.00115
2.11587
2.15904
1.99059
2.15967
2.01748
1.97068
2.10253
2.19491
1.98514
2.16519
2.02558
2.00222
2.12336
2.13357
2.03517
2.13781
2.00695
2.02379
2.04978
2.14689
2.06369
2.09197
1.95984
2.01398
2.0789
2.18024
1.95012
2.14403
2.03171
1.90795
2.0657
2.13681
1.93064
2.1089
1.99011
2.02062
2.02144
2.17925
2.06169
2.13702
2.05037
2.01911
2.06518
2.1842
2.00003
2.16655
2.0558
1.98001
2.06569
2.21805
2.16583
2.05303
2.07629
2.03961
2.07587
2.21335
2.05437
2.23917
2.1184
1.95747
2.09738
2.23
1.97812
2.18029
2.08716
2.01532
2.06039
2.25935
2.12245
2.17932
2.00914
2.08171
2.04534
2.28381
1.97094
2.26316
2.03915
1.98847
2.06095
2.1723
1.97252
2.15886
1.99932
2.03317
2.0121
2.18936
1.98221
2.15966
1.98115
1.98736
2.04357
2.19863
1.96126
2.20373
2.03572
1.97273
2.11222
2.18576
1.9949
2.19707
1.99719
2.03176
2.08291
2.21016
1.99548
2.20085
2.03496
2.00548
2.08797
2.17955
2.00472
2.18985
2.02643
1.99678
2.11826
2.21192
2.01462
2.21351
2.05476
1.99127
2.1443
2.24341
2.04149
2.20725
2.03656
2.05778
2.07694
2.26015
1.95008
2.21334
2.00944
2.00402
2.11246
2.20732
1.9437
2.20148
1.96633
2.00673
2.05512
2.19738
1.9646
2.16168
1.99687
1.9957
2.05895
2.22316
1.91221
2.17753
1.99444
1.96231
2.10512
2.1393
2.01185
2.13912
2.01481
2.01731
2.03981
2.23107
1.93586
2.17178
1.99226
2.00398
2.07697
2.18526
1.9892
2.19298
2.00048
1.99118
2.10277
2.20975
1.96081
2.18766
1.99554
2.02592
2.08458
2.22577
1.98399
2.20966
2.00633
2.04655
2.11033
2.17092
2.03958
2.1841
2.01826
2.02276
2.11675
2.20517
2.00062
2.20844
1.95021
2.04001
2.05999
2.20658
2.03405
2.17571
2.03334
2.00513
2.10139
2.18171
1.96654
2.21349
1.93393
2.04313
2.09945
2.14284
2.01592
2.14473
2.00965
1.98391
2.05741
2.17468
2.04243
2.12639
2.0105
1.98782
2.09591
2.16203
2.01608
2.18707
1.9945
2.03736
2.15251
2.14732
2.08021
2.13014
2.02623
2.018
2.10445
2.13954
2.07509
2.14082
1.98035
2.07001
2.05808
2.21321
2.00412
2.13755
2.06283
1.98098
2.07508
2.22549
2.0174
2.12315
1.99136
2.03583
2.06902
2.19125
1.9776
2.18835
1.96763
2.06104
2.11695
2.20037
2.00199
2.17209
1.98811
2.04663
2.10424
2.13437
2.03183
2.14764
1.97049
2.10553
2.05088
2.26053
1.97728
2.15779
2.01134
2.00621
2.11925
2.16406
2.03779
2.14236
2.02668
2.03749
2.13667
2.20139
2.01869
2.16762
1.98912
2.05564
2.10845
2.25406
1.97157
2.18433
2.04798
1.96515
2.13492
2.1611
2.00068
2.18634
1.9512
2.04304
2.08542
2.19205
1.93071
2.21736
1.92949
2.00107
2.12214
2.14199
1.98487
2.17391
1.98643
1.98341
2.12604
2.12359
2.02907
2.14933
1.91385
1.98698
2.17206
2.06207
1.95969
2.16632
2.0458
1.97536
2.08252
2.18026
2.04731
2.09153
1.95696
2.05434
2.08448
2.12906
2.02889
2.22304
1.94247
2.02429
2.14738
2.18994
2.0857
2.19036
2.00243
2.04608
2.10041
2.22977
2.03937
2.20266
1.99396
2.04661
2.31468
2.04937
2.09835
2.15296
2.03869
2.03517
2.10523
2.24801
2.08976
2.10076
1.94331
2.06215
2.03035
2.13901
2.03243
2.17241
1.96677
2.06302
2.1775
2.17239
2.05066
2.18852
1.97697
2.14867
2.05818
2.29265
2.03174
2.20005
2.02918
2.02441
2.13037
2.17919
2.06288
2.19245
2.06503
2.02683
2.13759
2.19024
2.03463
2.18771
2.05709
2.00293
2.1346
2.23245
1.99509
2.21299
2.04115
1.99221
2.14187
2.14522
2.02647
2.15476
2.00875
2.00713
2.09344
2.16055
1.9939
2.18038
1.99958
1.93991
2.11428
2.14029
1.95289
2.19817
1.99068
1.98911
2.11869
2.14453
1.99513
2.1407
2.00496
1.97371
2.06434
2.18213
1.98748
2.18299
2.01227
1.98757
2.11606
2.13016
2.00336
2.17404
2.00655
2.02982
2.05063
2.20393
2.00509
2.1844
2.03429
1.98412
2.131
2.1574
2.02116
2.17474
2.04672
1.98251
2.13495
