106.74
106.572
105.094
105.409
107.078
107.059
103.946
105.774
106.739
105.771
105.815
105.279
107.435
105.985
105.282
107.76
108.312
104.29
106.844
107.604
106.165
106.183
106.518
107.191
106.023
106.377
107.336
108.575
106.906
105.645
108.842
106.721
105.201
106.284
108.326
105.61
106.063
106.879
107.281
106.738
105.746
106.68
106.921
105.329
105.754
107.286
106.236
103.902
107.865
106.458
105.99
105.921
106.976
105.666
105.025
106.718
105.884
107.226
105.067
106.74
107.009
105.714
105.296
105.639
105.497
104.73
105.498
106.045
105.78
105.873
106.193
105.87
106.404
106.048
105.253
105.948
106.139
106.262
107.796
105.178
106.324
105.172
107.46
106.578
105.796
108.324
106.048
105.662
107.191
106.619
106.756
106.529
106.713
106.651
107.428
107.724
106.947
108.02
106.692
106.713
107.945
107.258
107.65
108.88
106.931
109.104
108.467
106.864
107.688
105.973
108.238
107.197
107.703
107.603
105.22
108.467
105.743
104.5
107.44
106.088
105.877
107.454
107.034
107.202
108.082
107.986
106.583
106.955
106.101
107.537
106.847
106.17
106.086
108.365
104.308
105.708
107.78
105.069
107.029
106.482
106.09
106.15
105.739
104.48
105.273
107.464
105.322
105.463
106.253
105.663
105.504
105.599
104.468
105.587
105.083
103.906
105.178
104.886
103.468
104.825
102.066
103.234
103.311
104.544
103.707
102.785
104.961
103.227
103.437
103.714
103.768
103.778
104.665
103.303
103.605
103.989
104.017
103.018
104.104
103.618
105.509
104.656
105.356
104.635
106.397
105.033
105.753
106.594
105.488
105.073
106.222
106.305
105.445
105.956
106.482
105.909
107.31
105.708
107.169
107.542
107.174
106.296
108.674
107.429
108.332
107.825
108.093
107.322
108.764
107.416
108.422
107.249
107.215
106.46
108.264
107.768
107.162
107.959
107.608
106.05
106.349
107.765
105.146
107.695
104.978
106.582
106.761
104.067
107.292
106.98
105.882
104.247
106.349
105.151
104.982
105.372
104.755
104.654
104.076
103.655
105.541
103.679
104.024
103.834
104.501
103.292
104.809
104.118
104.539
104.363
102.653
105.891
104.055
105.709
103.773
105.29
104.757
104.218
105.93
105.155
103.761
104.362
105
104.966
104.743
104.303
104.118
105.686
103.395
105.608
106.796
104.44
105.742
105.187
106.165
105.423
106.452
105.194
106.433
105.363
104.92
106.893
106.201
104.94
104.843
106.074
105.533
105.781
105.562
106.702
106.765
105.764
106.544
107.401
106.798
106.243
107.203
108.041
106.784
108.05
106.814
107.482
105.829
106.313
107.272
106.61
105.651
106.556
107.07
106.063
106.655
106.906
107.466
105.466
106.448
107.616
107.004
106.692
106.233
107.42
105.548
105.252
106.515
106.175
105.422
104.712
106.512
105.083
105.66
105.192
105.018
105.886
103.928
106.364
106.153
105.38
105.176
105.979
106.695
105.605
106.816
106.025
106.847
104.955
105.499
106.482
106.368
104.868
105.3
105.969
105.295
106.063
106.802
106.41
106.021
105.293
106.565
105.906
105.427
106.251
106.832
105.725
105.276
106.45
106.555
105.788
105.471
105.16
105.918
105.046
104.784
105.971
106.14
105.886
105.676
106.339
104.68
105.048
105.517
106.214
105.417
105.77
105.704
106.645
105.473
105.235
107.186
106.13
104.869
105.931
106.307
106.2
105.702
105.884
106.348
106.058
105.761
106.311
107.328
106.055
106.725
106.293
106.686
105.658
106.426
106.271
106.967
106.701
106.146
106.358
105.561
106.161
106.716
106.727
106.768
106.347
107.689
106.387
107.412
106.382
107.164
106.714
106.215
105.976
106.725
107.29
104.132
106.017
105.541
105.234
106.659
104.597
106.478
106.433
104.956
106.159
106.523
105.758
104.972
107.3
106.664
106.825
106.473
106.416
106.673
106.111
105.489
105.502
105.529
103.959
105.442
106.156
104.844
105.142
105.401
105.315
103.922
106.56
105.983
106.667
106.55
105.356
108.114
106.77
106.663
107.813
105.319
106.487
104.987
106.402
105.863
104.294
105.842
104.907
106.512
105.759
105.56
106.363
105.849
104.779
106.276
105.771
107.077
106.458
107.019
106.495
106.698
106.83
106.207
105.351
105.723
104.96
107.437
105.422
106.42
106.742
104.915
106.78
105.562
106.006
106.708
105.624
105.569
105
105.916
106.498
104.628
106.029
106.677
105.22
105.562
104.919
106.501
105.171
104.653
105.279
105.65
105.635
105.474
106.224
106.368
104.959
106.282
105.673
104.386
106.342
104.847
105.743
105.308
104.97
106.247
105.929
105.398
104.998
104.85
106.802
104.155
106.762
105.699
105.849
106.467
105.607
106.063
106.197
106.196
106.061
105.62
106.087
105.822
106.218
106.152
104.598
107.145
106.852
105.653
107.057
106.704
105.489
106.366
106.072
106.416
106.541
106.554
106.686
106.104
106.595
106.401
107.12
106.132
105.615
107.254
106.32
106.324
106.447
107.458
106.047
105.383
106.806
106.378
106.843
106.326
104.744
107.564
104.962
106.834
106.387
106.628
105.935
107.58
106.578
108.102
105.853
107.277
107.61
105.825
107.125
107.187
107.05
106.602
106.212
107.818
107.954
107.134
107.956
107.695
106.766
106.324
107.891
108.115
107.66
106.626
108.058
107.852
108.754
108.195
107.553
109.001
106.78
108.161
108.188
107.318
107.232
107.719
107.841
106.31
107.035
106.773
106.973
107.571
105.817
106.108
107.857
105.324
107.396
106.985
106.197
106.972
107.14
105.69
106.586
105.982
107.222
105.302
106.77
104.856
106.026
105.965
104.29
104.796
105.239
103.776
105.068
103.469
105.204
105.021
103.674
104.872
104.114
106.312
103.955
105.094
105.613
104.5
104.379
104.326
104.386
104.72
103.545
104.892
104.337
103.915
104.376
104.78
104.102
103.892
103.97
105.489
104.541
104.825
104.782
104.721
105.755
105.096
104.972
105.695
104.873
105.455
105.469
105.765
105.012
105.719
106.417
105.183
105.519
105.427
105.495
105.529
104.639
107.348
105.798
105.692
105.068
106.603
105.846
104.699
105.896
106.106
105.345
106.01
105.756
106.638
106.058
105.962
105.617
106.521
104.771
106.372
105.538
106.094
106.041
105.716
105.991
105.709
105.041
105.725
104.599
105.923
104.297
106.279
105.411
105.268
105.697
105.667
105.694
105.85
104.9
105.648
105.631
106.189
105.414
106.78
106.224
106.067
104.866
106.046
105.073
106.771
105.265
105.959
105.925
105.559
106.663
106.429
105.558
106.08
105.283
107.238
105.64
107.025
106.889
106.047
106.218
105.733
106.339
107.058
105.371
106.3
106.213
106.099
106.248
106.446
106.232
105.885
105.814
106.901
106.042
106.484
105.973
105.47
105.853
106.151
106.487
105.918
105.257
106.951
106.173
105.467
106.105
106.191
105.656
104.719
106.876
105.962
106.444
106.518
105.824
106.362
106.308
106.249
106.895
105.563
106.222
106.439
106.143
106.552
106.404
106.572
105.919
105.133
106.428
106.425
105.923
105.877
105.706
106.195
106.029
105.644
106.359
106.164
106.252
105.454
106.28
105.707
106.002
106.144
105.778
104.796
107.034
106.454
104.712
105.41
105.667
105.342
105.003
104.944
105.753
105.665
105.593
105.127
106.997
105.907
105.001
106.032
105.366
105.762
106.388
106.632
105.502
106.243
106.332
105.763
105.973
105.802
105.982
105.542
105.537
105.454
106.643
105.364
104.164
106.128
105.724
105.97
104.729
106.62
106.366
105.419
106.853
105.821
107.15
105.686
105.315
106.491
105.38
106.032
105.475
105.413
105.113
105.238
106.495
106.27
105.314
105.936
105.533
105.862
106.263
105.321
106.562
106.318
105.666
107.197
106.137
107.38
104.497
105.969
106.377
104.847
106.354
106.475
106.696
105.34
105.888
106.613
106.149
106.597
105.886
106.346
106.755
105.834
107.485
107.284
105.668
106.737
106.003
107.004
105.846
106.199
106.74
105.93
105.842
106.137
106.287
107.673
105.186
107.566
106.978
105.794
106.146
106.071
106.795
106.178
105.821
106.985
106.348
106.037
105.962
105.245
106.081
105.542
105.632
106.163
105.461
106.743
105.713
106.841
104.986
106.099
106.537
105.661
107.164
105.037
105.474
106.825
104.775
106.97
104.908
106.718
106.084
105.213
106.933
106.704
105.74
105.221
105.257
106.103
106.47
105.659
107.106
106.002
105.263
105.541
105.541
106.808
104.658
105.906
106.128
105.314
107.021
105.443
106.388
104.719
104.856
106.104
105.991
105.677
105.812
106.675
105.814
104.666
106.66
106.849
104.97
105.439
105.893
105.721
106.441
104.672
106.968
106.072
104.829
105.99
107.049
106.75
105.085
106.868
105.623
105.695
106.546
106.031
106.661
106.326
105.387
106.749
106.748
104.729
106.562
106.287
105.08
106.988
107.379
106.018
106.236
106.082
105.718
106.436
105.729
105.44
107
104.979
105.934
106.482
106.781
105.907
106.35
106.493
106.266
106.764
105.538
106.441
106.496
106.911
105.921
107.238
106.419
106.981
105.618
106.007
106.3
106.11
106.384
106.073
106.94
107.057
105.889
105.699
105.519
105.431
104.825
105.711
105.987
105.486
106.257
106.315
105.566
106.392
105.092
105.574
105.605
106.001
105.386
106.558
104.898
105.854
105.429
106.04
104.175
106.492
105.345
105.531
105.269
105.446
105.167
105.713
104.974
105.486
106.222
106.104
104.933
106.511
105.718
105.331
106.556
106.868
104.936
107.995
106.61
106.798
106.524
105.918
105.608
106.491
105.214
106.301
106.538
106.527
106.178
106.637
104.982
106.78
106.189
105.011
105.858
107.235
106.943
106.02
106.807
106.688
106.948
106.185
106.136
106.219
106.239
106.14
105.729
106.344
105.8
106.183
104.86
105.999
105.657
104.508
106.744
105.255
105.634
105.753
106.473
106.369
104.529
106.743
107.158
105.507
105.117
106.888
106.5
104.232
106.183
106.601
105.787
104.638
105.717
106.227
105.675
106.639
105.595
106.75
105.064
106.831
107.282
106.244
106.413
106.229
107.993
106.289
106.862
107.165
107
106.695
105.051
107.35
108.301
106.323
105.158
107.068
106.553
105.999
106.893
107.99
106.344
106.602
107.174
108.469
106.274
107.444
106.002
107.759
104.706
107.152
107.383
105.927
105.387
106.426
106.602
105.259
103.895
106.86
104.216
104.847
105.137
106.181
106.958
105.035
105.299
105.857
105.483
105.089
105.506
105.182
105.053
105.79
106.05
105.787
105.713
105.65
105.256
104.398
104.417
104.794
106.179
104.97
105.238
105.861
106.149
106.249
105.517
106.24
105.781
106.036
106.484
106.327
106.312
106.61
106.393
105.792
105.69
107.315
105.811
105.487
105.266
106.048
106.026
105.374
106.903
106.406
106.065
106.05
106.16
106.493
106.637
106.582
105.728
107.281
106.581
107.234
107.245
107.238
107.022
105.763
106.063
106.276
106.708
107.031
106.32
106.48
105.868
107.391
106.481
106.28
107.21
108.654
108.611
107.527
111.809
108.99
108.332
108.176
109.317
108.008
107.547
106.37
107.676
106.87
108.538
112.318
113.818
107.672
109.536
110.77
109.321
107.357
110.21
110.107
107.78
106.187
109.536
111.282
109.456
108.279
110.706
108.035
106.925
104.881
112.127
104.068
107.412
107.812
107.645
108.17
108.363
106.441
106.211
106.275
107.811
106.673
111.442
97.821
106.911
111.103
105.441
104.776
105.996
100.093
100.312
97.097
102.681
109.797
104.619
103.589
107.942
105.978
105.715
107.504
107.722
97.0537
101.987
105.183
105.045
106.967
102.781
102.657
101.667
100.956
103.505
101.621
107.059
101.458
104.047
103.168
104.714
103.338
104.181
102.392
105.435
103.875
104.403
105.354
105.239
102.781
106.074
105.683
103.903
103.3
106.544
104.363
104.869
106.935
105.375
106.22
103.969
106.051
105.259
105.647
104.502
107.206
105.907
105.763
105.726
106.508
105.856
104.458
106.524
105.681
105.274
106.509
106.367
104.976
107.597
105.624
107.122
105.926
106.224
104.545
107.879
104.415
105.939
105.955
105.627
104.811
106.193
104.852
106.056
105.869
104.724
105.957
106.475
105.668
105.419
106.71
106.431
106.164
110.474
108.805
102.795
111.738
104.208
105.919
105.771
107.44
112.137
110.658
97.977
117.816
105.863
106.202
106.174
108.031
106.914
103.723
104.411
112.111
109.61
113.605
100.35
118.251
104.748
106.35
108.798
106.511
105.491
107.952
101.083
112.512
106.128
117.471
101.791
116.785
103.375
103.869
108.388
102.985
88.0046
122.498
96.0901
114.022
113.994
110.186
102.544
109.517
98.1971
110.031
106.646
107.73
95.3402
124.665
96.9527
114.392
120.247
103.493
96.8749
111.929
95.0048
113.392
113.839
102.002
98.9844
116.862
94.9385
116.611
118.028
106.888
96.0383
113.034
95.7561
111.424
114.869
101.325
100.105
116.998
93.6876
118.011
116.71
106.892
95.0255
111.178
94.1864
110.395
113.804
99.3691
97.4758
116.353
92.044
115.964
116.625
106.219
95.139
111.108
93.951
110.668
113.023
99.5052
99.5515
116.963
93.4574
115.231
117.811
105.167
94.4575
111.711
93.1615
111.33
113.981
101.364
99.2039
117.146
92.4302
117.136
116.543
106.452
94.3197
113.445
94.2802
111.312
114.077
100.533
98.1952
115.371
92.6421
117.521
118.877
105.788
97.98
112.368
92.6917
112.7
113.949
101.018
98.1687
116.622
94.7118
113.828
112.638
101.301
100.757
102.781
96.0222
111.716
115.899
101.788
99.0237
118.235
98.2483
110.739
112.726
101.677
101.336
101.676
97.5213
111.873
112.039
97.928
102.594
112.22
99.2372
110.621
109.196
104.344
97.6182
100.911
99.7606
110.722
110.142
100.403
114.269
104.086
104.751
106.473
109.51
102.941
97.7501
105.533
103.817
105.85
106.884
100.707
109.597
97.6674
105.721
105.256
107.094
107.079
109.113
106.525
106.778
106.158
104.383
107.163
103.936
102.86
107.097
103.579
104.629
104.311
107.458
105.194
105.994
105.22
107.733
108.323
107.452
107.545
108.33
107.316
106.534
107.882
106.898
105.005
107.982
105.733
107.578
105.42
108.216
104.242
105.826
107.455
104.992
106.12
107.021
106.255
108.239
106.632
108.558
106.715
109.616
105.708
108.811
107.175
107.045
105.955
107.727
104.275
106.13
108.386
103.61
106.293
105.766
105.506
107.772
105.633
106.516
103.847
109.174
103.214
108.931
107.709
104.436
107.36
107.076
105.82
107.68
105.845
106.101
103.885
108.103
105.055
107.2
106.865
104.092
105.551
107.195
104.983
108.273
107.745
102.257
107.916
103.538
106.352
107.696
104.682
106.237
106.116
108.868
103.749
106.868
107.654
102.304
106.546
106.064
107.46
108.325
104.749
107.718
105.668
106.482
105.361
106.066
108.047
104.32
106.083
109.302
104.503
106.98
106.301
103.927
107.867
104.741
107.658
108.237
105.036
106.066
104.531
107.685
103.226
107.505
108.718
105.042
106.779
108.015
105.825
106.395
104.023
105.601
105.446
102.686
106.626
107.327
106.192
104.751
106.068
107.408
103.624
105.813
106.297
104.971
105.794
105.218
106.746
105.381
105.393
107.619
105.495
107.15
106.043
105.727
103.992
104.307
104.775
106.252
105.451
107.318
108.066
105.685
106.581
105.2
107.014
106.216
106.036
105.054
107.313
107.082
106.213
106.336
105.155
106.141
105.041
105.939
105.337
105.198
106.457
106.294
104.217
106.395
106.582
106.424
105.922
106.064
107.07
106.539
105.776
106.513
104.196
105.962
106.591
106.178
105.93
105.255
107.262
103.319
104.185
105.705
104.887
105.133
104.853
106.6
106.787
105.284
106.11
106.707
103.673
106.929
105.266
107.063
106.05
106.679
107.017
105.65
105.727
103.939
106.425
106.308
102.944
107.279
107.059
106.002
106.879
106.378
106.712
105.482
103.897
107.742
105.598
104.948
105.24
107.285
107.655
104.902
107.921
107.981
103.727
107.189
104.414
107.298
106.595
104.961
105.363
106.386
106.403
106.325
106.017
105.315
103.643
104.057
104.825
103.222
105.692
104.674
105.118
106.491
104.531
109.382
105.292
105.95
103.793
104.439
105.224
102.826
104.17
105.957
103.488
106.034
103.938
106.873
103.975
102.755
102.594
103.952
104.032
104.639
104.688
105.683
105.285
103.543
106.403
103.589
104.512
104.728
105.056
105.216
104.134
108.293
105.435
105.306
104.184
105.015
106.586
104.406
103.785
105.026
104.319
104.508
105.089
107.079
105.621
106.108
104.975
106.436
106.305
105.828
105.472
105.266
104.625
104.754
106.149
105.793
106.475
105.545
106.719
105.754
104.872
107.479
106.556
104.754
104.561
105.563
105.566
105.542
104.879
105.682
107.092
103.887
105.642
105.814
103.768
106.491
104.773
106.05
105.943
106.365
106.313
105.68
105.858
105.248
105.793
105.609
105.34
106.897
105.633
106.008
105.613
105.949
105.236
105.653
104.479
106.196
105.502
106.173
105.726
105.765
106.854
104.793
106.442
106.704
105.762
106.546
105.106
105.935
105.913
106.564
106.375
105.531
105.999
106.538
105.783
107.016
105.984
107.458
106.296
105.253
107.257
108.08
104.664
107.374
105.894
107.819
105.625
106.985
106.46
105.75
106.217
106.598
106.116
108.133
106.128
108.749
107.231
106.425
106.703
106.6
105.22
105.552
105.956
107.413
106.49
108.074
105.946
107.44
106.76
105.607
104.896
108.001
104.208
106.898
106.184
106.663
106.48
106.616
105.455
106.762
104.75
107.021
104.858
107.535
105.032
106.836
107.33
104.827
106.058
106.334
103.998
105.548
104.695
106.306
104.746
106.739
106.573
107.351
107.458
108.798
106.484
109.408
104.672
108.612
106.859
104.322
106.889
107.121
105.715
107.711
106.95
108.566
106.506
108.485
107.282
106.671
108.302
104.618
107.64
108.487
106.925
109.06
108.453
107.68
107.284
108.81
107.504
107.794
106.04
107.332
105.204
109.001
103.583
107.163
106.92
103.43
105.935
108.31
105.203
106.896
106.381
107.346
105.798
107.246
107.977
104.921
106.973
104.048
106.851
107.427
103.984
105.765
106.534
103.938
106.033
106.827
106.665
105.282
105.764
105.058
104.77
107.987
105.855
105.494
108.185
106.285
105.386
108.427
104.793
106.547
105.164
105.496
106.089
106.803
106.161
106.855
106.269
105.131
104.468
107.385
104.047
106.968
106.797
106.467
106.721
107.937
105.272
107.173
105.635
104.347
103.648
106.171
106.054
106.641
106.459
107.193
106.278
107.292
103.342
107.696
105.176
105.707
104.475
106.179
105.756
108.215
105.963
105.859
104.999
108.133
104.523
107.926
105.336
106.185
104.643
105.946
106.105
107.905
105.909
105.78
106.255
106.634
107.377
106.514
107.258
104.057
105.716
106.257
105.647
107.914
104.2
105.673
105.904
104.885
107.591
106.731
106.898
105.408
104.245
106.58
105.86
105.588
106.001
105.284
106.373
104.493
105.44
106.396
103.659
104.295
104.126
104.11
106.075
105.579
107.748
105.54
106.278
106.213
105.337
106.873
104.673
104.756
106.018
104.617
105.492
106.54
105.918
105.707
105.122
106.576
106.024
106.068
105.291
105.055
106.109
105.151
107.098
107.503
107.27
106.766
107.261
108.433
107.541
107.093
105.411
105.33
105.844
105.234
104.733
106.856
106.158
105.112
105.49
106.371
106.411
106.449
105.217
107.213
103.595
106.929
106.358
107.782
106.131
105.724
108.328
105.41
105.692
106.02
105.822
104.953
104.321
105.612
108.099
105.968
105.322
106.833
105.736
105.661
106.073
106.103
106.089
104.921
105.306
106.512
106.821
106.94
106.304
107.706
105.355
107.441
105.814
106.361
104.909
104.815
106.684
104.529
107.053
109.128
105.996
106.756
105.703
106.082
107.652
105.358
107.037
105.73
104.84
106.36
107.316
106.114
107.346
106.784
106.856
106.14
106.515
107.317
105.914
105.553
105.142
105.823
106.844
106.958
107.827
105.659
106.082
105.18
107.011
105.459
105.068
106.007
104.687
105.527
107.413
105.883
107.738
104.319
105.881
107.939
104.778
105.627
107.121
104.991
104.168
105.182
107.13
106.229
105.874
105.068
105.21
106.532
105.516
106.589
106.457
104.445
105.133
106.398
106.416
106.539
106.276
105.73
105.49
105.535
106.306
106.004
105.956
105.205
105.117
107.4
105.36
107.39
105.584
106.313
104.628
104.83
107.323
105.888
105.605
106.056
103.122
106.346
106.061
105.576
108.066
106.385
105.463
107.132
106.76
106.629
105.011
105.597
103.992
106.034
105.68
107.41
107.935
106.545
105.176
106.109
106.899
105.867
103.513
106.825
103.625
106.262
107.051
106.427
107.882
106.28
104.016
109.598
105.105
106.293
106.891
104.423
104.442
106.685
106.665
107.648
104.471
106.731
104.816
108.127
104.852
105.872
107.214
103.233
104.994
106.84
106.142
108.495
103.339
107.145
106.13
105.642
105.676
105.331
106.678
105.126
104.18
109.293
106.05
107.214
105.394
104.964
105.718
106.258
105.144
106.827
104.282
107.145
104.096
105.896
105.967
105.884
106.731
103.719
106.497
106.956
105.399
107.219
105.165
105.998
105.765
104.363
108.143
106.463
106.321
106.391
105.904
105.724
107.077
106.303
105.749
105.342
103.846
106.928
104.86
107.378
105.712
107.824
103.954
105.207
108
106.949
104.611
105.541
104.574
106.331
105.802
106.864
106.809
106.805
103.562
106.552
106.917
105.164
105.294
105.816
104.266
104.495
107.128
107.343
106.165
104.931
105.083
107.769
105.211
105.847
106.529
106.433
101.855
105.545
108.113
106.847
105.047
106.762
104.646
108.143
104.673
106.519
105.85
106.926
102.952
106.673
105.809
107.728
105.701
105.601
104.794
106.527
106.708
106.796
105.85
104.477
104.288
107.355
105.895
105.692
106.471
105.036
105.161
106.077
106.791
107.233
105.43
106.454
103.098
106.842
105.195
106.874
105.012
107.069
105.544
107.002
106.61
108.178
104.634
105.512
105.139
106.472
104.96
107.402
106.373
106.451
104.979
107.294
106.226
105.488
105.261
105.874
105.275
105.361
106.709
107.792
106.379
106.589
105.282
107.891
105.549
106.898
105.927
105.177
104.8
105.738
105.737
108.297
105.824
105.931
106.638
105.719
105.502
107.117
104.995
105.582
104.294
105.15
105.964
106.957
106.154
106.331
106.505
106.551
105.993
107.191
105.626
104.721
104.873
104.521
106.123
106.267
105.632
107.451
105.401
106.95
105.706
106.448
105.281
104.641
104.57
105.67
105.438
106.194
106.137
106.748
105.169
106.004
106.277
106.716
104.646
105.315
104.876
106.518
105.716
107.094
108.053
105.039
105.722
105.577
106.796
105.685
105.87
105.185
103.797
105.881
106
107.411
107.777
105.347
105.736
107.505
106.088
106.867
106.326
105.113
105.195
105.623
107.515
108.153
106.635
107.075
104.316
107.049
105.37
105.697
106.556
104.754
104.511
107.19
106.137
107.198
107.152
105.329
106.664
107.844
106.354
106.826
106.349
105.63
104.764
106.212
106.529
106.617
106.253
106.052
106.037
106.64
106.029
105.67
106.229
104.368
104.34
106.859
106.626
106.965
107.187
105.331
106.247
106.286
105.78
106.846
105.148
105.401
105.233
105.73
107.147
106.865
106.278
105.702
104.98
105.935
106.328
105.984
105.92
104.884
104.198
106.154
105.622
106.687
106.019
106.132
105.02
106.162
106.889
105.627
105.976
104.737
105.246
105.599
106.75
108.345
105.625
106.106
104.687
105.404
107.026
105.846
105.589
106.884
103.664
106.323
106.613
105.947
107.089
105.148
104.917
107.063
106.043
107.246
104.915
107.071
103.088
105.815
107.057
106.439
106.848
106.152
106.538
106.395
106.109
105.473
104.711
105.064
102.595
106.314
105.666
106.253
105.843
107.076
103.79
107.077
105.046
106.212
106.492
104.552
104.691
107.036
105.354
106.476
104.658
107.363
104.252
107.731
105.597
105.54
106.16
104.147
105.011
105.385
107.23
105.945
106.684
105.809
105.01
108.246
104.937
106.313
106.773
106.399
104.86
107.447
106.511
106.019
106.809
104.303
105.805
107.153
105.452
105.795
105.223
105.523
104.626
106.808
105.557
106.685
107.666
105.617
106.382
106.538
107.554
105.575
106.979
104.507
105.247
105.564
105.126
106.39
106.947
104.881
105.799
105.609
106.503
105.944
106.906
104.514
104.038
106.098
105.836
107.174
107.449
106.634
106.762
107.433
105.017
106.993
105.519
105.369
104.421
105.501
105.304
107.996
105.957
105.21
105.289
106.25
105.836
106.421
106.869
105.158
104.909
105.786
106.647
106.998
106.548
106.027
106.786
106.169
105.678
106.655
105.336
104.71
104.856
104.86
106.522
107.587
105.481
106.863
104.92
106.147
105.709
107.476
104.528
106.209
106.218
105.072
107.044
106.207
106.289
105.294
105.097
106.781
106.776
105.724
104.681
107.403
104.992
104.569
106.616
106.281
106.208
105.234
106.739
106.225
107.08
105.926
105.678
105.132
104.436
105.823
104.957
106.617
105.543
105.855
106.218
104.567
106.121
105.196
106.183
104.971
105.963
106.701
106.187
106.352
105.742
107.841
105.272
106.471
105.812
106.997
105.308
104.412
104.844
105.013
104.405
106.521
106.712
106.488
106.466
107.531
104.55
106.574
106.035
105.953
105.224
106.153
106.628
106.347
107.523
106.646
106.978
106.037
105.88
106.376
105.923
104.726
105.797
104.56
103.427
105.977
105.057
104.924
104.723
105.509
104.487
105.122
104.886
105.077
104.867
104.977
105.325
106.575
105.683
104.498
104.666
104.538
103.521
102.931
103.919
103.39
103.287
103.85
103.953
105.327
104.406
101.503
104.646
103.684
102.969
105.312
104.528
102.882
105.415
105.17
105.817
106.239
105.343
105.013
105.619
104.747
104.974
106.449
104.278
103.305
106.494
104.675
105.733
105.846
105.615
105.446
106.858
105.734
107.394
106.959
106.169
106.024
106.237
106.339
105.878
106.783
106.239
105.341
107.401
105.918
106.701
106.842
106.53
106.821
106.757
107.147
106.168
107.762
107.334
105.752
106.65
106.392
106.29
106.688
104.862
106.209
106.231
103.984
106.435
106.132
105.595
105.403
106.057
106.401
104.959
106.632
106.761
105.272
106.462
106.7
107.231
106.993
106.184
105.899
105.972
105.611
104.06
106.288
105.589
104.157
104.51
106.709
104.895
107.385
105.091
105.214
106.698
104.944
105.887
106.899
105.214
105.662
106.416
105.96
105.248
107.225
106.203
103.989
106.643
106.143
105.617
106.481
104.781
104.772
106.039
105.818
106.092
106.326
105.768
105.561
105.523
105.845
105.48
108.128
107.237
105.261
107.788
108.312
106.3
108.329
106.124
106.836
107.691
106.771
107.416
108.606
107.129
106.564
107.76
107.539
106.116
107.903
108.19
106.254
107.63
108.123
107.25
107.511
106.996
107.648
107.5
108.131
107.041
108.819
108.108
106.362
106.459
109.778
105.844
109.019
107.473
105.275
107.094
107.561
104.848
107.548
106.543
107.03
106.404
107.444
104.992
107.715
107.351
104.93
106.274
107.086
106.712
109.109
107.442
104.88
108.861
107.2
105.327
108.056
106.15
106.436
107.33
108.31
106.764
106.018
107.266
104.005
105.736
105.039
102.563
105.848
103.267
103.227
106.348
105.257
105.883
107.493
105.653
104.638
104.163
107.108
104.417
105.468
104.49
103.059
106.064
103.423
101.863
105.594
101.64
101.129
103.317
103.446
102.367
102.888
105.5
104.19
104.647
105.779
104.905
105.205
102.869
104.574
106.98
104.123
104.827
106.236
104.525
103.266
102.911
106.824
102.482
102.052
103.358
103.354
105.424
104.604
104.32
108.202
104.724
106.278
107.204
107.014
105.168
105.29
105.061
103.435
104.364
105.158
104.706
104.109
102.837
104.752
103.469
104.661
105.604
106.829
105.844
106.329
106.81
106.695
106.375
106.176
106.796
104.885
106.809
106.708
105.07
106.289
104.458
107.26
104.033
105.952
106.49
106.376
105.881
105.203
107.27
105.918
105.249
106.006
106.294
105.58
104.278
107.382
106.279
106.605
104.629
107.032
104.497
104.152
104.547
105.438
105.77
103.919
105.668
106.885
104.541
106.99
106.286
104.204
104.002
105.242
104.985
105.555
104.455
105.355
105.838
104.332
105.503
105.316
105.78
104.401
104.87
107.207
105.878
106.735
107.337
107.042
107.074
107.45
106.685
107.251
105.865
105.79
106.668
107.273
107.004
108.411
107.999
105.715
107.958
107.519
106.286
106.487
106.55
107.14
105.815
106.673
108.407
107.443
108.15
106.639
106.987
107.509
106.204
108.483
107.777
105.756
108.444
109.008
107.782
108.265
108.099
106.713
106.606
105.825
105.478
108.454
105.947
105.275
106.667
107.554
105.609
108.273
106.081
106.816
106.073
106.411
107.562
108.603
107.87
106.906
108.203
107.408
106.655
108.668
106.625
105.262
106.744
106.275
105.117
105.928
106.119
103.927
105.799
104.734
105.06
106.199
104.81
104.846
107.019
105.742
106.098
108.264
105.904
107.072
106.33
107.573
105.553
107.565
105.992
104.043
107.457
106.682
105.181
107.246
104.717
105.575
106.18
105.505
104.973
106.988
106.097
105.962
106.845
106.427
105.577
107.076
105.31
104.622
106.873
104.385
106.672
107.358
105.336
106.691
105.357
106.323
102.874
107.505
105.065
102.639
106.816
106.048
105.745
106.83
105.279
105.444
105.626
104.259
106.531
106.317
104.866
106.316
104.614
106.025
103.807
107.183
105.05
102.923
106.733
104.629
105.231
106.386
103.831
104.977
104.762
106.314
105.827
107.593
105.288
106.042
106.404
105.994
105.819
106.228
106.254
105.24
105.704
106.189
106.533
104.842
105.091
106.199
104.899
106.603
105.226
107.784
105.697
105.704
107.329
106.691
107.949
108.173
107.205
107.189
107.688
107.838
107.188
107.297
106.223
107.35
105.867
107.976
107.036
106.744
106.41
106.342
107.291
106.386
106.654
108.23
105.696
106.445
107.349
108.215
107.239
107.417
106.617
107.244
107.656
107.16
107.162
107.849
104.697
106.324
108.374
106.208
106.583
108.842
105.849
107.458
106.474
107.697
105.805
107.338
106.759
106.96
107.428
106.154
105.77
107.443
103.037
106.275
106.193
103.699
105.254
105.006
104.881
105.508
104.716
105.533
103.459
105.314
104.342
104.28
106.34
104.297
104.59
105.442
102.621
104.031
103.443
103.501
103.759
104.196
103.298
101.185
102.9
104.011
102.512
105.31
102.909
104.344
103.312
102.844
105.569
106.022
104.819
104.954
105.51
105.008
104.306
105.969
105.366
102.103
104.163
103.76
105.524
105.786
104.171
105.603
104.838
103.781
105.831
105.037
105.578
104.626
105.558
105.013
104.958
106.147
105.136
104.741
105.323
105.297
105.935
105.982
105.045
106.247
105.115
106.114
105.937
105.662
106.568
104.811
106.822
105.899
105.875
106.629
105.238
105.693
105.315
105.414
106.874
105.907
106.891
105.447
106.154
105.758
105.22
106.695
106.102
104.753
106.793
106.511
105.6
107.061
106.575
105.673
105.659
105.584
105.392
105.83
106.127
104.449
106.405
105.015
105.426
106.857
105.375
105.72
106.321
104.792
106.306
105.951
106.297
105.223
106.376
106.125
105.062
106.826
105.712
104.81
107.262
105.395
106.045
106.501
105.351
106.548
105.861
105.47
106.75
106.027
106.246
105.93
106.797
105.978
106.13
106.498
105.512
106.771
106.178
106.311
106.408
105.998
106.217
106.199
105.699
106.468
105.602
107.144
105.809
106.131
105.881
106.334
105.705
106.01
105.919
107.498
105.289
106.23
105.716
106.3
105.779
104.77
105.68
106.167
104.952
105.806
105.402
106.341
104.579
106.013
105.476
105.673
106.055
105.336
105.264
107.244
104.875
106.541
105.524
105.57
105.782
106.076
104.684
106.285
