51.84600000
44.50800000
41.24400000
48.56800000
46.71400000
44.98600000
49.10800000
40.47000000
53.40400000
45.40000000
43.21600000
49.72000000
46.37000000
43.75600000
47.58200000
40.73800000
51.21600000
46.31400000
45.00000000
50.22400000
48.09600000
43.54400000
48.85000000
40.94200000
52.58600000
45.80200000
43.12200000
50.77400000
46.26200000
43.05200000
50.71800000
45.79800000
46.55000000
48.12200000
40.23000000
52.60600000
44.65200000
42.84000000
49.27200000
47.09000000
45.45200000
46.99600000
43.19400000
52.94000000
47.21200000
43.14400000
50.65800000
46.29200000
45.16400000
47.88800000
41.85200000
53.17000000
44.63200000
43.28200000
53.19200000
45.51600000
47.23000000
46.40800000
40.11800000
52.53600000
45.56400000
43.90800000
48.05800000
45.40000000
45.56400000
53.23000000
46.97200000
52.81600000
49.06200000
46.22000000
50.25800000
47.16000000
45.25800000
49.10800000
40.77400000
52.50000000
45.31600000
41.87800000
51.45600000
46.90200000
46.41000000
47.30000000
40.40000000
52.05800000
47.84000000
42.77400000
50.49400000
45.36400000
43.19200000
48.35600000
47.95800000
44.02600000
49.46000000
47.11000000
44.21800000
47.15400000
41.72600000
53.66200000
46.80800000
44.83400000
49.55400000
45.82200000
46.76800000
50.71000000
43.66200000
53.54400000
46.47800000
43.05200000
49.03800000
46.23800000
44.90600000
48.51000000
40.83400000
52.36400000
47.20600000
43.31000000
53.02800000
46.64400000
46.12400000
47.80200000
41.35600000
52.18400000
45.77400000
42.79200000
49.03600000
45.63400000
46.29200000
46.73800000
43.07600000
51.71000000
44.56400000
42.88800000
48.87400000
45.65800000
44.05200000
47.68400000
40.31600000
52.43800000
46.94800000
43.13000000
51.83000000
46.27200000
46.15000000
48.09800000
40.86800000
52.63000000
45.32800000
43.86000000
49.19000000
40.03200000
52.91000000
46.91600000
43.40800000
50.22200000
45.88600000
43.94000000
48.16600000
40.82200000
54.24800000
46.87800000
41.85000000
51.54800000
47.73000000
45.21200000
50.65800000
39.87000000
50.72800000
46.15000000
43.12600000
49.67200000
46.64400000
44.99400000
47.43200000
40.21200000
53.88800000
43.24800000
44.36600000
49.12600000
45.48000000
44.75400000
46.69000000
41.76000000
52.36800000
44.88200000
42.23000000
49.62400000
47.63000000
44.78600000
49.35400000
40.70200000
51.66600000
45.00000000
43.61600000
50.82200000
44.41400000
44.23200000
48.23600000
41.08000000
53.92000000
46.22000000
43.52200000
49.74000000
43.59200000
41.80800000
49.36600000
45.49200000
44.29600000
49.70600000
40.86800000
51.80800000
48.56200000
41.90200000
53.70800000
46.55000000
41.33800000
48.36600000
41.87800000
52.34200000
46.50200000
42.27600000
50.10400000
45.72800000
45.49400000
48.66600000
48.17000000
44.67200000
45.54000000
40.89200000
50.02400000
45.37600000
42.74600000
48.07600000
46.69000000
44.13200000
49.89800000
40.79800000
53.21600000
45.29800000
41.76000000
48.66200000
45.53600000
45.04400000
48.06800000
41.77000000
51.73800000
47.55800000
43.12200000
50.23400000
47.47400000
43.17000000
47.41800000
39.86000000
51.45600000
44.32000000
42.20600000
49.27200000
46.06600000
45.16400000
49.43200000
40.30600000
53.17000000
45.41600000
42.05000000
50.45000000
47.04200000
44.50800000
47.95800000
41.52600000
52.74600000
45.40000000
44.03800000
50.42200000
47.74600000
43.66200000
48.54400000
40.54000000
51.80800000
46.15000000
42.04200000
48.69000000
45.95400000
45.32800000
48.54400000
40.89200000
55.15400000
43.99600000
43.05200000
48.26800000
44.83600000
45.20000000
47.30000000
40.07000000
51.84400000
47.43200000
43.92000000
50.99400000
48.13600000
44.77200000
49.01400000
40.65800000
51.57800000
47.30000000
41.79000000
52.34800000
44.83600000
44.71800000
49.76600000
40.40000000
53.40400000
45.02400000
42.25400000
49.49600000
46.19800000
44.41400000
45.58600000
45.95800000
44.55400000
47.18400000
43.09200000
53.58600000
47.28800000
43.16200000
49.10800000
46.30400000
43.35600000
48.07600000
39.55400000
52.41800000
46.26000000
42.15200000
52.37000000
45.47000000
46.12600000
46.22000000
40.23400000
52.38400000
45.36000000
43.37800000
48.80200000
40.49200000
53.17000000
46.12600000
43.51000000
50.39600000
48.21600000
44.88200000
47.40400000
41.10000000
52.98000000
43.47400000
41.10600000
48.33400000
46.47800000
43.54400000
50.49400000
41.22800000
54.26400000
45.79800000
42.32400000
50.98600000
46.60400000
45.70600000
48.28600000
40.65200000
53.52200000
45.39200000
45.10200000
49.75400000
48.94400000
44.67200000
47.06600000
41.17400000
52.09000000
45.25800000
42.76400000
48.21600000
46.72600000
44.29200000
49.48400000
40.49200000
54.72200000
45.58600000
41.82000000
48.89600000
46.34400000
45.07000000
45.97200000
40.16400000
51.57200000
44.81200000
46.19800000
48.80200000
48.72400000
45.28200000
46.94000000
40.88400000
53.29800000
44.85200000
43.77800000
47.97400000
46.79000000
44.74200000
49.14600000
41.06400000
52.73000000
46.99600000
42.99800000
49.79800000
40.65800000
52.04400000
46.71400000
41.45600000
52.41800000
44.99400000
45.72800000
48.80200000
51.40800000
48.67800000
47.39400000
41.11000000
53.23000000
49.41800000
43.51800000
49.24800000
45.84600000
47.06600000
47.75200000
42.06600000
51.70800000
45.97600000
43.47400000
46.58000000
38.52200000
52.79400000
44.43600000
41.85400000
51.05600000
46.11000000
46.15000000
50.54000000
48.12200000
44.10800000
47.49200000
41.80800000
56.22000000
45.30600000
43.40400000
50.35200000
47.48000000
44.67400000
49.67200000
40.69400000
54.21200000
46.38400000
41.29200000
52.80600000
46.15400000
42.45600000
49.46000000
46.12600000
45.61000000
46.87800000
42.74600000
53.02800000
47.63000000
41.11600000
49.32000000
46.47800000
45.56400000
47.25600000
40.48800000
52.65200000
44.71800000
42.97000000
51.85400000
46.07600000
45.90400000
47.27600000
41.71400000
52.97200000
44.98400000
43.29000000
49.69400000
45.23400000
45.56400000
46.30000000
43.56800000
52.72400000
46.78400000
42.23000000
50.44800000
46.43200000
43.82600000
49.50800000
45.48800000
45.90800000
45.68000000
40.09400000
54.82800000
45.21200000
44.44400000
47.67600000
39.74200000
50.67800000
46.29200000
42.04400000
52.06600000
45.25800000
43.45400000
48.16600000
41.85400000
49.50400000
47.59600000
40.59200000
50.27400000
45.83000000
42.78800000
47.86600000
41.71400000
52.32400000
46.66600000
42.51200000
51.69000000
46.84600000
45.02600000
48.16600000
40.23400000
52.06600000
46.01000000
41.62000000
49.93200000
45.49200000
43.31000000
48.87400000
48.56800000
44.91800000
48.67600000
39.67800000
52.20600000
44.47000000
42.51200000
48.50800000
45.37600000
46.03200000
47.39400000
39.73800000
53.54400000
45.75200000
44.67200000
48.80200000
39.81200000
50.13000000
46.83800000
40.90800000
51.80800000
42.12000000
42.13600000
48.45000000
48.06000000
43.75600000
49.54200000
39.97600000
52.51200000
44.50400000
42.60600000
48.65600000
46.05000000
45.02200000
48.75400000
39.77200000
54.91800000
45.96200000
44.61600000
48.75600000
46.66600000
43.65200000
46.90000000
39.71800000
52.18200000
45.47000000
41.97200000
46.97200000
46.29200000
42.71000000
50.39400000
40.47000000
51.13400000
44.81200000
41.58000000
50.09400000
46.05600000
43.45200000
48.47400000
40.63400000
53.33400000
46.03200000
43.33400000
49.44800000
46.69000000
44.39000000
45.29200000
40.28200000
50.75000000
48.12200000
41.36200000
50.98800000
46.31400000
43.19200000
50.79800000
45.85800000
44.95400000
46.40800000
40.23400000
52.51600000
44.34200000
42.95800000
47.93400000
45.98600000
47.35400000
48.21600000
42.74000000
51.09600000
45.63400000
42.23000000
50.47000000
44.04000000
44.02000000
48.00400000
40.77400000
52.00000000
48.35600000
41.01000000
53.38000000
44.13200000
42.97200000
47.88800000
39.91800000
50.86800000
46.57400000
41.46000000
51.80800000
44.24800000
45.28200000
49.48400000
48.82600000
43.46200000
48.38000000
45.82200000
46.22000000
47.31000000
40.37000000
50.16400000
45.54000000
42.27600000
51.38800000
46.80800000
44.56600000
48.17000000
39.95400000
50.61000000
45.15600000
41.50200000
48.75400000
45.18800000
43.92000000
47.25400000
42.65200000
50.30200000
48.87200000
40.27000000
51.76000000
44.41400000
44.09200000
49.21800000
39.69400000
51.10400000
45.98000000
42.33200000
52.91000000
43.96800000
45.14000000
48.51600000
45.82600000
45.15800000
48.01200000
39.86000000
51.67000000
46.44400000
43.67800000
49.62200000
47.65200000
44.06200000
50.54000000
41.31000000
51.44800000
46.06600000
41.56400000
51.38600000
44.66800000
43.66200000
49.27200000
45.02400000
45.82200000
47.05000000
41.70800000
51.99600000
45.96200000
42.46400000
48.35200000
46.19400000
45.28200000
46.17400000
39.95000000
52.38400000
46.77800000
43.78000000
49.81200000
46.22000000
46.43200000
47.23000000
40.54000000
52.58200000
45.25800000
42.65000000
49.93000000
39.64800000
53.80400000
46.62000000
43.48600000
52.88800000
43.85000000
43.51000000
48.37200000
40.35200000
51.13800000
45.07000000
42.66800000
50.86800000
48.58600000
44.06200000
49.37200000
40.13200000
52.98200000
47.00600000
43.54400000
49.39000000
48.70800000
43.75600000
47.84000000
40.84600000
53.17000000
46.89400000
43.82000000
49.87200000
45.07000000
44.46800000
47.13600000
40.96200000
52.99000000
44.78800000
42.44200000
50.07000000
47.66400000
44.41400000
49.21400000
39.95800000
51.48200000
46.43200000
43.66200000
47.76800000
46.17400000
45.18800000
47.41400000
40.84200000
54.00000000
44.83600000
44.03800000
48.35600000
39.88200000
50.49200000
45.25800000
42.23000000
50.89600000
44.71200000
43.24000000
48.45200000
44.09000000
50.56400000
48.42800000
40.09400000
52.59000000
44.53000000
43.59200000
48.85600000
41.00200000
50.93800000
46.69000000
41.19800000
52.91000000
46.78400000
45.16400000
48.42800000
46.38400000
44.15400000
46.47800000
40.30000000
51.69000000
44.91800000
42.78200000
48.75600000
48.25200000
43.58400000
49.81200000
40.20800000
51.68800000
44.87600000
42.70000000
49.17400000
46.92400000
45.37600000
46.85400000
40.75200000
54.60000000
43.87400000
44.93000000
48.70800000
45.26800000
42.94800000
47.73600000
46.55000000
45.49200000
47.84000000
39.88200000
51.10400000
45.64000000
42.83400000
50.76400000
46.51800000
44.64400000
48.32600000
40.31600000
51.46600000
45.55800000
42.76000000
49.64800000
45.91600000
46.85400000
46.57200000
42.65200000
52.53600000
44.25200000
42.18400000
48.09800000
45.38000000
44.57800000
46.82600000
39.67200000
51.69000000
46.83000000
43.09800000
49.88200000
39.83600000
51.19800000
46.08000000
41.80800000
49.43600000
46.64400000
42.70000000
49.16000000
39.76600000
53.49800000
45.77800000
43.81600000
52.28200000
44.05600000
43.08600000
47.67400000
40.40800000
51.69000000
44.97600000
42.30600000
51.94400000
46.97800000
43.54400000
51.85400000
47.21000000
45.61000000
46.50200000
41.36200000
50.88000000
45.63800000
43.73200000
47.77400000
40.37600000
54.08400000
46.10800000
43.02800000
52.93400000
43.88200000
44.16200000
50.49200000
39.86000000
54.53600000
46.05600000
43.12200000
49.10800000
48.56800000
43.35000000
51.86400000
40.12200000
51.69000000
46.17400000
42.84000000
50.42600000
45.70400000
44.10800000
47.67600000
40.17800000
56.40800000
45.11800000
45.17400000
49.27200000
45.58600000
45.69200000
47.35000000
40.18800000
53.63400000
45.21200000
43.31000000
49.08400000
47.38200000
44.10800000
49.20200000
39.81200000
51.44600000
45.68000000
44.13000000
48.66400000
40.34000000
51.31400000
46.01000000
42.27600000
51.83000000
46.90200000
46.43200000
47.54000000
40.58200000
52.67600000
45.49400000
43.61600000
50.32800000
46.50200000
43.73200000
48.63800000
48.31000000
45.42200000
49.36600000
40.37000000
52.47400000
44.66800000
43.09800000
48.89600000
40.49200000
51.40800000
45.37600000
45.08200000
50.69000000
46.66600000
48.21600000
45.98600000
41.29600000
53.78000000
45.79800000
42.53600000
49.03800000
45.86800000
43.92000000
46.57800000
42.14000000
54.08400000
46.59600000
43.22600000
48.79800000
46.58800000
44.22000000
47.76200000
40.44600000
52.34800000
46.38400000
43.89600000
50.95200000
45.49200000
46.90200000
49.23000000
40.61000000
52.58200000
45.32800000
42.38800000
48.93800000
39.55400000
51.83000000
45.51600000
44.90600000
49.67200000
47.67600000
45.68600000
46.62000000
41.05600000
54.53000000
49.97600000
43.85000000
49.00800000
45.79200000
44.83000000
49.88400000
40.27400000
54.98600000
45.20000000
42.19600000
50.37000000
46.73800000
45.98800000
47.33200000
40.21600000
51.38400000
44.32000000
44.23400000
49.48400000
47.09000000
44.46000000
46.85400000
41.43000000
51.90200000
46.55000000
41.43600000
50.47000000
45.69600000
44.89000000
48.89000000
40.54800000
53.45200000
46.43200000
41.87800000
50.56000000
46.77400000
45.05800000
47.39400000
41.99200000
51.72400000
44.62400000
44.93000000
49.53000000
48.19200000
45.47000000
47.88800000
40.70800000
52.44000000
45.55800000
41.90200000
49.01400000
46.96600000
44.42600000
49.41400000
40.13200000
53.38000000
45.30600000
41.90200000
48.42800000
45.89200000
45.70400000
46.52200000
41.30200000
52.59800000
45.37600000
44.36600000
49.88200000
47.33800000
43.40000000
47.55800000
40.63400000
51.99600000
45.24000000
41.90200000
50.00000000
45.25800000
44.29600000
50.43000000
39.78800000
53.14600000
45.91600000
41.31400000
52.23000000
44.94000000
43.33400000
49.09000000
45.39000000
43.75600000
48.70800000
42.39400000
53.14600000
46.85400000
44.15400000
48.46800000
40.97800000
53.47400000
45.45200000
43.09800000
49.57800000
40.51600000
52.83800000
47.71800000
42.39000000
51.55400000
47.72400000
43.80200000
49.43000000
40.93800000
53.17000000
45.60000000
43.42800000
49.46000000
44.29600000
45.77400000
49.17400000
48.61000000
45.24400000
46.45600000
40.70600000
52.21200000
44.36600000
43.45000000
47.70000000
40.78400000
53.28600000
46.55800000
44.11800000
51.03200000
41.45600000
51.99600000
46.73800000
42.60800000
48.94400000
46.78600000
44.93000000
47.81600000
40.82600000
53.99200000
47.53600000
44.55400000
49.82000000
45.56400000
43.89400000
49.31000000
41.49200000
51.92400000
46.88600000
42.53600000
50.32000000
48.77000000
43.14200000
51.59800000
46.55800000
45.42800000
47.68800000
40.95800000
52.32400000
45.89200000
43.30400000
47.73800000
46.21400000
47.74000000
48.72200000
43.78000000
52.34800000
46.07800000
41.84800000
50.20600000
46.50200000
44.34200000
50.11000000
40.63400000
52.11200000
46.76000000
42.98200000
51.59600000
46.99600000
44.71800000
47.81000000
40.86800000
52.67600000
47.34800000
43.80600000
49.22600000
41.83000000
54.03600000
46.52400000
43.14600000
52.81000000
46.42600000
43.07400000
49.43600000
45.72800000
44.28400000
48.37200000
39.93000000
52.84600000
47.79400000
43.07600000
50.72800000
41.03200000
52.60200000
48.47400000
41.44600000
49.29600000
45.64800000
45.89200000
47.34800000
40.56000000
55.84600000
45.04600000
45.37600000
48.93400000
46.85400000
45.98600000
47.18400000
40.78000000
50.83400000
46.16000000
43.05800000
49.43600000
49.67200000
44.78800000
48.66200000
40.27400000
53.14600000
45.68000000
43.21600000
49.48400000
40.05200000
52.74600000
44.60600000
42.67600000
51.43200000
46.31400000
45.75600000
47.11200000
40.54000000
51.92200000
45.36200000
43.33400000
48.12200000
41.28800000
51.91400000
46.76000000
44.48200000
49.66400000
48.36200000
45.02400000
46.97200000
40.50200000
53.24800000
45.89200000
44.04200000
49.21000000
46.57200000
44.85800000
48.15600000
41.87800000
53.09200000
50.01500000
54.60330000
62.05600000
42.08600000
50.82200000
44.53000000
44.13200000
47.18400000
39.86000000
54.05800000
45.50800000
43.87400000
47.53600000
39.39400000
50.91600000
44.32000000
41.18000000
49.22000000
43.57200000
43.71400000
46.97200000
41.55000000
52.42200000
45.31200000
43.76000000
47.65200000
40.09200000
50.51000000
46.52600000
40.88400000
51.37800000
44.24800000
42.93400000
48.29600000
45.77400000
46.88000000
46.65000000
40.04400000
50.54000000
45.25800000
43.09000000
46.62000000
42.93400000
51.70600000
44.20400000
44.62400000
48.94400000
42.09000000
50.82200000
46.33000000
41.58600000
49.43200000
45.34200000
42.79400000
48.19400000
44.80800000
43.96800000
46.70200000
40.95200000
52.18400000
42.04200000
40.58600000
46.55000000
44.36600000
42.91000000
46.01600000
39.61200000
49.64800000
42.95000000
42.13600000
48.92000000
45.70400000
42.81600000
45.42200000
45.04600000
43.22600000
44.17800000
39.95400000
50.37400000
41.85400000
41.61400000
47.55800000
44.31200000
45.84600000
44.08400000
39.67200000
49.41400000
42.22600000
41.87800000
46.73800000
44.15400000
44.03800000
44.20800000
41.81800000
50.37200000
44.83600000
41.40800000
46.62000000
44.14400000
43.92000000
44.83600000
39.81200000
51.01200000
43.26200000
42.47400000
48.96800000
42.48800000
42.32600000
45.84600000
44.01400000
43.75800000
45.37400000
39.34000000
51.14200000
41.01000000
39.88200000
48.63800000
45.30600000
41.55000000
47.06800000
43.52200000
43.52200000
45.37600000
39.90600000
50.01200000
42.74600000
42.11200000
45.91600000
44.41800000
45.17400000
45.54000000
41.06400000
49.15400000
43.04800000
40.58600000
47.11200000
43.75600000
42.67600000
45.79800000
39.11200000
49.16400000
44.78800000
41.57200000
48.49800000
44.12600000
42.09000000
46.05200000
43.91000000
43.75600000
44.86000000
39.79000000
49.86000000
43.29200000
42.88000000
48.63400000
45.79800000
42.23000000
44.68600000
43.98800000
43.87400000
43.79600000
40.14000000
49.86600000
42.81600000
40.86000000
48.31000000
45.32800000
44.46000000
45.36600000
39.88200000
49.76600000
42.49800000
40.64600000
48.61600000
44.83600000
42.32400000
45.98600000
46.29200000
43.76600000
47.24400000
45.58600000
44.73800000
45.46200000
44.46000000
43.89000000
44.78800000
39.71800000
50.58600000
42.16600000
43.26200000
44.29000000
45.98600000
42.21000000
46.39000000
45.14800000
43.89600000
43.99000000
45.58600000
44.55400000
45.98600000
39.59600000
50.21200000
44.10800000
41.99600000
50.64600000
42.06600000
44.48400000
48.50800000
44.86000000
43.29200000
46.22000000
44.75600000
42.77000000
46.69000000
39.34200000
49.76600000
43.19200000
40.58600000
46.48200000
43.71600000
42.06600000
45.32800000
39.62600000
49.17800000
43.31000000
42.16000000
46.66600000
45.52800000
40.37600000
45.96200000
43.67400000
41.73800000
44.43600000
44.34200000
42.23000000
44.96400000
39.57600000
50.63000000
42.16000000
40.28200000
48.00400000
41.92400000
41.25000000
43.85400000
39.06200000
49.02800000
42.07800000
40.56600000
46.15000000
45.56800000
41.14200000
46.54400000
38.80200000
48.87400000
41.05600000
40.54000000
46.83000000
41.83000000
41.55000000
44.08400000
38.78200000
50.55600000
41.85400000
42.58200000
44.70000000
40.18800000
41.90200000
44.71800000
38.57400000
48.78200000
41.43200000
40.36600000
46.03200000
44.76600000
42.30000000
46.22000000
38.92000000
48.89600000
42.11400000
39.90600000
47.32400000
41.33200000
41.79600000
44.45400000
38.40800000
50.95400000
41.82200000
41.68000000
46.19800000
42.91600000
41.97600000
43.70400000
39.26400000
48.44000000
41.74600000
41.92400000
44.52600000
44.50800000
43.85000000
46.16200000
38.52400000
46.94200000
43.35600000
41.08400000
45.21200000
43.47400000
42.22200000
43.92000000
39.67200000
51.29200000
41.43200000
42.77000000
45.37600000
42.81600000
41.56800000
43.80200000
39.53000000
49.20200000
41.78400000
41.33800000
45.07000000
44.76600000
43.33400000
43.57600000
40.72800000
48.57000000
41.73800000
41.33800000
44.88200000
43.39000000
46.05600000
42.88800000
38.61000000
48.78000000
43.87400000
43.45000000
45.69800000
42.72400000
43.66200000
42.72400000
39.78800000
48.46600000
41.96000000
41.92400000
44.72000000
40.63400000
49.15400000
43.42600000
40.79600000
46.97000000
42.70000000
42.30000000
45.89600000
39.10800000
48.49200000
42.39000000
39.57600000
50.51600000
41.31400000
43.02600000
44.81200000
38.92000000
49.79000000
41.66600000
40.58600000
45.84200000
43.02800000
42.44200000
44.22600000
41.40800000
49.08400000
43.33400000
40.27800000
44.69400000
43.40400000
42.20600000
43.75600000
39.22600000
49.60000000
41.01000000
40.49200000
48.42800000
42.91000000
43.45000000
44.06200000
39.01200000
47.95800000
41.91000000
38.85000000
49.43400000
42.04200000
41.10400000
44.72200000
40.54000000
47.18400000
45.02400000
40.35400000
46.29600000
43.59200000
42.25600000
42.63800000
40.70400000
46.40800000
42.18400000
39.55400000
50.82800000
41.26800000
43.21600000
45.61000000
42.69600000
42.74600000
42.99800000
38.87400000
48.66200000
41.37800000
40.81400000
45.37600000
45.16400000
43.50800000
45.00400000
38.35600000
48.96800000
41.45600000
40.75800000
45.68000000
42.86400000
43.39600000
42.56400000
40.23400000
50.93200000
41.37400000
42.35400000
45.53200000
42.95200000
42.00800000
44.02200000
38.75600000
48.31000000
41.50200000
40.73200000
44.93000000
44.81600000
44.20200000
44.45000000
39.15200000
48.12400000
41.41600000
41.36200000
45.37600000
39.11800000
48.70800000
41.55000000
39.87800000
47.78200000
43.38200000
43.19200000
44.22600000
44.13600000
43.38200000
41.91400000
39.80000000
49.51400000
41.83000000
41.48000000
44.57800000
41.12200000
49.01800000
43.75600000
40.57000000
45.63400000
43.49800000
42.22200000
45.16400000
38.66200000
48.80000000
41.74800000
39.93000000
47.84000000
43.30400000
44.01400000
43.74600000
38.27000000
48.96800000
41.31400000
40.75200000
45.49200000
42.72400000
41.50200000
44.36600000
40.29200000
48.45000000
43.06800000
40.54000000
46.11800000
42.67600000
41.85200000
42.84000000
41.73800000
43.24000000
43.96800000
38.94400000
51.05600000
41.85400000
42.70000000
45.37600000
43.11800000
42.74600000
43.24000000
39.77800000
49.15200000
41.03000000
40.66400000
44.48400000
45.28200000
42.81600000
47.22800000
42.71200000
42.96000000
43.10000000
38.80200000
49.42800000
41.69000000
40.53600000
45.32800000
43.52200000
44.17600000
43.78000000
40.35200000
47.01800000
43.00400000
41.06600000
44.55400000
43.28400000
42.12000000
43.52400000
38.89600000
48.82600000
42.99400000
40.16200000
47.04800000
43.05200000
41.73800000
43.94400000
39.66000000
48.02800000
42.12600000
39.80600000
46.01000000
43.73200000
44.67200000
43.96800000
40.61000000
47.58200000
43.82600000
39.17800000
47.60600000
44.02600000
42.13800000
43.09000000
39.55400000
47.55800000
45.09400000
43.11600000
45.40000000
39.88200000
45.98600000
43.89200000
43.43000000
42.59400000
40.28200000
45.03800000
42.79400000
44.29400000
43.80600000
41.08000000
46.48600000
39.10800000
49.69400000
42.37000000
41.33600000
44.58600000
38.70800000
49.06200000
41.00800000
42.34800000
45.30600000
40.18400000
48.66800000
42.55800000
43.24000000
42.39400000
40.14000000
45.91600000
42.39200000
43.59200000
42.63000000
40.42000000
47.53600000
43.42800000
46.22000000
41.66600000
41.75400000
46.90200000
43.21600000
44.29600000
42.63000000
41.83000000
44.78800000
38.95800000
51.83000000
41.90000000
44.58000000
44.86000000
38.66200000
48.70800000
41.71400000
42.18400000
43.70800000
41.12600000
47.39400000
42.78400000
45.16400000
43.68600000
41.31400000
47.93600000
42.85600000
43.56800000
43.24800000
40.50800000
47.46400000
42.97200000
42.09200000
43.47400000
41.57600000
50.17800000
42.57400000
42.21000000
43.97200000
38.70800000
48.56800000
41.98800000
42.84000000
44.76200000
39.47000000
47.04200000
45.40000000
43.31000000
45.29400000
40.33800000
47.67600000
44.27200000
43.75200000
43.11800000
39.76000000
47.41800000
43.33400000
42.84000000
44.88200000
39.02200000
48.75600000
42.81600000
42.46400000
44.01400000
43.84600000
42.49000000
42.27200000
39.48600000
46.40800000
43.80200000
43.80200000
44.17800000
40.68000000
49.10800000
41.66600000
43.14600000
43.70200000
38.82600000
48.38000000
41.71400000
41.71200000
45.11800000
40.93600000
49.06800000
43.28600000
42.30000000
44.34200000
38.92000000
49.95200000
42.04200000
40.79800000
44.55400000
38.90200000
48.63800000
43.49800000
41.36000000
47.87200000
42.82800000
43.74600000
42.85400000
40.13800000
46.36200000
43.19200000
43.38000000
43.73200000
40.04000000
51.03200000
42.82800000
44.17800000
43.45000000
38.96600000
47.37000000
42.98200000
41.83000000
44.20200000
38.48600000
48.82800000
41.47800000
43.94400000
43.82800000
40.54000000
48.12200000
41.87800000
42.51200000
44.17800000
40.64200000
48.54400000
43.58600000
43.26200000
43.63800000
41.42600000
49.53800000
42.78800000
42.18400000
43.20000000
39.45400000
46.37400000
42.95800000
42.25400000
41.65000000
38.66200000
48.06600000
44.11400000
42.88800000
45.40400000
38.75600000
48.94200000
42.11200000
43.52200000
43.50800000
40.88800000
47.30000000
42.79400000
43.90400000
45.23400000
39.53000000
48.68600000
41.83000000
42.09000000
43.75600000
39.90600000
47.06000000
43.14400000
42.01800000
43.95400000
39.01400000
48.73600000
44.41400000
45.18800000
43.29600000
39.62400000
45.67000000
43.63800000
43.35600000
42.53600000
41.47800000
45.23200000
38.92000000
50.97800000
41.86800000
44.01400000
46.33800000
43.66200000
43.88600000
42.22400000
41.63600000
46.34200000
43.47400000
43.54400000
43.16200000
42.21600000
46.99600000
44.65200000
44.15400000
43.00400000
39.76600000
46.45000000
43.21400000
43.16000000
42.65200000
41.22000000
45.79800000
44.93000000
43.68600000
46.44600000
40.74400000
45.45600000
43.00400000
43.87400000
41.55200000
41.80800000
44.80200000
38.45400000
46.59600000
44.91800000
43.06400000
46.62000000
40.14000000
47.11200000
43.68600000
42.46400000
43.17000000
39.48400000
47.63000000
43.10800000
43.35600000
46.01800000
39.78400000
49.32000000
43.58600000
42.65400000
43.80200000
38.91800000
47.35000000
42.84000000
43.33800000
43.05200000
40.62000000
47.39400000
42.93400000
45.54000000
42.16000000
40.93800000
45.25400000
38.73200000
48.45000000
41.42800000
42.86400000
43.85000000
39.83600000
50.39400000
43.93600000
44.14600000
43.70800000
39.87000000
47.74600000
43.00400000
41.47800000
43.99400000
38.80000000
45.37600000
43.31000000
44.81200000
43.58200000
41.27600000
46.91600000
42.69600000
43.52200000
42.79400000
39.63600000
47.18400000
43.00400000
41.67000000
44.46000000
41.31400000
49.56200000
42.91800000
43.66200000
42.77000000
40.28200000
46.16800000
38.42800000
48.99000000
43.38000000
41.36600000
44.15400000
41.56800000
49.57800000
43.63800000
42.02600000
44.48000000
39.19600000
47.25600000
42.39400000
42.86400000
42.63000000
40.43000000
46.62000000
45.02400000
40.54000000
47.63000000
39.13200000
48.59000000
41.85400000
42.34800000
44.01400000
39.68400000
47.37000000
43.21600000
43.07600000
45.40000000
39.07800000
49.46600000
43.08400000
42.86400000
43.24000000
40.04600000
46.38400000
39.12200000
49.78800000
42.04200000
41.94800000
47.58200000
39.03800000
50.93800000
42.63600000
41.31000000
45.04600000
39.50600000
47.67600000
42.67600000
41.47800000
44.10200000
38.70800000
49.17800000
43.54400000
43.82600000
44.03800000
38.52200000
48.82600000
42.04800000
42.58200000
44.55400000
39.01400000
48.87400000
42.13000000
44.55400000
44.43600000
41.52000000
48.52400000
42.37000000
43.26200000
43.71200000
40.37600000
47.18400000
41.57000000
43.75600000
43.12200000
41.71400000
46.22000000
44.86000000
43.09800000
42.84000000
39.80000000
44.86000000
41.47800000
41.87800000
43.68600000
40.04600000
47.09000000
44.43000000
43.20600000
45.52200000
40.49200000
46.55000000
44.20200000
44.93400000
42.54800000
40.58600000
45.82200000
43.01400000
43.92000000
45.07000000
40.35200000
47.58800000
42.55800000
43.80200000
41.99800000
42.01800000
41.66600000
38.74000000
49.78800000
41.84400000
41.22000000
46.24400000
44.67200000
45.23400000
40.79800000
40.82200000
46.00600000
39.60400000
48.93400000
41.40800000
42.06600000
45.16400000
38.63200000
49.38400000
42.96800000
45.18800000
43.04600000
39.47400000
49.69400000
41.35600000
42.04800000
43.80200000
39.64800000
46.30400000
43.07600000
45.47000000
42.95200000
41.98000000
44.69400000
43.41000000
43.99000000
43.66200000
41.97600000
44.95400000
39.06200000
48.07000000
40.82200000
42.94000000
46.14600000
40.00200000
49.17800000
40.54000000
41.61400000
44.36600000
39.03800000
49.14000000
41.87200000
42.16200000
42.71800000
40.75200000
49.46000000
42.65200000
43.40400000
42.65200000
40.23400000
46.55000000
43.70000000
44.86000000
41.54400000
42.02800000
44.62400000
40.54000000
49.67200000
43.10600000
41.29200000
45.13600000
38.87400000
49.05400000
41.08600000
41.24400000
44.48400000
38.40400000
48.99000000
43.08400000
41.97200000
46.83000000
39.40800000
45.97400000
43.05200000
44.62400000
41.60600000
41.19800000
46.47800000
39.41400000
50.10400000
43.09400000
41.85400000
46.47800000
38.94400000
46.80800000
42.86400000
42.95800000
43.12200000
39.88200000
46.33800000
42.66400000
43.73200000
45.35600000
40.44600000
47.32400000
44.36600000
43.47800000
41.93600000
40.47000000
46.40800000
42.63000000
43.32200000
43.82600000
39.32000000
49.06200000
41.62000000
44.83600000
43.40400000
39.18600000
49.67200000
41.66600000
41.82600000
44.62400000
38.73200000
46.95400000
43.14600000
43.70800000
42.30000000
39.62200000
47.53600000
43.26000000
42.86400000
44.15400000
38.78000000
47.19800000
42.60600000
43.68600000
43.37800000
43.18200000
44.97200000
45.10400000
43.99000000
43.54400000
40.11800000
45.29800000
42.57800000
43.34000000
42.69600000
40.28200000
45.63000000
45.23400000
42.93400000
44.62400000
39.28000000
46.83000000
43.05800000
43.07600000
41.75600000
41.31200000
44.72200000
38.31000000
49.45200000
43.89600000
42.40800000
46.26800000
39.94800000
48.85000000
41.64400000
42.48800000
43.70600000
39.93000000
48.46200000
41.33200000
42.88800000
45.61200000
39.32400000
48.73200000
43.17600000
43.31200000
44.18800000
39.45600000
46.91800000
42.60600000
41.71400000
43.89600000
39.71800000
51.38400000
42.43000000
44.06800000
44.95400000
39.16600000
46.92400000
41.47800000
41.99600000
43.97800000
37.27600000
47.23000000
42.63000000
44.10800000
42.91000000
41.15000000
46.55000000
44.80200000
42.72400000
43.58200000
39.86000000
47.34800000
43.17000000
42.98200000
43.03600000
41.42000000
47.91000000
45.30600000
42.58600000
43.86800000
38.49000000
47.56200000
43.00400000
41.77200000
43.59200000
40.37600000
45.97200000
45.18800000
43.21800000
45.09400000
40.14000000
47.84000000
41.74800000
41.83000000
44.47000000
38.64600000
49.06200000
42.37000000
41.65200000
45.93200000
39.24400000
51.48800000
41.09600000
42.13800000
44.53000000
39.01400000
47.44200000
42.97800000
43.57400000
42.88800000
39.83600000
48.35600000
43.59200000
45.61000000
42.36600000
40.21400000
44.44800000
43.04800000
42.95800000
43.42800000
39.03800000
46.64400000
42.72400000
44.71800000
44.32000000
41.33800000
49.19000000
43.56800000
43.00600000
42.98200000
39.53000000
46.47800000
43.42800000
43.31600000
44.20200000
41.44400000
46.90200000
45.56400000
41.76200000
44.17400000
38.84000000
47.37800000
43.54400000
43.56800000
42.92400000
40.49200000
45.81600000
40.86800000
49.44800000
41.50800000
40.21200000
45.82200000
40.15600000
49.33400000
41.10400000
41.64200000
44.06200000
38.63800000
48.32400000
43.42000000
42.75600000
46.75200000
39.83600000
49.21600000
42.18400000
41.83000000
43.63800000
38.61800000
45.44800000
42.70000000
41.97200000
46.65800000
38.83600000
49.78800000
41.52600000
41.55000000
44.26400000
39.89200000
48.33400000
41.94800000
42.07400000
43.80600000
38.73200000
48.92000000
43.75600000
45.08400000
42.82000000
40.53000000
45.51800000
39.33800000
48.68600000
40.77400000
41.74800000
44.94800000
39.15200000
51.02800000
41.08000000
44.10800000
43.32200000
39.92400000
47.00200000
43.49800000
44.69400000
42.13600000
40.61000000
45.96200000
43.15400000
45.73400000
42.91800000
42.29400000
45.51600000
38.56800000
49.05200000
40.91600000
42.56200000
44.15400000
38.56400000
49.05600000
41.37400000
44.75800000
43.80200000
41.08000000
46.45200000
42.76400000
43.84200000
43.47400000
39.74200000
48.61000000
42.82200000
43.37200000
45.07000000
45.89200000
43.54400000
45.96200000
40.30600000
45.23400000
42.71400000
43.25800000
42.20600000
41.10400000
44.93000000
38.76000000
48.45400000
41.87800000
42.05200000
45.86800000
38.88600000
47.09200000
43.07600000
43.68600000
42.94200000
40.89200000
47.17600000
38.77000000
49.11600000
43.33400000
41.94800000
46.94800000
38.87400000
46.95200000
42.53600000
42.06600000
43.47800000
40.70400000
46.71200000
43.78000000
43.64200000
44.25200000
40.23400000
47.84000000
42.93400000
43.75000000
42.38600000
40.65800000
46.22200000
42.67600000
43.78800000
44.59600000
39.36600000
50.61000000
41.66600000
44.13200000
44.03800000
39.37800000
46.64400000
42.61200000
43.60200000
42.39600000
40.49200000
46.00600000
42.72400000
45.32000000
42.91000000
41.90200000
46.72400000
43.03400000
43.82600000
44.33800000
39.86000000
46.22000000
43.14600000
44.24800000
40.72800000
41.35200000
49.51800000
43.97800000
42.60600000
43.68600000
38.61000000
47.30000000
42.81600000
42.14200000
44.60000000
39.01400000
47.44400000
45.80800000
43.02400000
45.12800000
39.57800000
47.30200000
43.47400000
42.94400000
43.30000000
39.69400000
48.21600000
42.81600000
42.28800000
46.90200000
38.88200000
49.22600000
43.49800000
42.35200000
44.03800000
39.31400000
48.94400000
41.94800000
43.66200000
43.73200000
40.04600000
49.35000000
43.21600000
44.26800000
43.32000000
38.83800000
47.25400000
42.98200000
42.29600000
43.99800000
38.99000000
47.37000000
43.32600000
44.84000000
45.63400000
41.51600000
46.84800000
43.59200000
43.05200000
43.52800000
39.83600000
46.90600000
43.82600000
43.53200000
43.37200000
42.12800000
46.95200000
45.02400000
43.20600000
43.40400000
39.08000000
45.84600000
42.09000000
42.70000000
44.73400000
39.44600000
46.92400000
45.44600000
42.60600000
46.83000000
40.09400000
47.44200000
43.40400000
43.47400000
44.15800000
39.95800000
50.06600000
41.80800000
42.35000000
46.17600000
39.36600000
48.50000000
43.42800000
43.89800000
42.32600000
41.26800000
45.23600000
39.34600000
49.47000000
41.66600000
41.76000000
46.75200000
39.09800000
49.43600000
43.92000000
42.15600000
45.02400000
39.22600000
49.41400000
42.27600000
40.40000000
44.80400000
39.67200000
51.65800000
42.30000000
44.55400000
44.58200000
38.80200000
49.13800000
41.81400000
42.34800000
43.52200000
38.94400000
47.11200000
43.68600000
45.51600000
43.66200000
41.50200000
46.76000000
43.89600000
44.20200000
42.11200000
41.67200000
46.38400000
43.71600000
43.99600000
42.43200000
42.51200000
44.10800000
45.42200000
43.61600000
42.98400000
40.21200000
47.16000000
43.56800000
43.24000000
42.86800000
39.86000000
46.78400000
45.02400000
43.66200000
44.40400000
40.84600000
45.77400000
43.49800000
44.36600000
43.19200000
41.73800000
44.74600000
38.74400000
47.01600000
44.39000000
41.69200000
46.05600000
39.22600000
47.04200000
43.25600000
43.41400000
42.48800000
39.84400000
46.30600000
43.19000000
43.81000000
44.69400000
41.17400000
47.39000000
39.29800000
49.58600000
43.10000000
42.18400000
45.02200000
39.40000000
48.48000000
42.30800000
42.11200000
46.94800000
38.80200000
50.63400000
41.55200000
41.84400000
45.14000000
39.27200000
49.47000000
42.30000000
40.69000000
45.91600000
38.94400000
51.04200000
41.83000000
43.17000000
44.50800000
39.17800000
47.19000000
43.70800000
40.91600000
43.17800000
40.18400000
49.42800000
42.23000000
44.27200000
43.87400000
40.91200000
47.67800000
42.88800000
42.72800000
43.43200000
40.02400000
45.92600000
44.13800000
44.24800000
42.87000000
41.80800000
46.37000000
44.60000000
43.35600000
43.95000000
39.34200000
46.26800000
43.35600000
44.57800000
42.60600000
41.90200000
46.26200000
44.88200000
44.10800000
44.53000000
39.73400000
41.82400000
38.82600000
38.54200000
41.51200000
34.76600000
43.10000000
38.82600000
37.20600000
42.98200000
35.17400000
44.76600000
39.76600000
35.25400000
42.81600000
38.91600000
38.72400000
40.26400000
36.08000000
43.09800000
39.09600000
39.71000000
41.11400000
37.06600000
43.42800000
39.18000000
35.93800000
42.72400000
39.35000000
38.19200000
40.50600000
35.77400000
43.68600000
41.50200000
35.98400000
44.64200000
39.34000000
37.79400000
40.68800000
34.86000000
43.45000000
39.48200000
34.95400000
50.72800000
45.89200000
68.09200000
37.81600000
40.44600000
36.87800000
37.87000000
37.53600000
37.56400000
39.29600000
36.59600000
38.61600000
36.47800000
37.39400000
39.81200000
37.96000000
40.51600000
38.01000000
37.84000000
37.88600000
38.07600000
38.24000000
37.30000000
40.32800000
36.83000000
38.45800000
39.36600000
38.40400000
39.27200000
39.06200000
36.61600000
37.65800000
37.77000000
38.42800000
37.93400000
37.85800000
37.67200000
37.70000000
40.20400000
38.14600000
39.56800000
37.74600000
38.43400000
37.60600000
37.83200000
37.81600000
38.40800000
37.92200000
38.80800000
38.11600000
40.41600000
38.31000000
40.67800000
36.66600000
37.84000000
38.00400000
38.12200000
38.19200000
38.74200000
37.84000000
37.55800000
37.79400000
40.16400000
38.31000000
40.31600000
37.76800000
40.41600000
37.91000000
38.68600000
37.04600000
38.31600000
37.90400000
40.09800000
36.83600000
40.79800000
37.81600000
40.35200000
38.07600000
37.93600000
37.90200000
37.88800000
39.06000000
36.49600000
38.28600000
37.39400000
38.08800000
39.84000000
38.13000000
40.54000000
38.19200000
37.72400000
38.00400000
38.75600000
37.04200000
37.70800000
39.36600000
37.78400000
39.08400000
38.94400000
38.95000000
38.90400000
37.98200000
37.93400000
38.36400000
37.25400000
38.86800000
37.16000000
37.67800000
36.08000000
37.65200000
39.76000000
38.03200000
39.64200000
39.10800000
36.62000000
38.77800000
35.31000000
36.81800000
38.07600000
39.32000000
37.55800000
37.84000000
39.83000000
39.72200000
38.14600000
37.70000000
37.41000000
37.81600000
37.93400000
37.74600000
37.97400000
37.67200000
38.03600000
38.76000000
39.01400000
38.07600000
39.54800000
38.21800000
38.14600000
38.68600000
36.90800000
37.68200000
38.21600000
38.70800000
38.13200000
38.38000000
39.67200000
38.47600000
39.29400000
38.82600000
37.04200000
38.96800000
36.76000000
37.81600000
38.61600000
37.37000000
38.80200000
37.20600000
40.25400000
38.07600000
40.20000000
38.09200000
38.26200000
37.53600000
38.63800000
36.82600000
38.14800000
38.54000000
38.65000000
38.09800000
40.70400000
38.12200000
40.02600000
38.26200000
37.51200000
38.33400000
37.67600000
38.33200000
37.81600000
37.93600000
37.96400000
38.13800000
40.39200000
38.35600000
39.85600000
38.68600000
38.13600000
37.48800000
37.69600000
37.81600000
38.28600000
38.19800000
39.86800000
37.34800000
41.36200000
37.77000000
39.17800000
37.81600000
38.00400000
37.56200000
38.05200000
37.63000000
38.71400000
35.97400000
37.93400000
38.45400000
39.15400000
38.74200000
39.09400000
38.59200000
37.20600000
38.72600000
37.87000000
37.88800000
39.43600000
36.40000000
38.66200000
37.91000000
40.54000000
37.60600000
40.14200000
37.34800000
38.54400000
36.71400000
37.72400000
37.90000000
37.84000000
38.17000000
37.67600000
37.58800000
41.22000000
36.82400000
40.82200000
37.24000000
37.72400000
37.74600000
39.48400000
36.74400000
37.72400000
38.00400000
38.76200000
37.95800000
39.88600000
38.47400000
40.37600000
37.30000000
38.14600000
37.11200000
38.26600000
37.39400000
38.91600000
36.76000000
39.06200000
36.90200000
39.50800000
38.75600000
38.96800000
39.34200000
37.09000000
38.68200000
37.21400000
37.58200000
38.24600000
38.26200000
38.53200000
38.19200000
39.29600000
38.16200000
39.12800000
37.94400000
37.51200000
38.99200000
36.58200000
37.72400000
37.93400000
37.91000000
37.77000000
38.26200000
39.15400000
38.35600000
39.45600000
38.62200000
37.47400000
38.03400000
38.46200000
36.75600000
38.05000000
37.84000000
37.91000000
38.00400000
40.23400000
38.12200000
39.48400000
38.04400000
38.73200000
37.58200000
37.29000000
38.35600000
38.46000000
36.97200000
38.73200000
36.67000000
40.45400000
36.57200000
40.89400000
36.64400000
38.00400000
38.09800000
37.74600000
37.80200000
38.26200000
38.56200000
39.21000000
37.50800000
40.75200000
37.74600000
40.61800000
37.75000000
38.35600000
35.27800000
38.14600000
37.95000000
38.31000000
38.80800000
37.91200000
36.93000000
39.86200000
38.00400000
39.31200000
36.26800000
37.61200000
37.88800000
38.35600000
37.80200000
38.05600000
38.80200000
39.13200000
38.63600000
39.95400000
38.78800000
40.05600000
38.70800000
35.93000000
36.80600000
37.37600000
37.86400000
37.96600000
37.74600000
37.65200000
38.05000000
40.00000000
38.02800000
39.55400000
37.86400000
39.95400000
37.79400000
36.25400000
37.25400000
37.06800000
38.96800000
37.51200000
39.33000000
38.78000000
38.89600000
38.94200000
38.11000000
37.99800000
38.92000000
36.95400000
37.96400000
37.27600000
38.68600000
37.23000000
37.50400000
39.41800000
37.90600000
39.41400000
38.46200000
37.66800000
38.45800000
37.33600000
38.50400000
37.27600000
39.60000000
37.25400000
38.02800000
40.09400000
38.12200000
39.65000000
38.92000000
36.80800000
37.44000000
37.97600000
39.06400000
36.80800000
37.55400000
38.83000000
36.57200000
39.91200000
38.07600000
40.23400000
37.62400000
38.61600000
38.36600000
37.25400000
37.53600000
38.12200000
37.79400000
38.99000000
37.77000000
40.35400000
37.88800000
39.97000000
37.67600000
38.45000000
37.09000000
38.68600000
37.27600000
39.79400000
37.11200000
38.07200000
38.23800000
40.77400000
37.49400000
40.51800000
38.00400000
38.47400000
37.32400000
38.99000000
36.80800000
38.09800000
38.47800000
39.45600000
38.31600000
39.76600000
38.02800000
39.77600000
37.84000000
38.14000000
38.14600000
37.79400000
38.73200000
37.93400000
37.78800000
37.91600000
36.81000000
39.95400000
37.95800000
39.61000000
38.09800000
38.01600000
37.67600000
37.81600000
37.74600000
39.08400000
37.00400000
38.66200000
38.05200000
39.91800000
38.35600000
39.74200000
37.92600000
36.31400000
38.07600000
38.14600000
37.86400000
37.77000000
38.61600000
37.14200000
38.31000000
40.30400000
38.21600000
40.04600000
38.19200000
38.96800000
37.72400000
37.79000000
37.77000000
38.19200000
39.41800000
37.57200000
38.21600000
40.33000000
38.79200000
40.16200000
38.49800000
38.07600000
37.98200000
37.87400000
37.88800000
38.07200000
37.27800000
38.26200000
36.93800000
39.90600000
37.37000000
41.14200000
36.83200000
38.24000000
36.86400000
37.88800000
37.09000000
38.07600000
38.63800000
39.10800000
38.78000000
39.08400000
37.93400000
39.54800000
37.46400000
37.78600000
37.53600000
37.57800000
37.56200000
37.67600000
37.80600000
37.53600000
37.21600000
39.17800000
38.07600000
39.77800000
38.17800000
37.88800000
37.86400000
37.82000000
38.99000000
37.11200000
37.48800000
39.30800000
37.44200000
40.68000000
37.25200000
40.02800000
37.93400000
37.68600000
39.79400000
35.59600000
37.72200000
38.31000000
38.66600000
36.57200000
37.88800000
40.61000000
37.70600000
40.37600000
37.69800000
38.14600000
37.74600000
38.66200000
36.76000000
36.97200000
38.52200000
39.45600000
38.28600000
39.88200000
38.09800000
39.78800000
37.95400000
38.00200000
37.86400000
37.65200000
39.01400000
36.59800000
39.01800000
36.45600000
37.88800000
39.68000000
37.91000000
40.32800000
38.05200000
37.93400000
37.55800000
37.86400000
37.51200000
37.77000000
38.14400000
38.26200000
38.01200000
39.81200000
38.28600000
39.94000000
37.79400000
37.57800000
37.91000000
38.20000000
37.16000000
37.98200000
37.43400000
37.74600000
37.77000000
40.09400000
37.88400000
40.25600000
37.91000000
38.33400000
37.42000000
37.93400000
37.74600000
38.50800000
37.58200000
38.94400000
37.43800000
40.90200000
37.30000000
40.63400000
36.92400000
36.49600000
38.01400000
37.81600000
37.72400000
37.74200000
38.00400000
37.35400000
38.10400000
39.85800000
37.71800000
39.74800000
37.84000000
38.14600000
37.95800000
38.00400000
38.16400000
38.57000000
38.70800000
39.08400000
37.08400000
40.04600000
38.14000000
39.97800000
38.12200000
38.01200000
37.81600000
37.84000000
38.19800000
37.81600000
37.59400000
37.59400000
38.27600000
39.84200000
37.84400000
39.69800000
38.25200000
37.53600000
38.49800000
37.34800000
38.02400000
40.23400000
39.15400000
38.05200000
38.98800000
39.92200000
38.00200000
39.57800000
38.09800000
37.68000000
38.28600000
37.27800000
37.81600000
37.58200000
37.65200000
38.59200000
36.87600000
39.29600000
38.42600000
39.10800000
38.05200000
37.51200000
38.09800000
37.48400000
38.33600000
37.37000000
39.04000000
37.68600000
37.86400000
40.04800000
38.05200000
39.69400000
38.19200000
37.93400000
37.79400000
39.07600000
36.40800000
38.59200000
37.01600000
37.95800000
37.98200000
40.37200000
38.05200000
38.45000000
38.28600000
39.13200000
36.99600000
37.53600000
39.02400000
36.76000000
38.08600000
38.18800000
38.43600000
39.95400000
38.24000000
41.93600000
35.61000000
37.74600000
38.21600000
38.85000000
36.85800000
38.35600000
37.19000000
38.07600000
37.41800000
38.82600000
36.95800000
40.49200000
37.24800000
38.44000000
37.39400000
38.28600000
37.41400000
38.94800000
37.15000000
38.69600000
38.00400000
39.86000000
37.03600000
39.86000000
37.79400000
38.45000000
38.16600000
38.38000000
37.98200000
38.61600000
37.44200000
37.65200000
36.67800000
39.60000000
39.15400000
38.49400000
38.68400000
36.78400000
38.49800000
35.37600000
38.46200000
37.50400000
38.84800000
38.75200000
38.06800000
40.55600000
37.77000000
40.91600000
37.32400000
38.44000000
37.37000000
37.70000000
37.86400000
37.91000000
38.22600000
36.91000000
38.64200000
39.03800000
38.94400000
38.82600000
38.12200000
37.88800000
37.95800000
37.20600000
38.42800000
36.85800000
38.05200000
38.31000000
37.81600000
39.83600000
38.64000000
38.86000000
37.81600000
37.79400000
37.70000000
37.49000000
38.64400000
37.30000000
38.56000000
36.92400000
38.12200000
39.34200000
40.00000000
37.84000000
37.75600000
37.80000000
37.72400000
38.00400000
39.31800000
36.97200000
38.21600000
38.47400000
38.18800000
39.94600000
38.35600000
39.78800000
38.00400000
38.18400000
38.24000000
37.66600000
38.78000000
37.41800000
38.94400000
37.29200000
37.41200000
40.15200000
38.07600000
39.67200000
38.26200000
37.30800000
39.23000000
36.53400000
38.95800000
37.53600000
37.83800000
38.85000000
37.84000000
40.23400000
38.28800000
40.16400000
38.66200000
37.78400000
37.69400000
38.12800000
38.07800000
38.35600000
37.47200000
38.19200000
37.72400000
39.95400000
38.40400000
40.11800000
37.95600000
38.64000000
37.21400000
37.77000000
37.49800000
38.09800000
39.06200000
37.55400000
39.48400000
38.85000000
38.14600000
39.67200000
37.77000000
39.08600000
36.92600000
38.38600000
37.64400000
38.12200000
37.67600000
38.14600000
37.58800000
39.53000000
38.17000000
39.57800000
38.09800000
38.69000000
36.84200000
38.56800000
36.71200000
38.85200000
37.37800000
37.65400000
37.18200000
41.05200000
37.55800000
40.11800000
37.93400000
37.78200000
37.72400000
37.75000000
38.85000000
36.92400000
38.38600000
37.41800000
39.01400000
39.50800000
38.66200000
39.71800000
38.00400000
37.55800000
37.86400000
37.37000000
37.79400000
39.01400000
37.19200000
38.49800000
38.25600000
39.93400000
38.28600000
40.82200000
37.07600000
38.65800000
37.01800000
37.72400000
37.73600000
37.91000000
38.82600000
36.97200000
38.50600000
39.03800000
37.51200000
39.40800000
38.31400000
37.69800000
37.95400000
38.24400000
37.77000000
37.90600000
38.68600000
37.79400000
38.71000000
39.12600000
38.60200000
38.72000000
38.24000000
37.06600000
37.63000000
37.50800000
38.08000000
38.04000000
38.68600000
36.52600000
37.74600000
39.90600000
38.05200000
39.81200000
37.86000000
37.78800000
37.57400000
38.85000000
39.29600000
37.63000000
38.11400000
39.32800000
37.53200000
40.59800000
37.70600000
40.11400000
36.94400000
39.32600000
36.85600000
37.70000000
37.58200000
37.78600000
37.84000000
38.16800000
37.46400000
40.02400000
37.67200000
40.23400000
37.58200000
38.64800000
37.53600000
38.68600000
37.70000000
37.88800000
38.44000000
38.74000000
37.95800000
40.02000000
38.94800000
38.86400000
37.91000000
37.81600000
37.84200000
37.84400000
38.14200000
37.84000000
38.16000000
37.67600000
39.43600000
38.02800000
37.98600000
39.62000000
38.14600000
38.17000000
36.79200000
38.61600000
36.88200000
38.02800000
38.68600000
39.74600000
37.16000000
40.75200000
37.39400000
40.47800000
37.76600000
38.31400000
37.76400000
37.93400000
37.74200000
38.42800000
37.77000000
37.91000000
37.95800000
40.40000000
37.60600000
40.58600000
37.81600000
38.73200000
37.25600000
38.63800000
36.59600000
38.19200000
38.42800000
38.52400000
38.38000000
40.36200000
38.02800000
39.55400000
38.08600000
37.86400000
37.69400000
38.05200000
38.00400000
38.05200000
37.79800000
37.67200000
38.26400000
40.31200000
37.55800000
40.68400000
37.55800000
38.24000000
37.63200000
37.74600000
38.00400000
39.71800000
37.70000000
39.27000000
37.58200000
39.93000000
38.77000000
38.86800000
38.97200000
36.56800000
38.19800000
38.11400000
37.85600000
37.88400000
37.70400000
37.85800000
37.91400000
39.66000000
38.28600000
39.71200000
39.10800000
37.05600000
38.70800000
36.71400000
38.66600000
37.20600000
38.33400000
39.55400000
37.09000000
39.87800000
38.47400000
40.35200000
37.91200000
38.45800000
37.71800000
