42.00000000
94.80000000
42.00000000
68.40000000
68.40000000
86.40000000
68.40000000
42.00000000
112.80000000
68.40000000
42.00000000
86.40000000
42.00000000
68.40000000
42.00000000
104.40000000
68.40000000
42.00000000
104.40000000
42.00000000
68.40000000
68.40000000
86.40000000
68.40000000
42.00000000
112.80000000
150.60000000
42.00000000
112.80000000
50.40000000
68.40000000
42.00000000
112.80000000
68.40000000
42.00000000
112.80000000
42.00000000
68.40000000
68.40000000
78.00000000
60.00000000
42.00000000
112.80000000
42.00000000
60.00000000
68.40000000
86.40000000
68.40000000
42.00000000
112.80000000
68.40000000
42.00000000
112.80000000
42.00000000
68.40000000
68.40000000
86.40000000
68.40000000
42.00000000
94.80000000
42.00000000
68.40000000
68.40000000
86.40000000
68.40000000
42.00000000
104.40000000
68.40000000
42.00000000
112.80000000
42.00000000
76.80000000
42.00000000
112.80000000
68.40000000
42.00000000
112.80000000
42.00000000
68.40000000
68.40000000
86.40000000
68.40000000
42.00000000
112.80000000
42.00000000
60.00000000
68.40000000
86.40000000
68.40000000
42.00000000
112.80000000
68.40000000
42.00000000
112.80000000
42.00000000
68.40000000
68.40000000
86.40000000
68.40000000
42.00000000
112.80000000
42.00000000
68.40000000
68.40000000
94.80000000
68.40000000
42.00000000
94.80000000
68.40000000
42.00000000
94.80000000
42.00000000
68.40000000
42.00000000
104.40000000
68.40000000
42.00000000
112.80000000
42.00000000
68.40000000
68.40000000
86.40000000
68.40000000
42.00000000
112.80000000
60.00000000
50.40000000
94.80000000
60.00000000
68.40000000
42.00000000
112.80000000
60.00000000
42.00000000
112.80000000
42.00000000
68.40000000
68.40000000
86.40000000
68.40000000
42.00000000
112.80000000
42.00000000
76.80000000
68.40000000
86.40000000
68.40000000
42.00000000
112.80000000
68.40000000
42.00000000
112.80000000
42.00000000
68.40000000
42.00000000
86.40000000
68.40000000
42.00000000
104.40000000
42.00000000
68.40000000
150.60000000
86.40000000
68.40000000
42.00000000
112.80000000
68.40000000
42.00000000
94.80000000
68.40000000
68.40000000
42.00000000
112.80000000
68.40000000
42.00000000
112.80000000
42.00000000
60.00000000
68.40000000
86.40000000
68.40000000
42.00000000
112.80000000
42.00000000
68.40000000
68.40000000
86.40000000
68.40000000
42.00000000
112.80000000
68.40000000
42.00000000
121.20000000
42.00000000
68.40000000
42.00000000
112.80000000
68.40000000
42.00000000
112.80000000
42.00000000
68.40000000
58.80000000
68.40000000
68.40000000
42.00000000
112.80000000
68.40000000
42.00000000
94.80000000
60.00000000
68.40000000
42.00000000
112.80000000
68.40000000
42.00000000
112.80000000
42.00000000
68.40000000
68.40000000
86.40000000
76.80000000
42.00000000
112.80000000
42.00000000
60.00000000
68.40000000
86.40000000
68.40000000
42.00000000
94.80000000
68.40000000
42.00000000
112.80000000
42.00000000
68.40000000
42.00000000
104.40000000
68.40000000
42.00000000
112.80000000
42.00000000
68.40000000
68.40000000
86.40000000
68.40000000
42.00000000
112.80000000
68.40000000
42.00000000
112.80000000
42.00000000
68.40000000
42.00000000
112.80000000
68.40000000
42.00000000
94.80000000
42.00000000
68.40000000
68.40000000
86.40000000
68.40000000
42.00000000
112.80000000
42.00000000
60.00000000
68.40000000
86.40000000
76.80000000
42.00000000
112.80000000
68.40000000
42.00000000
112.80000000
42.00000000
68.40000000
60.00000000
94.80000000
68.40000000
42.00000000
104.40000000
42.00000000
68.40000000
68.40000000
86.40000000
68.40000000
42.00000000
195.00000000
68.40000000
42.00000000
112.80000000
42.00000000
68.40000000
42.00000000
112.80000000
68.40000000
50.40000000
112.80000000
42.00000000
68.40000000
68.40000000
86.40000000
68.40000000
42.00000000
112.80000000
60.00000000
50.40000000
68.40000000
68.40000000
60.00000000
42.00000000
112.80000000
68.40000000
42.00000000
94.80000000
42.00000000
68.40000000
68.40000000
86.40000000
68.40000000
42.00000000
112.80000000
42.00000000
68.40000000
68.40000000
86.40000000
68.40000000
42.00000000
112.80000000
68.40000000
42.00000000
86.40000000
50.40000000
68.40000000
42.00000000
112.80000000
68.40000000
42.00000000
112.80000000
42.00000000
68.40000000
68.40000000
86.40000000
68.40000000
42.00000000
94.80000000
68.40000000
42.00000000
86.40000000
68.40000000
68.40000000
42.00000000
112.80000000
68.40000000
42.00000000
112.80000000
42.00000000
68.40000000
68.40000000
86.40000000
68.40000000
42.00000000
112.80000000
42.00000000
68.40000000
68.40000000
86.40000000
68.40000000
42.00000000
112.80000000
68.40000000
42.00000000
104.40000000
42.00000000
68.40000000
42.00000000
112.80000000
68.40000000
42.00000000
112.80000000
42.00000000
68.40000000
68.40000000
86.40000000
68.40000000
50.40000000
112.80000000
68.40000000
42.00000000
112.80000000
42.00000000
68.40000000
42.00000000
94.80000000
68.40000000
42.00000000
94.80000000
42.00000000
68.40000000
50.40000000
86.40000000
60.00000000
42.00000000
112.80000000
42.00000000
68.40000000
68.40000000
168.60000000
60.00000000
42.00000000
112.80000000
68.40000000
42.00000000
112.80000000
42.00000000
68.40000000
60.00000000
94.80000000
68.40000000
42.00000000
112.80000000
42.00000000
68.40000000
50.40000000
86.40000000
68.40000000
42.00000000
112.80000000
68.40000000
42.00000000
112.80000000
42.00000000
68.40000000
42.00000000
112.80000000
68.40000000
42.00000000
112.80000000
50.40000000
68.40000000
68.40000000
86.40000000
68.40000000
42.00000000
112.80000000
60.00000000
50.40000000
68.40000000
86.40000000
68.40000000
42.00000000
112.80000000
68.40000000
42.00000000
112.80000000
42.00000000
68.40000000
68.40000000
86.40000000
68.40000000
154832.00000000
197202.00000000
42.00000000
68.40000000
68.40000000
86.40000000
68.40000000
42.00000000
112.80000000
68.40000000
42.00000000
112.80000000
42.00000000
68.40000000
42.00000000
112.80000000
68.40000000
42.00000000
112.80000000
42.00000000
68.40000000
50.40000000
86.40000000
76.80000000
42.00000000
112.80000000
68.40000000
42.00000000
68.40000000
86.40000000
68.40000000
42.00000000
94.80000000
60.00000000
42.00000000
94.80000000
42.00000000
68.40000000
50.40000000
86.40000000
68.40000000
42.00000000
94.80000000
42.00000000
76.80000000
68.40000000
86.40000000
68.40000000
42.00000000
112.80000000
68.40000000
42.00000000
104.40000000
42.00000000
68.40000000
42.00000000
112.80000000
68.40000000
42.00000000
112.80000000
42.00000000
68.40000000
68.40000000
94.80000000
68.40000000
42.00000000
112.80000000
68.40000000
42.00000000
86.40000000
68.40000000
68.40000000
42.00000000
112.80000000
68.40000000
42.00000000
112.80000000
42.00000000
68.40000000
68.40000000
86.40000000
68.40000000
42.00000000
112.80000000
124.20000000
68.40000000
68.40000000
86.40000000
68.40000000
42.00000000
112.80000000
68.40000000
42.00000000
121.20000000
42.00000000
68.40000000
42.00000000
104.40000000
68.40000000
42.00000000
112.80000000
42.00000000
68.40000000
68.40000000
86.40000000
68.40000000
42.00000000
112.80000000
68.40000000
42.00000000
94.80000000
14703.00000000
5234830.00000000
9615.20000000
653920.00000000
68.40000000
42.00000000
112.80000000
42.00000000
68.40000000
68.40000000
86.40000000
861.00000000
42.00000000
94.80000000
42.00000000
68.40000000
68.40000000
13782.80000000
5232680.00000000
7722.40000000
594698.00000000
60.00000000
42.00000000
112.80000000
42.00000000
68.40000000
68.40000000
94.80000000
68.40000000
42.00000000
15975.60000000
5189010.00000000
48644.00000000
9292.80000000
610605.00000000
68.40000000
42.00000000
112.80000000
68.40000000
13622.60000000
5229050.00000000
9694.80000000
683918.00000000
367236.00000000
112.80000000
368962.00000000
42.00000000
121.20000000
42.00000000
844.20000000
68.40000000
86.40000000
68.40000000
42.00000000
13876.40000000
5245440.00000000
82.80000000
149759.00000000
472640.00000000
68.40000000
42.00000000
112.80000000
60.00000000
42.00000000
112.80000000
42.00000000
68.40000000
68.40000000
94.80000000
68.40000000
42.00000000
112.80000000
42.00000000
68.40000000
14452.80000000
5245340.00000000
8059.60000000
628156.00000000
112.80000000
68.40000000
42.00000000
112.80000000
13621.40000000
5215740.00000000
28481.60000000
150981.00000000
481955.00000000
42.00000000
86.40000000
42.00000000
76.80000000
68.40000000
15181.00000000
5247020.00000000
9443.60000000
610772.00000000
68.40000000
42.00000000
94.80000000
60.00000000
68.40000000
42.00000000
103.20000000
68.40000000
42.00000000
112.80000000
42.00000000
68.40000000
68.40000000
86.40000000
68.40000000
42.00000000
112.80000000
42.00000000
68.40000000
68.40000000
177.00000000
68.40000000
42.00000000
112.80000000
68.40000000
42.00000000
121.20000000
50.40000000
68.40000000
68.40000000
86.40000000
68.40000000
42.00000000
112.80000000
42.00000000
68.40000000
68.40000000
86.40000000
68.40000000
42.00000000
94.80000000
68.40000000
42.00000000
94.80000000
60.00000000
68.40000000
42.00000000
112.80000000
68.40000000
42.00000000
112.80000000
42.00000000
60.00000000
68.40000000
86.40000000
68.40000000
42.00000000
121.20000000
42.00000000
68.40000000
68.40000000
86.40000000
68.40000000
42.00000000
103.20000000
68.40000000
42.00000000
112.80000000
42.00000000
68.40000000
68.40000000
94.80000000
68.40000000
42.00000000
112.80000000
42.00000000
68.40000000
76.80000000
94.80000000
68.40000000
42.00000000
112.80000000
68.40000000
42.00000000
86.40000000
60.00000000
68.40000000
42.00000000
112.80000000
68.40000000
42.00000000
112.80000000
42.00000000
68.40000000
68.40000000
94.80000000
68.40000000
42.00000000
112.80000000
42.00000000
60.00000000
68.40000000
68.40000000
60.00000000
42.00000000
112.80000000
68.40000000
42.00000000
112.80000000
42.00000000
68.40000000
68.40000000
86.40000000
68.40000000
42.00000000
112.80000000
42.00000000
68.40000000
68.40000000
86.40000000
68.40000000
42.00000000
112.80000000
68.40000000
50.40000000
112.80000000
42.00000000
68.40000000
42.00000000
104.40000000
68.40000000
42.00000000
94.80000000
42.00000000
68.40000000
68.40000000
168.60000000
68.40000000
42.00000000
112.80000000
42.00000000
68.40000000
86.40000000
68.40000000
68.40000000
42.00000000
112.80000000
68.40000000
42.00000000
121.20000000
42.00000000
68.40000000
68.40000000
86.40000000
68.40000000
42.00000000
112.80000000
42.00000000
68.40000000
68.40000000
94.80000000
68.40000000
42.00000000
112.80000000
68.40000000
42.00000000
121.20000000
42.00000000
68.40000000
42.00000000
112.80000000
68.40000000
42.00000000
121.20000000
42.00000000
68.40000000
68.40000000
94.80000000
68.40000000
42.00000000
112.80000000
68.40000000
42.00000000
94.80000000
60.00000000
68.40000000
42.00000000
121.20000000
68.40000000
42.00000000
18571.40000000
5250290.00000000
9171.20000000
607843.00000000
86.40000000
68.40000000
42.00000000
112.80000000
42.00000000
60.00000000
76.80000000
86.40000000
68.40000000
42.00000000
112.80000000
68.40000000
42.00000000
112.80000000
42.00000000
68.40000000
60.00000000
94.80000000
68.40000000
42.00000000
112.80000000
42.00000000
68.40000000
68.40000000
86.40000000
68.40000000
370344.00000000
112.80000000
68.40000000
42.00000000
94.80000000
60.00000000
68.40000000
42.00000000
112.80000000
68.40000000
42.00000000
112.80000000
42.00000000
68.40000000
76.80000000
94.80000000
68.40000000
13839.60000000
5229590.00000000
16840.00000000
153456.00000000
468662.00000000
86.40000000
60.00000000
42.00000000
112.80000000
68.40000000
42.00000000
112.80000000
42.00000000
13836.80000000
5236200.00000000
153.60000000
154007.00000000
531407.00000000
112.80000000
42.00000000
68.40000000
60.00000000
13847.60000000
27622.60000000
5219200.00000000
10121.60000000
617380.00000000
42.00000000
112.80000000
42.00000000
68.40000000
42.00000000
112.80000000
68.40000000
42.00000000
112.80000000
42.00000000
68.40000000
68.40000000
94.80000000
68.40000000
42.00000000
112.80000000
60.00000000
50.40000000
68.40000000
86.40000000
68.40000000
42.00000000
103.20000000
60.00000000
42.00000000
112.80000000
42.00000000
68.40000000
68.40000000
94.80000000
68.40000000
42.00000000
112.80000000
50.40000000
68.40000000
60.00000000
86.40000000
68.40000000
42.00000000
104.40000000
68.40000000
42.00000000
112.80000000
42.00000000
68.40000000
42.00000000
104.40000000
68.40000000
42.00000000
112.80000000
42.00000000
68.40000000
68.40000000
86.40000000
68.40000000
50.40000000
112.80000000
68.40000000
42.00000000
76.80000000
60.00000000
68.40000000
42.00000000
112.80000000
68.40000000
42.00000000
112.80000000
42.00000000
68.40000000
68.40000000
86.40000000
68.40000000
42.00000000
112.80000000
42.00000000
68.40000000
68.40000000
86.40000000
68.40000000
42.00000000
112.80000000
68.40000000
42.00000000
112.80000000
42.00000000
68.40000000
42.00000000
112.80000000
68.40000000
42.00000000
104.40000000
42.00000000
68.40000000
68.40000000
86.40000000
68.40000000
42.00000000
112.80000000
68.40000000
42.00000000
86.40000000
76.80000000
68.40000000
42.00000000
112.80000000
68.40000000
42.00000000
112.80000000
42.00000000
68.40000000
68.40000000
168.60000000
60.00000000
42.00000000
112.80000000
42.00000000
60.00000000
68.40000000
86.40000000
68.40000000
42.00000000
112.80000000
68.40000000
42.00000000
112.80000000
42.00000000
68.40000000
68.40000000
86.40000000
68.40000000
42.00000000
112.80000000
42.00000000
68.40000000
76.80000000
86.40000000
68.40000000
42.00000000
112.80000000
68.40000000
42.00000000
112.80000000
42.00000000
68.40000000
42.00000000
112.80000000
68.40000000
42.00000000
112.80000000
42.00000000
68.40000000
68.40000000
86.40000000
76.80000000
42.00000000
112.80000000
42.00000000
68.40000000
68.40000000
86.40000000
60.00000000
42.00000000
94.80000000
68.40000000
42.00000000
112.80000000
42.00000000
68.40000000
68.40000000
86.40000000
68.40000000
42.00000000
112.80000000
42.00000000
68.40000000
68.40000000
86.40000000
68.40000000
42.00000000
121.20000000
68.40000000
42.00000000
104.40000000
42.00000000
68.40000000
42.00000000
104.40000000
68.40000000
42.00000000
112.80000000
42.00000000
68.40000000
68.40000000
86.40000000
68.40000000
42.00000000
112.80000000
60.00000000
50.40000000
68.40000000
78.00000000
68.40000000
42.00000000
112.80000000
68.40000000
42.00000000
112.80000000
42.00000000
60.00000000
68.40000000
86.40000000
68.40000000
42.00000000
112.80000000
42.00000000
68.40000000
68.40000000
86.40000000
68.40000000
42.00000000
112.80000000
68.40000000
42.00000000
112.80000000
42.00000000
68.40000000
132.60000000
112.80000000
68.40000000
42.00000000
112.80000000
13821.40000000
5239200.00000000
8724.40000000
146965.00000000
486207.00000000
42.00000000
112.80000000
68.40000000
42.00000000
13668.80000000
5054730.00000000
188988.00000000
9340.80000000
618242.00000000
68.40000000
42.00000000
112.80000000
42.00000000
60.00000000
13850.40000000
5238830.00000000
100.80000000
157228.00000000
475077.00000000
42.00000000
68.40000000
50.40000000
86.40000000
68.40000000
42.00000000
94.80000000
15831.20000000
5254720.00000000
9759.60000000
612376.00000000
68.40000000
42.00000000
112.80000000
68.40000000
42.00000000
112.80000000
380402.00000000
67921.80000000
30026.00000000
6795.60000000
540829.00000000
173580.00000000
59274.60000000
22821.20000000
128455.00000000
179374.00000000
42.00000000
382510.00000000
13989.60000000
5247730.00000000
135.60000000
160630.00000000
482310.00000000
13986.60000000
5623280.00000000
104.40000000
161715.00000000
470046.00000000
411420.00000000
444172.00000000
7550.00000000
5367630.00000000
183575.00000000
706728.00000000
60.00000000
42.00000000
112.80000000
68.40000000
42.00000000
105.60000000
13791.20000000
5250220.00000000
7663.60000000
156440.00000000
441914.00000000
42.00000000
112.80000000
42.00000000
68.40000000
68.40000000
86.40000000
68.40000000
42.00000000
112.80000000
68.40000000
42.00000000
112.80000000
61.20000000
68.40000000
42.00000000
94.80000000
68.40000000
42.00000000
112.80000000
42.00000000
68.40000000
50.40000000
86.40000000
68.40000000
13729.60000000
5270540.00000000
74.40000000
165020.00000000
471107.00000000
86.40000000
68.40000000
42.00000000
112.80000000
68.40000000
42.00000000
94.80000000
42.00000000
68.40000000
76.80000000
86.40000000
68.40000000
42.00000000
112.80000000
42.00000000
68.40000000
68.40000000
86.40000000
68.40000000
42.00000000
112.80000000
68.40000000
42.00000000
112.80000000
42.00000000
150.60000000
42.00000000
104.40000000
68.40000000
42.00000000
112.80000000
42.00000000
68.40000000
68.40000000
86.40000000
68.40000000
50.40000000
112.80000000
60.00000000
50.40000000
94.80000000
60.00000000
60.00000000
42.00000000
112.80000000
60.00000000
42.00000000
112.80000000
42.00000000
68.40000000
68.40000000
86.40000000
68.40000000
42.00000000
112.80000000
42.00000000
68.40000000
68.40000000
86.40000000
68.40000000
13820.00000000
5208430.00000000
50360.00000000
9298.40000000
623246.00000000
42.00000000
68.40000000
60.00000000
103.20000000
68.40000000
42.00000000
112.80000000
42.00000000
68.40000000
13914.20000000
5260490.00000000
109.20000000
165351.00000000
473010.00000000
68.40000000
42.00000000
94.80000000
60.00000000
68.40000000
42.00000000
121.20000000
68.40000000
42.00000000
112.80000000
42.00000000
60.00000000
68.40000000
86.40000000
60.00000000
42.00000000
112.80000000
42.00000000
68.40000000
68.40000000
86.40000000
68.40000000
42.00000000
112.80000000
68.40000000
42.00000000
112.80000000
42.00000000
68.40000000
68.40000000
86.40000000
68.40000000
42.00000000
112.80000000
42.00000000
76.80000000
60.00000000
86.40000000
68.40000000
42.00000000
104.40000000
68.40000000
42.00000000
104.40000000
42.00000000
68.40000000
42.00000000
104.40000000
68.40000000
42.00000000
112.80000000
42.00000000
68.40000000
68.40000000
86.40000000
68.40000000
42.00000000
112.80000000
42.00000000
68.40000000
68.40000000
86.40000000
60.00000000
42.00000000
112.80000000
150.60000000
42.00000000
112.80000000
42.00000000
68.40000000
68.40000000
86.40000000
68.40000000
42.00000000
112.80000000
42.00000000
68.40000000
68.40000000
94.80000000
68.40000000
42.00000000
112.80000000
76.80000000
42.00000000
94.80000000
42.00000000
68.40000000
13886.60000000
5262340.00000000
9791.60000000
159329.00000000
466407.00000000
42.00000000
68.40000000
68.40000000
86.40000000
68.40000000
42.00000000
112.80000000
60.00000000
50.40000000
86.40000000
2076.60000000
442658.00000000
26745.60000000
13254.80000000
191149.00000000
157211.00000000
5265320.00000000
10222.40000000
501162.00000000
137906.00000000
86.40000000
68.40000000
42.00000000
112.80000000
42.00000000
68.40000000
393591.00000000
26651.20000000
28149.80000000
22968.80000000
6733.20000000
13529.20000000
6246.00000000
6300.00000000
6246.00000000
6290.40000000
6316.80000000
6282.00000000
6264.00000000
6246.00000000
6313.20000000
41675.00000000
54466.40000000
26403.20000000
47665.00000000
176263.00000000
79453.60000000
112.80000000
68.40000000
50.40000000
94.80000000
60.00000000
68.40000000
42.00000000
112.80000000
68.40000000
42.00000000
112.80000000
42.00000000
60.00000000
68.40000000
437168.00000000
26351.00000000
7042.80000000
159669.00000000
131236.00000000
729.60000000
68.40000000
86.40000000
68.40000000
52.80000000
112.80000000
68.40000000
42.00000000
112.80000000
42.00000000
68.40000000
68.40000000
86.40000000
68.40000000
42.00000000
112.80000000
42.00000000
68.40000000
60.00000000
86.40000000
68.40000000
42.00000000
104.40000000
68.40000000
61.20000000
112.80000000
42.00000000
68.40000000
42.00000000
112.80000000
150.60000000
448347.00000000
26580.60000000
23336.80000000
104507.00000000
173531.00000000
30177.00000000
126.00000000
291.60000000
112.80000000
42.00000000
68.40000000
68.40000000
86.40000000
68.40000000
42.00000000
112.80000000
68.40000000
42.00000000
112.80000000
42.00000000
68.40000000
76.80000000
86.40000000
68.40000000
42.00000000
112.80000000
42.00000000
68.40000000
68.40000000
86.40000000
68.40000000
42.00000000
104.40000000
68.40000000
42.00000000
104.40000000
42.00000000
395780.00000000
42.00000000
121.20000000
68.40000000
42.00000000
112.80000000
42.00000000
68.40000000
68.40000000
86.40000000
68.40000000
42.00000000
112.80000000
60.00000000
50.40000000
94.80000000
60.00000000
68.40000000
42.00000000
112.80000000
68.40000000
42.00000000
112.80000000
42.00000000
60.00000000
68.40000000
86.40000000
68.40000000
42.00000000
112.80000000
42.00000000
68.40000000
50.40000000
86.40000000
68.40000000
50.40000000
112.80000000
68.40000000
42.00000000
112.80000000
42.00000000
68.40000000
42.00000000
86.40000000
68.40000000
42.00000000
396196.00000000
42.00000000
68.40000000
68.40000000
86.40000000
68.40000000
42.00000000
121.20000000
68.40000000
42.00000000
94.80000000
60.00000000
68.40000000
42.00000000
112.80000000
19358.60000000
4961320.00000000
307415.00000000
9839.60000000
641753.00000000
68.40000000
86.40000000
60.00000000
42.00000000
112.80000000
42.00000000
397963.00000000
68.40000000
86.40000000
68.40000000
42.00000000
112.80000000
68.40000000
124.20000000
112.80000000
42.00000000
68.40000000
42.00000000
112.80000000
68.40000000
42.00000000
104.40000000
50.40000000
68.40000000
68.40000000
86.40000000
68.40000000
42.00000000
112.80000000
68.40000000
42.00000000
112.80000000
42.00000000
68.40000000
42.00000000
112.80000000
68.40000000
42.00000000
112.80000000
42.00000000
68.40000000
68.40000000
86.40000000
68.40000000
42.00000000
112.80000000
42.00000000
68.40000000
68.40000000
86.40000000
68.40000000
42.00000000
112.80000000
60.00000000
42.00000000
112.80000000
42.00000000
68.40000000
68.40000000
86.40000000
68.40000000
42.00000000
112.80000000
42.00000000
68.40000000
68.40000000
86.40000000
68.40000000
42.00000000
104.40000000
68.40000000
50.40000000
104.40000000
42.00000000
68.40000000
42.00000000
112.80000000
68.40000000
42.00000000
112.80000000
42.00000000
68.40000000
68.40000000
86.40000000
68.40000000
17005.00000000
5223560.00000000
845530.00000000
9984.80000000
576505.00000000
60.00000000
68.40000000
42.00000000
112.80000000
68.40000000
42.00000000
42861.20000000
395.60000000
5269290.00000000
9172.40000000
165651.00000000
486577.00000000
42.00000000
112.80000000
403321.00000000
68.40000000
404795.00000000
86.40000000
68.40000000
42.00000000
112.80000000
68.40000000
42.00000000
104.40000000
42.00000000
13802.80000000
5270160.00000000
162.00000000
176954.00000000
488646.00000000
112.80000000
42.00000000
68.40000000
68.40000000
215903.00000000
201789.00000000
5152530.00000000
120594.00000000
9496.40000000
628175.00000000
94.80000000
60.00000000
68.40000000
42.00000000
112.80000000
2006460.00000000
13715.20000000
5233080.00000000
42371.20000000
10496.80000000
655321.00000000
86.40000000
68.40000000
42.00000000
121.20000000
42.00000000
68.40000000
14034.80000000
5273370.00000000
9633.20000000
171097.00000000
487154.00000000
68.40000000
42.00000000
408561.00000000
42.00000000
68.40000000
13893.40000000
673317.00000000
4602650.00000000
9858.80000000
655134.00000000
42.00000000
68.40000000
76.80000000
94.80000000
68.40000000
42.00000000
897.00000000
68.40000000
42.00000000
94.80000000
68.40000000
68.40000000
42.00000000
121.20000000
68.40000000
42.00000000
17494.40000000
5275650.00000000
8075.60000000
174754.00000000
473365.00000000
68.40000000
42.00000000
121.20000000
42.00000000
60.00000000
15462.40000000
3612550.00000000
1668650.00000000
10143.20000000
423720.00000000
224625.00000000
42.00000000
103.20000000
42.00000000
68.40000000
58.80000000
13972.00000000
5285150.00000000
8310.40000000
175896.00000000
483480.00000000
68.40000000
60.00000000
86.40000000
68.40000000
42.00000000
112.80000000
68.40000000
42.00000000
13968.60000000
5284700.00000000
9681.20000000
174907.00000000
478678.00000000
68.40000000
42.00000000
112.80000000
42.00000000
68.40000000
68.40000000
94.80000000
68.40000000
42.00000000
121.20000000
60.00000000
50.40000000
94.80000000
68.40000000
68.40000000
42.00000000
121.20000000
68.40000000
42.00000000
121.20000000
50.40000000
68.40000000
68.40000000
94.80000000
68.40000000
42.00000000
112.80000000
42.00000000
68.40000000
86.40000000
76.80000000
68.40000000
42.00000000
121.20000000
68.40000000
42.00000000
121.20000000
42.00000000
68.40000000
42.00000000
112.80000000
68.40000000
42.00000000
121.20000000
132.60000000
68.40000000
68.40000000
94.80000000
68.40000000
42.00000000
112.80000000
68.40000000
42.00000000
94.80000000
68.40000000
68.40000000
42.00000000
121.20000000
68.40000000
42.00000000
121.20000000
42.00000000
68.40000000
68.40000000
76.80000000
68.40000000
42.00000000
112.80000000
42.00000000
68.40000000
94.80000000
68.40000000
68.40000000
42.00000000
121.20000000
68.40000000
42.00000000
121.20000000
42.00000000
68.40000000
42.00000000
103.20000000
68.40000000
42.00000000
112.80000000
42.00000000
68.40000000
68.40000000
86.40000000
68.40000000
42.00000000
121.20000000
76.80000000
42.00000000
94.80000000
68.40000000
68.40000000
42.00000000
112.80000000
68.40000000
42.00000000
121.20000000
42.00000000
68.40000000
68.40000000
86.40000000
68.40000000
42.00000000
112.80000000
42.00000000
60.00000000
94.80000000
68.40000000
68.40000000
42.00000000
121.20000000
68.40000000
42.00000000
112.80000000
42.00000000
68.40000000
42.00000000
112.80000000
68.40000000
42.00000000
121.20000000
42.00000000
68.40000000
42.00000000
86.40000000
68.40000000
42.00000000
112.80000000
68.40000000
42.00000000
112.80000000
42.00000000
68.40000000
42.00000000
103.20000000
68.40000000
42.00000000
121.20000000
42.00000000
68.40000000
76.80000000
86.40000000
68.40000000
42.00000000
112.80000000
42.00000000
68.40000000
94.80000000
68.40000000
50.40000000
42.00000000
103.20000000
60.00000000
42.00000000
121.20000000
42.00000000
68.40000000
68.40000000
94.80000000
68.40000000
42.00000000
121.20000000
42.00000000
68.40000000
86.40000000
76.80000000
68.40000000
42.00000000
104.40000000
68.40000000
42.00000000
104.40000000
42.00000000
68.40000000
42.00000000
121.20000000
150.60000000
42.00000000
121.20000000
50.40000000
68.40000000
68.40000000
76.80000000
68.40000000
42.00000000
121.20000000
68.40000000
42.00000000
94.80000000
68.40000000
68.40000000
42.00000000
112.80000000
68.40000000
42.00000000
121.20000000
42.00000000
68.40000000
68.40000000
94.80000000
60.00000000
42.00000000
121.20000000
42.00000000
68.40000000
94.80000000
68.40000000
68.40000000
42.00000000
94.80000000
68.40000000
42.00000000
121.20000000
14897.80000000
5285990.00000000
10156.40000000
175501.00000000
478443.00000000
42.00000000
121.20000000
42.00000000
68.40000000
68.40000000
94.80000000
68.40000000
42.00000000
112.80000000
76.80000000
42.00000000
94.80000000
60.00000000
68.40000000
42.00000000
121.20000000
68.40000000
42.00000000
121.20000000
42.00000000
68.40000000
68.40000000
94.80000000
68.40000000
42.00000000
121.20000000
42.00000000
68.40000000
94.80000000
68.40000000
68.40000000
42.00000000
121.20000000
68.40000000
42.00000000
103.20000000
42.00000000
60.00000000
42.00000000
111.60000000
68.40000000
42.00000000
112.80000000
42.00000000
68.40000000
60.00000000
86.40000000
68.40000000
42.00000000
112.80000000
68.40000000
42.00000000
94.80000000
60.00000000
68.40000000
42.00000000
112.80000000
68.40000000
42.00000000
121.20000000
42.00000000
68.40000000
50.40000000
94.80000000
68.40000000
42.00000000
121.20000000
68.40000000
42.00000000
94.80000000
68.40000000
68.40000000
42.00000000
103.20000000
68.40000000
42.00000000
129.60000000
42.00000000
68.40000000
68.40000000
94.80000000
68.40000000
42.00000000
121.20000000
42.00000000
68.40000000
86.40000000
76.80000000
68.40000000
42.00000000
112.80000000
68.40000000
42.00000000
177.00000000
60.00000000
68.40000000
42.00000000
112.80000000
68.40000000
42.00000000
121.20000000
42.00000000
68.40000000
68.40000000
94.80000000
68.40000000
42.00000000
121.20000000
68.40000000
42.00000000
94.80000000
68.40000000
68.40000000
42.00000000
121.20000000
68.40000000
42.00000000
121.20000000
42.00000000
68.40000000
68.40000000
94.80000000
68.40000000
42.00000000
121.20000000
42.00000000
60.00000000
86.40000000
76.80000000
76.80000000
42.00000000
121.20000000
68.40000000
42.00000000
104.40000000
42.00000000
68.40000000
42.00000000
112.80000000
68.40000000
42.00000000
86.40000000
42.00000000
68.40000000
68.40000000
94.80000000
68.40000000
42.00000000
121.20000000
68.40000000
42.00000000
94.80000000
68.40000000
68.40000000
42.00000000
121.20000000
68.40000000
42.00000000
121.20000000
42.00000000
68.40000000
68.40000000
94.80000000
68.40000000
42.00000000
121.20000000
42.00000000
60.00000000
94.80000000
68.40000000
68.40000000
42.00000000
121.20000000
68.40000000
42.00000000
121.20000000
50.40000000
68.40000000
68.40000000
94.80000000
68.40000000
42.00000000
121.20000000
42.00000000
68.40000000
68.40000000
86.40000000
68.40000000
42.00000000
96.00000000
68.40000000
42.00000000
94.80000000
60.00000000
68.40000000
42.00000000
121.20000000
68.40000000
42.00000000
121.20000000
42.00000000
68.40000000
150.60000000
94.80000000
68.40000000
42.00000000
121.20000000
60.00000000
50.40000000
94.80000000
68.40000000
68.40000000
42.00000000
121.20000000
68.40000000
42.00000000
121.20000000
42.00000000
68.40000000
68.40000000
94.80000000
68.40000000
42.00000000
121.20000000
42.00000000
68.40000000
86.40000000
76.80000000
68.40000000
42.00000000
121.20000000
68.40000000
42.00000000
78.00000000
60.00000000
68.40000000
42.00000000
112.80000000
68.40000000
42.00000000
103.20000000
42.00000000
68.40000000
68.40000000
94.80000000
68.40000000
42.00000000
121.20000000
68.40000000
42.00000000
94.80000000
68.40000000
68.40000000
42.00000000
121.20000000
68.40000000
42.00000000
129.60000000
42.00000000
68.40000000
68.40000000
94.80000000
60.00000000
42.00000000
121.20000000
42.00000000
68.40000000
94.80000000
68.40000000
68.40000000
42.00000000
121.20000000
68.40000000
42.00000000
86.40000000
68.40000000
68.40000000
42.00000000
112.80000000
68.40000000
42.00000000
112.80000000
42.00000000
68.40000000
68.40000000
94.80000000
68.40000000
42.00000000
121.20000000
68.40000000
42.00000000
94.80000000
68.40000000
68.40000000
42.00000000
121.20000000
76.80000000
42.00000000
121.20000000
42.00000000
68.40000000
68.40000000
94.80000000
68.40000000
42.00000000
103.20000000
42.00000000
60.00000000
94.80000000
68.40000000
68.40000000
42.00000000
121.20000000
68.40000000
42.00000000
112.80000000
50.40000000
68.40000000
42.00000000
94.80000000
68.40000000
42.00000000
112.80000000
42.00000000
68.40000000
68.40000000
86.40000000
68.40000000
42.00000000
112.80000000
68.40000000
50.40000000
94.80000000
68.40000000
150.60000000
42.00000000
121.20000000
68.40000000
42.00000000
121.20000000
42.00000000
68.40000000
50.40000000
94.80000000
68.40000000
42.00000000
121.20000000
60.00000000
50.40000000
76.80000000
76.80000000
68.40000000
42.00000000
103.20000000
68.40000000
42.00000000
112.80000000
50.40000000
68.40000000
68.40000000
86.40000000
60.00000000
42.00000000
121.20000000
42.00000000
68.40000000
86.40000000
76.80000000
68.40000000
42.00000000
94.80000000
68.40000000
42.00000000
68.40000000
68.40000000
68.40000000
42.00000000
121.20000000
68.40000000
42.00000000
112.80000000
42.00000000
68.40000000
76.80000000
94.80000000
68.40000000
42.00000000
121.20000000
68.40000000
42.00000000
94.80000000
68.40000000
68.40000000
42.00000000
186160.00000000
43832.00000000
42.00000000
121.20000000
42.00000000
68.40000000
68.40000000
94.80000000
68.40000000
42.00000000
121.20000000
42.00000000
60.00000000
94.80000000
68.40000000
60.00000000
42.00000000
112.80000000
68.40000000
42.00000000
94.80000000
68.40000000
68.40000000
42.00000000
121.20000000
68.40000000
42.00000000
112.80000000
42.00000000
68.40000000
68.40000000
94.80000000
68.40000000
42.00000000
121.20000000
68.40000000
42.00000000
94.80000000
68.40000000
76.80000000
42.00000000
121.20000000
68.40000000
42.00000000
121.20000000
42.00000000
68.40000000
60.00000000
185.40000000
68.40000000
42.00000000
112.80000000
42.00000000
60.00000000
86.40000000
68.40000000
68.40000000
42.00000000
14141.00000000
5288230.00000000
8306.00000000
178377.00000000
449290.00000000
76.80000000
42.00000000
94.80000000
68.40000000
42.00000000
112.80000000
42.00000000
68.40000000
68.40000000
94.80000000
68.40000000
42.00000000
121.20000000
68.40000000
42.00000000
94.80000000
68.40000000
68.40000000
42.00000000
121.20000000
68.40000000
42.00000000
121.20000000
42.00000000
68.40000000
76.80000000
94.80000000
3536.00000000
15855.80000000
5285980.00000000
9765.20000000
641066.00000000
94.80000000
68.40000000
68.40000000
42.00000000
121.20000000
68.40000000
42.00000000
86.40000000
13978.80000000
5286690.00000000
82.80000000
187471.00000000
503815.00000000
42.00000000
112.80000000
42.00000000
68.40000000
86.40000000
13990.40000000
3570000.00000000
2928310.00000000
10428.80000000
548018.00000000
109506.00000000
86.40000000
68.40000000
68.40000000
42.00000000
112.80000000
68.40000000
42.00000000
121.20000000
42.00000000
68.40000000
68.40000000
94.80000000
6519420.00000000
6506430.00000000
6532660.00000000
4804.80000000
17245.00000000
6488650.00000000
68.40000000
17252.20000000
6515190.00000000
3622740.00000000
2871410.00000000
42.00000000
86.40000000
68.40000000
68.40000000
42.00000000
104.40000000
68.40000000
42.00000000
121.20000000
42.00000000
8654.20000000
71559.20000000
30698.20000000
10829.20000000
8162.40000000
76659.00000000
10336.80000000
19065.60000000
6500490.00000000
256.80000000
188988.00000000
1276550.00000000
9359.60000000
68.40000000
42.00000000
112.80000000
42.00000000
68.40000000
16658.80000000
6504780.00000000
148.80000000
10470.40000000
659091.00000000
248.80000000
42.00000000
94.80000000
68.40000000
68.40000000
61.20000000
112.80000000
68.40000000
42.00000000
104.40000000
50.40000000
68.40000000
42.00000000
104.40000000
68.40000000
42.00000000
112.80000000
42.00000000
68.40000000
86.40000000
60.00000000
68.40000000
42.00000000
17594.00000000
6509250.00000000
96.00000000
191335.00000000
531682.00000000
68.40000000
42.00000000
121.20000000
68.40000000
42.00000000
112.80000000
17338.40000000
6504060.00000000
8513.20000000
183341.00000000
467268.00000000
42.00000000
112.80000000
68.40000000
42.00000000
86.40000000
68.40000000
68.40000000
42.00000000
121.20000000
68.40000000
42.00000000
112.80000000
58.80000000
68.40000000
68.40000000
94.80000000
68.40000000
42.00000000
112.80000000
42.00000000
68.40000000
86.40000000
68.40000000
68.40000000
42.00000000
121.20000000
68.40000000
42.00000000
86.40000000
68.40000000
68.40000000
42.00000000
112.80000000
68.40000000
42.00000000
121.20000000
42.00000000
68.40000000
86.40000000
68.40000000
68.40000000
42.00000000
112.80000000
68.40000000
42.00000000
94.80000000
68.40000000
68.40000000
42.00000000
129.60000000
68.40000000
42.00000000
121.20000000
42.00000000
68.40000000
68.40000000
86.40000000
68.40000000
42.00000000
121.20000000
60.00000000
50.40000000
86.40000000
68.40000000
68.40000000
42.00000000
112.80000000
60.00000000
50.40000000
86.40000000
60.00000000
418926.00000000
42.00000000
103.20000000
68.40000000
42.00000000
121.20000000
42.00000000
150.60000000
94.80000000
68.40000000
68.40000000
42.00000000
121.20000000
68.40000000
42.00000000
94.80000000
68.40000000
68.40000000
42.00000000
121.20000000
68.40000000
42.00000000
112.80000000
42.00000000
68.40000000
68.40000000
94.80000000
68.40000000
42.00000000
121.20000000
50.40000000
68.40000000
94.80000000
68.40000000
60.00000000
42.00000000
112.80000000
68.40000000
42.00000000
94.80000000
60.00000000
60.00000000
68.40000000
94.80000000
68.40000000
42.00000000
121.20000000
42.00000000
68.40000000
94.80000000
68.40000000
68.40000000
42.00000000
121.20000000
68.40000000
42.00000000
76.80000000
68.40000000
68.40000000
42.00000000
121.20000000
68.40000000
42.00000000
121.20000000
42.00000000
68.40000000
68.40000000
86.40000000
68.40000000
42.00000000
112.80000000
68.40000000
42.00000000
86.40000000
68.40000000
68.40000000
42.00000000
121.20000000
68.40000000
42.00000000
94.80000000
68.40000000
60.00000000
68.40000000
86.40000000
68.40000000
42.00000000
121.20000000
42.00000000
68.40000000
86.40000000
68.40000000
68.40000000
42.00000000
103.20000000
68.40000000
42.00000000
94.80000000
68.40000000
68.40000000
42.00000000
94.80000000
68.40000000
42.00000000
121.20000000
42.00000000
68.40000000
86.40000000
76.80000000
68.40000000
42.00000000
112.80000000
68.40000000
42.00000000
94.80000000
68.40000000
150.60000000
42.00000000
121.20000000
68.40000000
42.00000000
112.80000000
50.40000000
68.40000000
68.40000000
94.80000000
68.40000000
42.00000000
121.20000000
4092.60000000
4832.40000000
855773.00000000
421387.00000000
68.40000000
42.00000000
121.20000000
68.40000000
42.00000000
86.40000000
68.40000000
68.40000000
42.00000000
121.20000000
68.40000000
42.00000000
112.80000000
42.00000000
68.40000000
94.80000000
68.40000000
68.40000000
42.00000000
129.60000000
68.40000000
42.00000000
16345.80000000
6456800.00000000
49570.80000000
10694.80000000
667069.00000000
68.40000000
42.00000000
112.80000000
42.00000000
68.40000000
68.40000000
86.40000000
68.40000000
42.00000000
112.80000000
60.00000000
50.40000000
94.80000000
60.00000000
68.40000000
42.00000000
121.20000000
60.00000000
50.40000000
68.40000000
68.40000000
68.40000000
60.00000000
94.80000000
68.40000000
42.00000000
121.20000000
42.00000000
68.40000000
86.40000000
68.40000000
68.40000000
42.00000000
121.20000000
68.40000000
42.00000000
94.80000000
68.40000000
68.40000000
42.00000000
121.20000000
68.40000000
42.00000000
112.80000000
42.00000000
68.40000000
68.40000000
86.40000000
68.40000000
42.00000000
112.80000000
60.00000000
50.40000000
103.20000000
68.40000000
68.40000000
42.00000000
112.80000000
60.00000000
42.00000000
86.40000000
68.40000000
68.40000000
68.40000000
94.80000000
68.40000000
42.00000000
121.20000000
42.00000000
68.40000000
94.80000000
68.40000000
68.40000000
42.00000000
121.20000000
68.40000000
42.00000000
86.40000000
68.40000000
150.60000000
42.00000000
112.80000000
68.40000000
42.00000000
121.20000000
42.00000000
68.40000000
68.40000000
86.40000000
68.40000000
42.00000000
112.80000000
60.00000000
50.40000000
86.40000000
68.40000000
68.40000000
42.00000000
129.60000000
68.40000000
42.00000000
94.80000000
68.40000000
68.40000000
68.40000000
94.80000000
68.40000000
42.00000000
112.80000000
42.00000000
68.40000000
94.80000000
68.40000000
68.40000000
17557.60000000
6509010.00000000
9964.40000000
185269.00000000
575268.00000000
68.40000000
68.40000000
42.00000000
94.80000000
68.40000000
50.40000000
112.80000000
42.00000000
68.40000000
94.80000000
68.40000000
68.40000000
42.00000000
121.20000000
60.00000000
50.40000000
86.40000000
68.40000000
68.40000000
42.00000000
121.20000000
60.00000000
42.00000000
112.80000000
42.00000000
68.40000000
68.40000000
86.40000000
68.40000000
42.00000000
121.20000000
42.00000000
68.40000000
76.80000000
68.40000000
68.40000000
42.00000000
112.80000000
68.40000000
42.00000000
94.80000000
68.40000000
68.40000000
42.00000000
121.20000000
68.40000000
42.00000000
121.20000000
42.00000000
68.40000000
86.40000000
68.40000000
68.40000000
42.00000000
121.20000000
68.40000000
42.00000000
103.20000000
68.40000000
68.40000000
42.00000000
121.20000000
68.40000000
42.00000000
112.80000000
42.00000000
60.00000000
68.40000000
86.40000000
60.00000000
42.00000000
112.80000000
42.00000000
68.40000000
86.40000000
76.80000000
68.40000000
42.00000000
112.80000000
68.40000000
42.00000000
94.80000000
60.00000000
68.40000000
68.40000000
94.80000000
68.40000000
42.00000000
103.20000000
42.00000000
68.40000000
94.80000000
68.40000000
68.40000000
42.00000000
112.80000000
68.40000000
42.00000000
94.80000000
68.40000000
150.60000000
42.00000000
112.80000000
68.40000000
42.00000000
121.20000000
42.00000000
60.00000000
76.80000000
94.80000000
68.40000000
42.00000000
112.80000000
42.00000000
60.00000000
86.40000000
68.40000000
68.40000000
42.00000000
121.20000000
68.40000000
17574.60000000
6512200.00000000
9831.20000000
185869.00000000
487750.00000000
86.40000000
68.40000000
42.00000000
112.80000000
42.00000000
68.40000000
86.40000000
68.40000000
68.40000000
42.00000000
121.20000000
425222.00000000
42.00000000
68.40000000
68.40000000
68.40000000
42.00000000
121.20000000
68.40000000
42.00000000
112.80000000
42.00000000
76.80000000
86.40000000
76.80000000
68.40000000
42.00000000
121.20000000
42.00000000
68.40000000
16614.20000000
6460870.00000000
44864.00000000
10536.40000000
671161.00000000
59550.60000000
27928.00000000
55821.40000000
10198.00000000
446657.00000000
9692.00000000
441512.00000000
8285420.00000000
301867.00000000
172516.00000000
664002.00000000
68.40000000
481539.00000000
26538.00000000
90486.20000000
173415.00000000
42133.60000000
68.40000000
42.00000000
86.40000000
68.40000000
68.40000000
42.00000000
112.80000000
16505.60000000
6384640.00000000
127753.00000000
10156.40000000
661541.00000000
17379.20000000
68.40000000
436161.00000000
42.00000000
132.00000000
60.00000000
17253.40000000
6522710.00000000
100.80000000
207581.00000000
498226.00000000
114.00000000
60.00000000
42.00000000
112.80000000
50.40000000
15375.20000000
2197.60000000
6522180.00000000
10328.00000000
198190.00000000
476401.00000000
42.00000000
68.40000000
68.40000000
142.20000000
68.40000000
42.00000000
121.20000000
68.40000000
50.40000000
94.80000000
68.40000000
68.40000000
42.00000000
94.80000000
68.40000000
42.00000000
112.80000000
42.00000000
68.40000000
94.80000000
68.40000000
17586.40000000
6528660.00000000
9884.00000000
198921.00000000
485634.00000000
86.40000000
68.40000000
68.40000000
42.00000000
112.80000000
68.40000000
42.00000000
121.20000000
42.00000000
68.40000000
68.40000000
86.40000000
68.40000000
42.00000000
112.80000000
42.00000000
68.40000000
94.80000000
68.40000000
68.40000000
42.00000000
112.80000000
68.40000000
42.00000000
94.80000000
68.40000000
68.40000000
60.00000000
94.80000000
68.40000000
42.00000000
437579.00000000
42.00000000
68.40000000
86.40000000
76.80000000
68.40000000
42.00000000
112.80000000
68.40000000
42.00000000
86.40000000
68.40000000
68.40000000
42.00000000
112.80000000
68.40000000
42.00000000
121.20000000
42.00000000
68.40000000
86.40000000
68.40000000
68.40000000
42.00000000
112.80000000
42.00000000
60.00000000
86.40000000
68.40000000
68.40000000
42.00000000
112.80000000
68.40000000
42.00000000
94.80000000
68.40000000
68.40000000
68.40000000
78.00000000
68.40000000
42.00000000
112.80000000
42.00000000
68.40000000
94.80000000
68.40000000
68.40000000
42.00000000
112.80000000
68.40000000
42.00000000
94.80000000
68.40000000
76.80000000
42.00000000
121.20000000
68.40000000
42.00000000
121.20000000
42.00000000
68.40000000
86.40000000
76.80000000
68.40000000
42.00000000
121.20000000
42.00000000
68.40000000
86.40000000
68.40000000
68.40000000
42.00000000
112.80000000
68.40000000
42.00000000
94.80000000
68.40000000
68.40000000
68.40000000
177.00000000
68.40000000
42.00000000
112.80000000
42.00000000
68.40000000
86.40000000
68.40000000
68.40000000
42.00000000
94.80000000
68.40000000
50.40000000
94.80000000
68.40000000
68.40000000
42.00000000
112.80000000
68.40000000
42.00000000
94.80000000
42.00000000
68.40000000
86.40000000
68.40000000
68.40000000
42.00000000
94.80000000
68.40000000
42.00000000
86.40000000
68.40000000
68.40000000
42.00000000
112.80000000
68.40000000
42.00000000
112.80000000
42.00000000
68.40000000
50.40000000
86.40000000
16610.00000000
6490660.00000000
47699.20000000
10153.60000000
686897.00000000
68.40000000
68.40000000
68.40000000
42.00000000
112.80000000
68.40000000
42.00000000
86.40000000
68.40000000
68.40000000
42.00000000
112.80000000
68.40000000
42.00000000
94.80000000
42.00000000
68.40000000
86.40000000
76.80000000
68.40000000
42.00000000
94.80000000
68.40000000
16621.60000000
6475400.00000000
47142.00000000
10739.20000000
681930.00000000
112.80000000
68.40000000
42.00000000
112.80000000
42.00000000
60.00000000
86.40000000
68.40000000
60.00000000
42.00000000
112.80000000
42.00000000
68.40000000
86.40000000
68.40000000
68.40000000
42.00000000
104.40000000
68.40000000
42.00000000
86.40000000
60.00000000
68.40000000
42.00000000
112.80000000
68.40000000
42.00000000
112.80000000
42.00000000
68.40000000
86.40000000
68.40000000
68.40000000
42.00000000
112.80000000
68.40000000
42.00000000
86.40000000
68.40000000
68.40000000
42.00000000
121.20000000
68.40000000
42.00000000
112.80000000
42.00000000
68.40000000
86.40000000
68.40000000
2759.80000000
42.00000000
112.80000000
124.20000000
60.00000000
86.40000000
68.40000000
68.40000000
17571.80000000
6534570.00000000
146.00000000
211182.00000000
486537.00000000
50.40000000
68.40000000
68.40000000
68.40000000
68.40000000
42.00000000
104.40000000
42.00000000
68.40000000
86.40000000
76.80000000
87.60000000
42.00000000
112.80000000
68.40000000
18387.40000000
6485000.00000000
47099.60000000
10090.40000000
688245.00000000
112.80000000
68.40000000
42.00000000
112.80000000
42.00000000
68.40000000
16565.60000000
6485340.00000000
47588.00000000
10169.60000000
675586.00000000
60.00000000
50.40000000
86.40000000
68.40000000
60.00000000
42.00000000
112.80000000
68.40000000
42.00000000
104.40000000
50.40000000
60.00000000
86.40000000
60.00000000
68.40000000
50.40000000
104.40000000
42.00000000
68.40000000
86.40000000
68.40000000
68.40000000
42.00000000
112.80000000
68.40000000
42.00000000
86.40000000
68.40000000
68.40000000
42.00000000
112.80000000
68.40000000
42.00000000
112.80000000
42.00000000
16154.40000000
6471910.00000000
49098.40000000
10301.60000000
203307.00000000
509230.00000000
68.40000000
42.00000000
86.40000000
68.40000000
68.40000000
42.00000000
112.80000000
68.40000000
42.00000000
112.80000000
42.00000000
68.40000000
86.40000000
68.40000000
68.40000000
42.00000000
104.40000000
42.00000000
68.40000000
86.40000000
68.40000000
68.40000000
42.00000000
104.40000000
68.40000000
42.00000000
86.40000000
68.40000000
68.40000000
60.00000000
94.80000000
68.40000000
124.20000000
112.80000000
42.00000000
68.40000000
86.40000000
17340.00000000
6530200.00000000
8160.40000000
206590.00000000
489172.00000000
50.40000000
86.40000000
68.40000000
68.40000000
42.00000000
112.80000000
68.40000000
42.00000000
112.80000000
42.00000000
68.40000000
86.40000000
68.40000000
60.00000000
42.00000000
121.20000000
42.00000000
68.40000000
86.40000000
60.00000000
68.40000000
42.00000000
86.40000000
68.40000000
42.00000000
16615.20000000
6486490.00000000
46252.80000000
10219.60000000
695554.00000000
68.40000000
42.00000000
129.60000000
42.00000000
68.40000000
86.40000000
68.40000000
68.40000000
42.00000000
121.20000000
68.40000000
42.00000000
94.80000000
68.40000000
68.40000000
42.00000000
112.80000000
68.40000000
42.00000000
112.80000000
42.00000000
68.40000000
94.80000000
68.40000000
60.00000000
42.00000000
94.80000000
42.00000000
68.40000000
86.40000000
68.40000000
68.40000000
42.00000000
121.20000000
68.40000000
42.00000000
86.40000000
68.40000000
68.40000000
68.40000000
86.40000000
68.40000000
42.00000000
121.20000000
50.40000000
68.40000000
94.80000000
68.40000000
68.40000000
42.00000000
112.80000000
68.40000000
42.00000000
86.40000000
68.40000000
68.40000000
17532.40000000
6520590.00000000
9567.20000000
205671.00000000
483933.00000000
42.00000000
68.40000000
94.80000000
68.40000000
68.40000000
42.00000000
17626.60000000
6529140.00000000
114.00000000
10749.60000000
703463.00000000
76.80000000
42.00000000
112.80000000
1645.80000000
438.00000000
104.40000000
50.40000000
68.40000000
68.40000000
86.40000000
68.40000000
16553.00000000
6483400.00000000
47546.40000000
10285.60000000
530055.00000000
156580.00000000
68.40000000
42.00000000
112.80000000
68.40000000
42.00000000
16680.40000000
6501810.00000000
33566.00000000
9881.20000000
687548.00000000
68.40000000
52.80000000
94.80000000
124.20000000
68.40000000
86.40000000
50.40000000
844.20000000
42.00000000
112.80000000
60.00000000
50.40000000
68.40000000
68.40000000
68.40000000
42.00000000
121.20000000
60.00000000
42.00000000
112.80000000
42.00000000
68.40000000
68.40000000
86.40000000
68.40000000
42.00000000
112.80000000
42.00000000
68.40000000
17763.00000000
6536760.00000000
9876.40000000
208429.00000000
519233.00000000
68.40000000
42.00000000
94.80000000
68.40000000
76.80000000
68.40000000
17656.80000000
6532450.00000000
7890.80000000
416274.00000000
719959.00000000
68.40000000
94.80000000
68.40000000
68.40000000
42.00000000
121.20000000
17409.80000000
6510670.00000000
25029.60000000
10417.60000000
710586.00000000
42.00000000
112.80000000
68.40000000
42.00000000
112.80000000
42.00000000
16749.60000000
6519260.00000000
19775.60000000
10686.40000000
705126.00000000
112.80000000
61.20000000
68.40000000
86.40000000
68.40000000
68.40000000
42.00000000
103.20000000
68.40000000
42.00000000
94.80000000
68.40000000
68.40000000
68.40000000
78.00000000
68.40000000
42.00000000
121.20000000
42.00000000
68.40000000
94.80000000
68.40000000
68.40000000
42.00000000
121.20000000
68.40000000
42.00000000
94.80000000
68.40000000
68.40000000
60.00000000
103.20000000
68.40000000
42.00000000
112.80000000
42.00000000
68.40000000
94.80000000
68.40000000
60.00000000
42.00000000
112.80000000
42.00000000
60.00000000
68.40000000
68.40000000
68.40000000
42.00000000
112.80000000
68.40000000
124.20000000
94.80000000
60.00000000
68.40000000
68.40000000
86.40000000
68.40000000
42.00000000
112.80000000
42.00000000
68.40000000
94.80000000
50.40000000
68.40000000
42.00000000
121.20000000
68.40000000
42.00000000
94.80000000
76.80000000
68.40000000
68.40000000
94.80000000
68.40000000
42.00000000
121.20000000
42.00000000
68.40000000
94.80000000
68.40000000
68.40000000
42.00000000
121.20000000
42.00000000
68.40000000
76.80000000
68.40000000
68.40000000
42.00000000
121.20000000
60.00000000
42.00000000
86.40000000
68.40000000
68.40000000
68.40000000
68.40000000
68.40000000
42.00000000
112.80000000
42.00000000
68.40000000
86.40000000
68.40000000
68.40000000
42.00000000
112.80000000
68.40000000
42.00000000
94.80000000
68.40000000
68.40000000
68.40000000
94.80000000
68.40000000
42.00000000
121.20000000
42.00000000
68.40000000
94.80000000
68.40000000
68.40000000
42.00000000
129.60000000
68.40000000
42.00000000
94.80000000
68.40000000
60.00000000
42.00000000
103.20000000
68.40000000
42.00000000
121.20000000
42.00000000
68.40000000
68.40000000
68.40000000
68.40000000
42.00000000
112.80000000
50.40000000
68.40000000
94.80000000
50.40000000
68.40000000
42.00000000
104.40000000
68.40000000
42.00000000
94.80000000
68.40000000
68.40000000
68.40000000
94.80000000
68.40000000
42.00000000
121.20000000
42.00000000
68.40000000
94.80000000
68.40000000
68.40000000
42.00000000
121.20000000
68.40000000
42.00000000
86.40000000
68.40000000
68.40000000
60.00000000
103.20000000
76.80000000
42.00000000
112.80000000
42.00000000
60.00000000
168.60000000
50.40000000
42.00000000
42.00000000
112.80000000
42.00000000
68.40000000
94.80000000
60.00000000
68.40000000
42.00000000
112.80000000
68.40000000
42.00000000
94.80000000
68.40000000
68.40000000
50.40000000
94.80000000
75.00000000
42.00000000
108.00000000
42.00000000
75.00000000
75.00000000
75.00000000
75.00000000
42.00000000
141.00000000
42.00000000
42.00000000
108.00000000
75.00000000
75.00000000
42.00000000
108.00000000
75.00000000
42.00000000
108.00000000
42.00000000
85.50000000
64.50000000
75.00000000
75.00000000
42.00000000
141.00000000
42.00000000
64.50000000
108.00000000
75.00000000
75.00000000
42.00000000
141.00000000
42.00000000
42.00000000
108.00000000
64.50000000
75.00000000
42.00000000
87.00000000
75.00000000
42.00000000
108.00000000
42.00000000
75.00000000
75.00000000
75.00000000
75.00000000
42.00000000
141.00000000
42.00000000
42.00000000
108.00000000
75.00000000
75.00000000
52.50000000
108.00000000
64.50000000
42.00000000
108.00000000
42.00000000
75.00000000
75.00000000
75.00000000
64.50000000
42.00000000
141.00000000
4505.25000000
263352.00000000
108.00000000
75.00000000
75.00000000
42.00000000
141.00000000
103.50000000
42.00000000
108.00000000
52.50000000
582947.00000000
7369120.00000000
59923.50000000
12740.50000000
264603.00000000
603240.00000000
42.00000000
75.00000000
75.00000000
75.00000000
75.00000000
42.00000000
141.00000000
42.00000000
42.00000000
108.00000000
75.00000000
75.00000000
42.00000000
108.00000000
102.00000000
42.00000000
108.00000000
42.00000000
85.50000000
75.00000000
75.00000000
75.00000000
42.00000000
141.00000000
42.00000000
52.50000000
108.00000000
75.00000000
64.50000000
42.00000000
108.00000000
42.00000000
42.00000000
108.00000000
42.00000000
177.75000000
64.50000000
75.00000000
91.50000000
42.00000000
85.50000000
42.00000000
75.00000000
75.00000000
75.00000000
75.00000000
42.00000000
130.50000000
42.00000000
42.00000000
108.00000000
75.00000000
75.00000000
42.00000000
108.00000000
75.00000000
52.50000000
108.00000000
42.00000000
75.00000000
75.00000000
75.00000000
91.50000000
42.00000000
141.00000000
42.00000000
52.50000000
108.00000000
75.00000000
75.00000000
42.00000000
108.00000000
42.00000000
42.00000000
108.00000000
42.00000000
75.00000000
64.50000000
75.00000000
75.00000000
42.00000000
75.00000000
42.00000000
75.00000000
87.00000000
64.50000000
102.00000000
42.00000000
130.50000000
42.00000000
42.00000000
85.50000000
75.00000000
75.00000000
42.00000000
97.50000000
75.00000000
42.00000000
108.00000000
42.00000000
75.00000000
75.00000000
75.00000000
75.00000000
42.00000000
141.00000000
42.00000000
52.50000000
108.00000000
75.00000000
85.50000000
63.00000000
118.50000000
42.00000000
42.00000000
108.00000000
42.00000000
75.00000000
75.00000000
75.00000000
75.00000000
42.00000000
141.00000000
42.00000000
75.00000000
97.50000000
85.50000000
75.00000000
42.00000000
141.00000000
42.00000000
42.00000000
108.00000000
75.00000000
75.00000000
42.00000000
97.50000000
75.00000000
42.00000000
97.50000000
42.00000000
75.00000000
75.00000000
75.00000000
75.00000000
42.00000000
141.00000000
42.00000000
42.00000000
108.00000000
75.00000000
75.00000000
42.00000000
108.00000000
64.50000000
42.00000000
97.50000000
42.00000000
75.00000000
75.00000000
75.00000000
75.00000000
42.00000000
141.00000000
42.00000000
75.00000000
108.00000000
75.00000000
75.00000000
42.00000000
221.25000000
42.00000000
42.00000000
108.00000000
52.50000000
75.00000000
42.00000000
75.00000000
75.00000000
42.00000000
97.50000000
42.00000000
75.00000000
42.00000000
75.00000000
75.00000000
42.00000000
141.00000000
42.00000000
42.00000000
108.00000000
52.50000000
75.00000000
42.00000000
108.00000000
85.50000000
42.00000000
108.00000000
42.00000000
75.00000000
75.00000000
75.00000000
75.00000000
42.00000000
141.00000000
42.00000000
75.00000000
108.00000000
75.00000000
75.00000000
42.00000000
108.00000000
42.00000000
42.00000000
108.00000000
42.00000000
75.00000000
64.50000000
75.00000000
75.00000000
42.00000000
97.50000000
42.00000000
75.00000000
87.00000000
75.00000000
75.00000000
42.00000000
141.00000000
42.00000000
42.00000000
108.00000000
75.00000000
75.00000000
42.00000000
97.50000000
75.00000000
42.00000000
108.00000000
42.00000000
75.00000000
85.50000000
75.00000000
75.00000000
42.00000000
141.00000000
42.00000000
52.50000000
108.00000000
75.00000000
75.00000000
42.00000000
108.00000000
42.00000000
42.00000000
108.00000000
42.00000000
75.00000000
75.00000000
75.00000000
75.00000000
4317.25000000
55571.00000000
171687.00000000
151808.00000000
108.00000000
64.50000000
75.00000000
42.00000000
118.50000000
7880.75000000
75850.00000000
85.50000000
64.50000000
75.00000000
42.00000000
108.00000000
108.00000000
42.00000000
97.50000000
42.00000000
303094.00000000
129247.00000000
160622.00000000
80307.50000000
42.00000000
141.00000000
42.00000000
42.00000000
108.00000000
39255.20000000
16998.00000000
42.00000000
108.00000000
64.50000000
42.00000000
108.00000000
271109.00000000
85797.50000000
169014.00000000
96812.20000000
75.00000000
42.00000000
130.50000000
42.00000000
75.00000000
40684.20000000
19674.20000000
75.00000000
42.00000000
118.50000000
42.00000000
75.00000000
108.00000000
75.00000000
75.00000000
42.00000000
85.50000000
75.00000000
42.00000000
97.50000000
42.00000000
75.00000000
75.00000000
75.00000000
75.00000000
42.00000000
141.00000000
42.00000000
42.00000000
85.50000000
75.00000000
75.00000000
42.00000000
108.00000000
75.00000000
42.00000000
108.00000000
42.00000000
75.00000000
75.00000000
75.00000000
75.00000000
42.00000000
141.00000000
42.00000000
75.00000000
108.00000000
75.00000000
64.50000000
42.00000000
108.00000000
42.00000000
42.00000000
118.50000000
64.50000000
75.00000000
42.00000000
75.00000000
75.00000000
42.00000000
108.00000000
42.00000000
75.00000000
75.00000000
75.00000000
75.00000000
42.00000000
141.00000000
42.00000000
42.00000000
108.00000000
75.00000000
75.00000000
42.00000000
108.00000000
13496.80000000
60907.00000000
108.00000000
42.00000000
75.00000000
75.00000000
75.00000000
20696.80000000
8125060.00000000
192.00000000
13226.00000000
853048.00000000
108.00000000
75.00000000
75.00000000
42.00000000
108.00000000
1022.25000000
1810.00000000
664623.00000000
12378.50000000
269270.00000000
16024.50000000
75.00000000
75.00000000
42.00000000
108.00000000
42.00000000
75.00000000
97.50000000
75.00000000
75.00000000
42.00000000
141.00000000
42.00000000
42.00000000
108.00000000
75.00000000
75.00000000
42.00000000
97.50000000
75.00000000
42.00000000
108.00000000
42.00000000
75.00000000
75.00000000
75.00000000
75.00000000
42.00000000
151.50000000
42.00000000
42.00000000
108.00000000
75.00000000
75.00000000
42.00000000
108.00000000
64.50000000
42.00000000
108.00000000
42.00000000
64.50000000
75.00000000
75.00000000
75.00000000
42.00000000
108.00000000
42.00000000
75.00000000
108.00000000
75.00000000
75.00000000
42.00000000
118.50000000
42.00000000
52.50000000
97.50000000
75.00000000
75.00000000
42.00000000
108.00000000
75.00000000
42.00000000
97.50000000
42.00000000
75.00000000
75.00000000
75.00000000
75.00000000
42.00000000
141.00000000
42.00000000
42.00000000
108.00000000
75.00000000
75.00000000
42.00000000
108.00000000
75.00000000
42.00000000
108.00000000
42.00000000
75.00000000
75.00000000
75.00000000
75.00000000
42.00000000
130.50000000
42.00000000
64.50000000
108.00000000
64.50000000
64.50000000
42.00000000
97.50000000
42.00000000
42.00000000
108.00000000
75.00000000
75.00000000
64.50000000
75.00000000
75.00000000
42.00000000
75.00000000
42.00000000
75.00000000
75.00000000
75.00000000
75.00000000
1482.25000000
141.00000000
42.00000000
42.00000000
108.00000000
75.00000000
75.00000000
42.00000000
108.00000000
75.00000000
42.00000000
85.50000000
20953.50000000
8111350.00000000
126.00000000
12951.50000000
936912.00000000
42.00000000
118.50000000
42.00000000
75.00000000
108.00000000
177.75000000
75.00000000
24263.20000000
8164340.00000000
10089.50000000
272106.00000000
571818.00000000
64.50000000
75.00000000
75.00000000
52.50000000
75.00000000
42.00000000
108.00000000
42.00000000
75.00000000
87.00000000
75.00000000
75.00000000
42.00000000
130.50000000
42.00000000
42.00000000
108.00000000
75.00000000
75.00000000
42.00000000
108.00000000
75.00000000
42.00000000
108.00000000
42.00000000
21319.80000000
52.50000000
75.00000000
75.00000000
42.00000000
141.00000000
42.00000000
75.00000000
108.00000000
1744.00000000
61807.00000000
12190.00000000
273274.00000000
42.00000000
42.00000000
108.00000000
64.50000000
75.00000000
75.00000000
64.50000000
75.00000000
42.00000000
108.00000000
42.00000000
75.00000000
87.00000000
75.00000000
75.00000000
42.00000000
141.00000000
42.00000000
42.00000000
97.50000000
75.00000000
75.00000000
42.00000000
108.00000000
75.00000000
42.00000000
108.00000000
42.00000000
75.00000000
75.00000000
75.00000000
75.00000000
42.00000000
141.00000000
42.00000000
42.00000000
118.50000000
75.00000000
75.00000000
