2.06313e+06
1.59743e+06
2.19469e+06
1.544e+06
3.35662e+06
1.08768e+06
1.61216e+06
1.20996e+06
1.90459e+06
1.17322e+06
2.81164e+06
902334
2.17696e+06
1.41877e+06
2.06487e+06
1.84858e+06
2.85708e+06
863706
1.90372e+06
1.12858e+06
2.05399e+06
1.02174e+06
3.3536e+06
765056
2.18041e+06
1.6104e+06
2.07484e+06
1.49584e+06
3.21798e+06
671738
2.05394e+06
1.27686e+06
1.89743e+06
1.22681e+06
3.15218e+06
747604
2.17531e+06
1.59596e+06
2.08327e+06
1.49759e+06
3.20506e+06
689707
2.03937e+06
1.28375e+06
1.89345e+06
1.22622e+06
3.15943e+06
737973
2.17712e+06
1.60166e+06
2.0815e+06
1.49321e+06
3.21745e+06
687820
2.05045e+06
1.27148e+06
1.90307e+06
1.21367e+06
3.16252e+06
724771
2.18787e+06
1.60256e+06
2.08037e+06
1.49676e+06
3.20556e+06
689386
2.03994e+06
1.26242e+06
1.91471e+06
1.21515e+06
3.03446e+06
785086
1.98499e+06
2.19355e+06
1.61691e+06
1.71884e+06
3.02209e+06
689738
2.0869e+06
1.24645e+06
2.014e+06
1.64735e+06
2.80552e+06
778760
2.20497e+06
1.64097e+06
1.82999e+06
1.60203e+06
3.18853e+06
583373
1.97556e+06
1.63301e+06
1.67054e+06
1.40732e+06
3.00685e+06
665690
2.2975e+06
1.38307e+06
2.25181e+06
1.49617e+06
3.08893e+06
766595
1.95897e+06
2.09471e+06
1.21895e+06
1.57478e+06
2.94607e+06
795768
2.31902e+06
1.65486e+06
2.32921e+06
1.94933e+06
2.58277e+06
646239
2.05227e+06
1.21037e+06
1.53381e+06
1.39291e+06
3.10184e+06
551217
2.16093e+06
2.04117e+06
1.68976e+06
1.67466e+06
2.94628e+06
556204
2.2275e+06
1.03679e+06
2.20765e+06
1.2343e+06
3.16318e+06
739546
2.1832e+06
1.59195e+06
2.09666e+06
1.49229e+06
3.21495e+06
686238
2.05097e+06
1.27182e+06
1.88687e+06
1.22952e+06
3.16144e+06
744294
2.16477e+06
1.61231e+06
2.07365e+06
1.48086e+06
3.22989e+06
673398
2.05329e+06
1.26127e+06
1.89277e+06
1.22678e+06
3.26145e+06
681950
2.23192e+06
1.55914e+06
2.0502e+06
1.52109e+06
3.17113e+06
733214
2.13317e+06
1.20954e+06
1.88785e+06
1.21214e+06
3.28349e+06
616795
2.23605e+06
1.57648e+06
2.01211e+06
1.52305e+06
3.20853e+06
722970
2.14494e+06
1.20937e+06
1.89476e+06
1.26877e+06
3.13427e+06
733802
2.19826e+06
1.59556e+06
2.04801e+06
1.53326e+06
3.42434e+06
538421
2.13585e+06
1.19055e+06
1.90332e+06
1.27225e+06
3.09231e+06
868257
2.22377e+06
1.47594e+06
2.03646e+06
1.53017e+06
3.37661e+06
456878
2.12864e+06
1.2423e+06
1.83492e+06
1.29093e+06
3.19992e+06
760166
2.37777e+06
1.324e+06
2.11837e+06
1.48772e+06
3.12281e+06
712219
2.01822e+06
1.30176e+06
1.87061e+06
1.17069e+06
3.33091e+06
587371
2.20922e+06
1.49504e+06
2.08477e+06
1.48775e+06
3.10683e+06
781642
2.14682e+06
1.19882e+06
1.927e+06
1.24357e+06
3.15788e+06
708261
2.11178e+06
1.68424e+06
2.01474e+06
1.46366e+06
3.279e+06
652914
2.20777e+06
1.14227e+06
1.95512e+06
1.20355e+06
3.11314e+06
800028
2.16475e+06
1.68174e+06
2.08435e+06
1.38402e+06
3.13096e+06
1.06232e+06
1.72851e+06
1.35543e+06
1.8575e+06
1.21875e+06
3.07954e+06
792893
2.39494e+06
1.71128e+06
1.76134e+06
1.9886e+06
2.24364e+06
1.53855e+06
1.3747e+06
1.58101e+06
1.9557e+06
991352
3.25011e+06
1.17088e+06
1.56418e+06
2.04591e+06
1.79863e+06
1.92567e+06
2.0783e+06
1.8278e+06
1.50702e+06
1.3329e+06
2.01436e+06
1.33937e+06
2.69572e+06
2.02303e+06
978447
2.31265e+06
1.9092e+06
1.61922e+06
2.51498e+06
1.72768e+06
1.63559e+06
1.67567e+06
1.61089e+06
1.83593e+06
1.64095e+06
2.5536e+06
545771
2.44717e+06
2.21984e+06
787146
3.51445e+06
1.22363e+06
1.11692e+06
1.70964e+06
2.02133e+06
1.53204e+06
1.60784e+06
2.57765e+06
1.04495e+06
1.78884e+06
2.40819e+06
1.30611e+06
3.39665e+06
1.19161e+06
1.24258e+06
1.99648e+06
1.74348e+06
1.17972e+06
2.22191e+06
2.08465e+06
1.05038e+06
1.74541e+06
2.48912e+06
1.41984e+06
2.91619e+06
1.57881e+06
937266
2.10363e+06
1.58466e+06
763539
3.32852e+06
763083
2.02487e+06
1.44314e+06
2.86425e+06
1.26913e+06
2.82606e+06
1.2686e+06
1.56423e+06
1.48884e+06
2.13466e+06
1.02783e+06
4.01184e+06
157117
2.34753e+06
1.42354e+06
1.96163e+06
1.20159e+06
3.13659e+06
689795
1.87961e+06
1.27115e+06
2.15408e+06
1.05295e+06
3.27106e+06
578706
2.01108e+06
1.66461e+06
1.81946e+06
1.7679e+06
3.08627e+06
805515
2.03065e+06
1.28185e+06
1.90576e+06
1.20769e+06
3.16615e+06
732232
2.17879e+06
1.6057e+06
2.08613e+06
1.49332e+06
3.20447e+06
691370
2.03721e+06
1.26328e+06
1.918e+06
1.21491e+06
3.03799e+06
778508
1.98797e+06
2.19164e+06
1.6179e+06
1.71803e+06
3.02625e+06
688242
2.08715e+06
1.24517e+06
2.00916e+06
1.65441e+06
2.79193e+06
784018
2.20113e+06
1.64298e+06
1.83383e+06
1.59837e+06
3.19295e+06
585972
1.9676e+06
1.63651e+06
1.66987e+06
1.4071e+06
3.00702e+06
666226
2.29995e+06
1.37907e+06
2.25559e+06
1.50589e+06
3.0758e+06
773342
1.95625e+06
2.0935e+06
1.22032e+06
1.57205e+06
2.95287e+06
795955
2.30965e+06
1.65832e+06
2.33238e+06
1.94209e+06
2.581e+06
650278
2.04817e+06
1.21034e+06
1.53813e+06
1.39808e+06
3.09541e+06
555275
2.15711e+06
2.04192e+06
1.69032e+06
1.67778e+06
2.94702e+06
556007
2.22537e+06
1.03546e+06
2.21703e+06
1.22844e+06
3.16011e+06
746738
2.17624e+06
1.59697e+06
2.0912e+06
1.49558e+06
3.21675e+06
682310
2.0438e+06
1.27465e+06
1.89077e+06
1.22496e+06
3.1537e+06
748761
2.16586e+06
1.61831e+06
2.07371e+06
1.4904e+06
3.20785e+06
690643
2.04338e+06
1.27234e+06
1.9145e+06
1.22487e+06
3.17098e+06
733494
2.18152e+06
1.60435e+06
2.06607e+06
1.50041e+06
3.21291e+06
687612
2.05829e+06
1.26856e+06
1.91074e+06
1.20975e+06
3.15558e+06
737904
2.17569e+06
1.60664e+06
2.07986e+06
1.49101e+06
3.21954e+06
684392
2.03853e+06
1.29107e+06
1.9173e+06
1.19619e+06
3.16421e+06
744384
2.17613e+06
1.60162e+06
2.10128e+06
1.49968e+06
3.24121e+06
652148
2.04188e+06
1.2708e+06
1.92803e+06
1.1803e+06
3.17984e+06
748710
2.16025e+06
1.60574e+06
2.08997e+06
1.47634e+06
3.24716e+06
658983
2.04206e+06
1.30031e+06
1.88815e+06
1.20339e+06
3.16756e+06
705563
2.27671e+06
1.51024e+06
2.18484e+06
1.41274e+06
3.21615e+06
703921
2.01122e+06
1.32646e+06
1.95973e+06
1.14859e+06
3.27937e+06
648264
2.18689e+06
1.55687e+06
2.13103e+06
1.43383e+06
3.18928e+06
696152
2.16766e+06
1.20389e+06
1.94408e+06
1.22275e+06
3.16896e+06
689737
2.11682e+06
1.68595e+06
2.01277e+06
1.46858e+06
3.27826e+06
648045
2.20562e+06
1.14513e+06
1.95611e+06
1.19465e+06
3.11845e+06
802030
2.16143e+06
1.68179e+06
2.08958e+06
1.37409e+06
3.13677e+06
1.05412e+06
1.73106e+06
1.35978e+06
1.84624e+06
1.20865e+06
2.99534e+06
882911
2.52773e+06
1.54671e+06
1.79064e+06
1.7938e+06
2.55476e+06
1.37995e+06
1.4533e+06
1.71869e+06
1.97216e+06
953415
3.10609e+06
1.31611e+06
1.82439e+06
1.85435e+06
1.7583e+06
1.93346e+06
2.00249e+06
1.72201e+06
1.62143e+06
1.37894e+06
1.94128e+06
1.23382e+06
2.81504e+06
1.92355e+06
1.04407e+06
2.33438e+06
1.77912e+06
1.68899e+06
2.33499e+06
1.95174e+06
1.83991e+06
1.45919e+06
1.71324e+06
1.72842e+06
2.1915e+06
2.28654e+06
776778
2.58665e+06
2.20677e+06
723058
3.41769e+06
1.42701e+06
1.38252e+06
1.35469e+06
1.87694e+06
1.49779e+06
1.46918e+06
2.3685e+06
1.19211e+06
1.73496e+06
2.22572e+06
1.17499e+06
3.53193e+06
1.09722e+06
1.26862e+06
2.02024e+06
1.56642e+06
1.29372e+06
2.05935e+06
2.2204e+06
1.14222e+06
1.74315e+06
2.48503e+06
1.42353e+06
2.9153e+06
1.57755e+06
938519
2.10194e+06
1.59452e+06
755863
3.33054e+06
763390
2.02359e+06
1.44617e+06
2.86529e+06
1.26751e+06
2.83607e+06
1.25842e+06
1.56477e+06
1.49018e+06
2.13149e+06
1.02784e+06
4.00797e+06
158583
2.34696e+06
1.42327e+06
1.9629e+06
1.20282e+06
3.13195e+06
691081
1.87487e+06
1.27615e+06
2.15034e+06
1.05583e+06
3.27057e+06
579454
2.00852e+06
1.66554e+06
1.82271e+06
1.75995e+06
3.09189e+06
804255
2.03275e+06
1.28135e+06
1.90825e+06
1.20558e+06
3.1709e+06
722561
2.18766e+06
1.60372e+06
2.08177e+06
1.50264e+06
3.20149e+06
690850
2.03966e+06
1.26254e+06
1.9166e+06
1.2094e+06
3.03877e+06
781624
1.98205e+06
2.19522e+06
1.61929e+06
1.71591e+06
3.02307e+06
688867
2.08533e+06
1.24719e+06
2.00953e+06
1.65134e+06
2.80104e+06
779738
2.20299e+06
1.64085e+06
1.83619e+06
1.59542e+06
3.19361e+06
581573
1.97528e+06
1.63396e+06
1.66863e+06
1.41382e+06
3.00259e+06
666451
2.29691e+06
1.38461e+06
2.2503e+06
1.49741e+06
3.08933e+06
769304
1.95386e+06
2.09567e+06
1.21993e+06
1.57365e+06
2.9392e+06
803221
2.31402e+06
1.65334e+06
2.33504e+06
1.94726e+06
2.58163e+06
646209
2.0489e+06
1.21208e+06
1.53953e+06
1.39032e+06
3.10917e+06
551211
2.16136e+06
2.03947e+06
1.69239e+06
1.67214e+06
2.94927e+06
554179
2.22548e+06
1.03772e+06
2.20769e+06
1.23595e+06
3.15868e+06
743117
2.18095e+06
1.5941e+06
2.08784e+06
1.49779e+06
3.21035e+06
689966
2.04742e+06
1.27386e+06
1.89688e+06
1.22133e+06
3.16293e+06
740637
2.17251e+06
1.61838e+06
2.06483e+06
1.5014e+06
3.20397e+06
691206
2.04834e+06
1.26551e+06
1.91309e+06
1.21652e+06
3.17727e+06
727835
2.18002e+06
1.60536e+06
2.06763e+06
1.49421e+06
3.21901e+06
684020
2.06482e+06
1.26706e+06
1.90565e+06
1.21584e+06
3.15255e+06
736225
2.18177e+06
1.60711e+06
2.07247e+06
1.4939e+06
3.22188e+06
679240
2.04382e+06
1.28978e+06
1.91143e+06
1.2016e+06
3.15393e+06
750920
2.17331e+06
1.60122e+06
2.08756e+06
1.47439e+06
3.31612e+06
598005
2.07006e+06
1.26801e+06
1.91176e+06
1.2043e+06
3.14244e+06
790626
2.22724e+06
1.55849e+06
2.07667e+06
1.50217e+06
3.21386e+06
646795
2.05659e+06
1.31848e+06
1.8515e+06
1.20931e+06
3.19362e+06
690984
2.28829e+06
1.50531e+06
2.15333e+06
1.44635e+06
3.14109e+06
766563
1.99893e+06
1.33095e+06
1.9564e+06
1.16119e+06
3.38453e+06
558231
2.22945e+06
1.53724e+06
2.1166e+06
1.48942e+06
3.1503e+06
784311
2.23045e+06
1.11207e+06
1.92845e+06
1.23517e+06
3.12005e+06
660211
2.12228e+06
1.69362e+06
1.96176e+06
1.48098e+06
3.3207e+06
608980
2.22385e+06
1.12254e+06
1.92222e+06
1.2456e+06
3.03168e+06
891383
2.14658e+06
1.70059e+06
2.13712e+06
1.49761e+06
2.72807e+06
1.38183e+06
1.55996e+06
1.41496e+06
1.90892e+06
1.16728e+06
3.17742e+06
632405
2.15852e+06
2.07465e+06
1.32484e+06
2.30246e+06
2.04672e+06
1.94718e+06
1.19315e+06
1.52724e+06
2.13235e+06
883702
2.77691e+06
1.52882e+06
1.51112e+06
2.32374e+06
1.35576e+06
2.37293e+06
2.06607e+06
1.71552e+06
1.62029e+06
1.33349e+06
1.84137e+06
1.38463e+06
1.69301e+06
3.04592e+06
725404
2.51884e+06
1.60867e+06
1.83316e+06
2.41087e+06
1.46917e+06
1.50195e+06
2.1666e+06
794652
2.47669e+06
980830
3.45144e+06
208116
2.72977e+06
2.1009e+06
1.24638e+06
2.11317e+06
2.26884e+06
1.03637e+06
2.00079e+06
1.46728e+06
2.49736e+06
1.27203e+06
2.61762e+06
718256
2.16684e+06
1.73598e+06
1.89496e+06
2.0752e+06
2.33237e+06
1.14667e+06
1.97497e+06
1.47494e+06
2.24126e+06
1.4518e+06
2.34248e+06
803738
1.93434e+06
1.93757e+06
1.81738e+06
2.20113e+06
2.13559e+06
1.07159e+06
2.46796e+06
1.36659e+06
2.2464e+06
1.5515e+06
1.81293e+06
1.71002e+06
1.72271e+06
2.65004e+06
1.73123e+06
2.48328e+06
1.2406e+06
1.09758e+06
2.20642e+06
1.50215e+06
2.27827e+06
2.16115e+06
1.14772e+06
2.00556e+06
1.79735e+06
1.92905e+06
1.91169e+06
2.15687e+06
968662
1.10632e+06
2.04752e+06
1.84031e+06
1.94028e+06
2.48226e+06
789705
1.97771e+06
2.03142e+06
1.70786e+06
2.61499e+06
2.02613e+06
1.27058e+06
1.49798e+06
1.73271e+06
1.62093e+06
1.58129e+06
2.81312e+06
446572
2.4407e+06
1.65132e+06
1.92766e+06
2.30816e+06
2.25254e+06
662405
1.94182e+06
1.70619e+06
1.38771e+06
1.5081e+06
2.97907e+06
593293
2.22175e+06
2.46365e+06
1.27906e+06
2.44591e+06
2.28134e+06
593460
2.2098e+06
1.55758e+06
1.50585e+06
1.89435e+06
2.39635e+06
823620
2.34327e+06
1.95456e+06
1.74324e+06
2.21386e+06
2.54707e+06
336100
2.25018e+06
1.42228e+06
1.3906e+06
1.67533e+06
2.92385e+06
507444
2.4188e+06
1.60219e+06
2.1423e+06
1.47904e+06
2.95978e+06
633098
2.10646e+06
1.9441e+06
847351
2.08666e+06
2.66799e+06
868134
2.19874e+06
1.96851e+06
1.95943e+06
1.88851e+06
2.17326e+06
1.01596e+06
2.17297e+06
1.16029e+06
1.70551e+06
1.96898e+06
2.72257e+06
525227
2.25168e+06
2.47014e+06
872587
2.17717e+06
2.75513e+06
551766
2.35831e+06
1.11279e+06
2.32363e+06
1.41872e+06
2.85474e+06
692550
2.29288e+06
1.46235e+06
2.03055e+06
1.57985e+06
3.11983e+06
654977
1.92764e+06
2.15873e+06
1.20931e+06
1.62843e+06
2.89824e+06
717829
2.36962e+06
1.49488e+06
2.40027e+06
1.82728e+06
2.65437e+06
701746
1.97383e+06
1.83986e+06
1.11224e+06
1.61526e+06
2.97961e+06
612178
2.28383e+06
1.97219e+06
1.97579e+06
1.97502e+06
2.55169e+06
535680
2.19234e+06
1.04433e+06
1.86361e+06
1.34263e+06
3.13652e+06
579733
2.16387e+06
1.95652e+06
1.76597e+06
1.64006e+06
3.00646e+06
566703
2.19007e+06
1.09264e+06
2.16087e+06
1.20577e+06
3.16325e+06
749549
2.16714e+06
1.60005e+06
2.08878e+06
1.468e+06
3.31606e+06
594854
2.07454e+06
1.26831e+06
1.91418e+06
1.20705e+06
3.14276e+06
790498
2.22539e+06
1.55928e+06
2.07859e+06
1.49381e+06
3.22297e+06
642079
2.05843e+06
1.31983e+06
1.85027e+06
1.20744e+06
3.19251e+06
688029
2.29061e+06
1.5061e+06
2.15556e+06
1.43791e+06
3.14974e+06
760962
2.00012e+06
1.33359e+06
1.95349e+06
1.15985e+06
3.38429e+06
552855
2.23518e+06
1.54008e+06
2.11575e+06
1.49005e+06
3.15344e+06
799282
2.18627e+06
1.01336e+06
2.36191e+06
913691
3.21968e+06
636272
2.06007e+06
1.73713e+06
1.9092e+06
1.58076e+06
3.54889e+06
454847
2.17332e+06
1.19826e+06
1.935e+06
1.09054e+06
3.05115e+06
979216
2.00002e+06
1.65611e+06
2.37439e+06
1.33697e+06
2.80333e+06
1.35326e+06
1.45416e+06
1.54705e+06
1.72733e+06
1.33734e+06
3.10616e+06
663251
2.14748e+06
2.00027e+06
1.9619e+06
1.74867e+06
2.2837e+06
1.84164e+06
1.2077e+06
1.66824e+06
2.14937e+06
1.13828e+06
3.06995e+06
1.09951e+06
1.43516e+06
2.30966e+06
1.30486e+06
2.05948e+06
2.16742e+06
1.74476e+06
1.42408e+06
1.36053e+06
2.17868e+06
1.10811e+06
1.82625e+06
2.84287e+06
608337
2.64656e+06
1.39761e+06
2.08579e+06
2.35366e+06
1.47446e+06
1.49992e+06
2.16673e+06
796075
2.47567e+06
982071
3.45264e+06
204502
2.72931e+06
2.10335e+06
1.24549e+06
2.11152e+06
2.27174e+06
1.03573e+06
1.99961e+06
1.46799e+06
2.498e+06
1.26962e+06
2.61963e+06
716460
2.16853e+06
1.73665e+06
1.89599e+06
2.07243e+06
2.33412e+06
1.14611e+06
1.9739e+06
1.47663e+06
2.24605e+06
1.44276e+06
2.35009e+06
799035
1.93343e+06
1.94052e+06
1.81501e+06
2.20248e+06
2.13676e+06
1.06565e+06
2.46913e+06
1.36884e+06
2.2444e+06
1.54945e+06
1.81777e+06
1.70839e+06
1.71812e+06
2.65609e+06
1.72887e+06
2.48213e+06
1.24434e+06
1.09504e+06
2.20843e+06
1.50407e+06
2.27686e+06
2.15987e+06
1.15133e+06
2.0041e+06
1.79583e+06
1.93334e+06
1.91121e+06
2.15651e+06
969427
1.10189e+06
2.0447e+06
1.84342e+06
1.93633e+06
2.52692e+06
783696
2.0959e+06
1.66542e+06
1.99301e+06
2.5101e+06
2.09133e+06
1.30155e+06
1.4559e+06
1.76511e+06
1.54706e+06
1.3093e+06
3.03678e+06
431505
2.41923e+06
1.62689e+06
2.09643e+06
2.25789e+06
2.22478e+06
746834
1.98946e+06
1.47516e+06
1.53058e+06
1.39392e+06
3.05874e+06
657740
2.13023e+06
2.65357e+06
1.12462e+06
2.47857e+06
2.32563e+06
545109
2.28036e+06
968070
1.99473e+06
1.66403e+06
2.51737e+06
796795
2.23926e+06
1.92708e+06
1.5322e+06
1.89852e+06
2.99105e+06
365369
2.25794e+06
1.47689e+06
1.6529e+06
1.56805e+06
2.942e+06
661510
2.438e+06
1.24521e+06
2.44727e+06
1.359e+06
3.12028e+06
792645
1.93242e+06
2.17731e+06
546142
2.13372e+06
2.72315e+06
879303
2.34048e+06
1.5268e+06
2.31534e+06
1.73273e+06
2.25803e+06
1.05413e+06
2.13418e+06
1.17097e+06
1.61024e+06
1.67282e+06
3.0248e+06
501229
2.36972e+06
2.04075e+06
1.33909e+06
1.98055e+06
2.8013e+06
649078
2.27819e+06
1.20148e+06
2.28308e+06
1.02957e+06
3.15413e+06
778479
2.12619e+06
1.59177e+06
2.14183e+06
1.81409e+06
3.06353e+06
668529
2.05662e+06
1.33439e+06
1.72735e+06
1.25476e+06
3.15846e+06
711505
2.03069e+06
1.81427e+06
1.9966e+06
1.54634e+06
3.12069e+06
650789
2.05956e+06
1.12547e+06
2.0983e+06
1.1971e+06
3.11833e+06
759087
2.10351e+06
2.10875e+06
1.79576e+06
1.5757e+06
3.23787e+06
653347
2.12806e+06
1.37186e+06
2.09762e+06
1.54801e+06
2.85382e+06
608934
2.10159e+06
1.53312e+06
1.86727e+06
1.49307e+06
3.21737e+06
578311
1.9299e+06
1.61634e+06
1.72006e+06
1.30371e+06
3.0052e+06
632993
2.22144e+06
1.44985e+06
2.38136e+06
1.44538e+06
3.31745e+06
618624
2.04239e+06
1.29302e+06
1.92584e+06
1.31711e+06
3.19443e+06
730039
2.16008e+06
1.54067e+06
2.05726e+06
1.46739e+06
3.18788e+06
718275
1.96257e+06
1.29283e+06
1.9537e+06
1.18418e+06
3.16543e+06
719539
2.20078e+06
1.51783e+06
2.10725e+06
1.53945e+06
3.10192e+06
816859
1.96687e+06
1.30331e+06
1.9678e+06
1.19474e+06
3.34499e+06
595065
2.20755e+06
1.51066e+06
2.12618e+06
1.5302e+06
3.11553e+06
824712
2.20041e+06
1.09296e+06
1.94458e+06
1.25472e+06
3.1023e+06
697957
2.09063e+06
1.6763e+06
1.97102e+06
1.50809e+06
3.28834e+06
643734
2.19817e+06
1.10152e+06
1.93381e+06
1.25101e+06
3.02295e+06
912820
2.12473e+06
1.67794e+06
2.14503e+06
1.49621e+06
2.71659e+06
1.38812e+06
1.55749e+06
1.40146e+06
1.91606e+06
1.17092e+06
3.1785e+06
635835
2.19975e+06
2.11548e+06
1.45198e+06
1.82657e+06
2.4509e+06
1.78387e+06
1.24128e+06
1.5713e+06
2.10701e+06
880355
2.73252e+06
1.16169e+06
1.7257e+06
2.39485e+06
1.27915e+06
2.3819e+06
2.27718e+06
1.62701e+06
1.5583e+06
1.46232e+06
1.89661e+06
1.08447e+06
1.88312e+06
2.98254e+06
720430
2.69991e+06
1.47349e+06
2.0269e+06
2.28135e+06
1.46719e+06
1.51274e+06
2.1838e+06
806613
1.83663e+06
1.50558e+06
3.37918e+06
252726
2.40006e+06
2.57385e+06
400864
2.40856e+06
1.86061e+06
1.41608e+06
2.23345e+06
1.27302e+06
2.39162e+06
1.6404e+06
2.3933e+06
783590
1.98957e+06
2.36932e+06
634912
3.53429e+06
1.88239e+06
1.3645e+06
2.08604e+06
1.30038e+06
1.91261e+06
1.44599e+06
2.33603e+06
1.15681e+06
1.64328e+06
2.31214e+06
1.33005e+06
2.76191e+06
1.98517e+06
1.10323e+06
1.99767e+06
1.85408e+06
730864
2.78679e+06
1.18385e+06
2.00307e+06
1.49784e+06
2.6286e+06
1.37721e+06
2.77453e+06
1.12192e+06
1.37339e+06
1.73608e+06
2.47769e+06
695560
4.30147e+06
381030
2.26989e+06
1.37245e+06
2.18523e+06
1.16655e+06
2.84314e+06
943459
1.75031e+06
1.38864e+06
2.33639e+06
856194
3.57241e+06
264336
2.04159e+06
1.66843e+06
1.81412e+06
1.76465e+06
3.07609e+06
819496
2.03034e+06
1.28156e+06
1.92349e+06
1.1937e+06
3.19681e+06
701765
2.1939e+06
1.60955e+06
2.07422e+06
1.51256e+06
3.20739e+06
694632
2.05262e+06
1.24712e+06
1.91743e+06
1.19628e+06
3.03606e+06
753994
2.02047e+06
2.35094e+06
1.13965e+06
2.08252e+06
2.91409e+06
695762
2.17718e+06
1.16476e+06
2.05445e+06
1.56985e+06
2.48506e+06
974925
2.34327e+06
1.50611e+06
1.89511e+06
1.8579e+06
2.85221e+06
723713
1.99573e+06
1.75871e+06
1.50197e+06
1.49853e+06
2.98092e+06
594044
2.23119e+06
1.30884e+06
2.54515e+06
1.28915e+06
3.12355e+06
878855
1.95819e+06
2.09435e+06
643046
2.17206e+06
2.50341e+06
970500
2.30266e+06
1.58685e+06
2.44503e+06
1.80827e+06
2.01454e+06
1.20805e+06
2.19292e+06
1.06024e+06
1.79092e+06
1.66717e+06
2.61338e+06
807325
1.94218e+06
2.53568e+06
1.30736e+06
1.9322e+06
2.42577e+06
773211
2.00146e+06
956337
2.84936e+06
948451
3.13649e+06
962140
1.79584e+06
1.71317e+06
2.42896e+06
1.27412e+06
3.20952e+06
814772
1.92385e+06
1.47433e+06
2.0612e+06
1.24231e+06
2.66395e+06
1.01587e+06
1.95224e+06
1.77976e+06
2.36684e+06
1.36796e+06
3.00557e+06
528551
1.57699e+06
1.81118e+06
1.84257e+06
1.28616e+06
2.79011e+06
1.18758e+06
1.70894e+06
1.86003e+06
2.36695e+06
1.40237e+06
2.88049e+06
707753
1.57183e+06
1.71085e+06
2.19642e+06
1.07142e+06
3.39142e+06
713901
2.06454e+06
1.69817e+06
2.34433e+06
1.41817e+06
3.13535e+06
639065
2.00634e+06
1.37941e+06
2.06564e+06
1.08377e+06
2.88787e+06
910570
1.99523e+06
1.70889e+06
2.07394e+06
1.48718e+06
3.21588e+06
365805
1.7785e+06
1.58883e+06
2.0057e+06
1.16104e+06
3.29172e+06
1.05244e+06
2.09977e+06
1.55156e+06
2.25417e+06
1.50062e+06
2.91785e+06
853887
1.98489e+06
1.368e+06
2.01397e+06
1.09895e+06
3.41148e+06
446032
2.31703e+06
1.48409e+06
2.18165e+06
1.3916e+06
3.18108e+06
759713
1.9953e+06
1.33747e+06
1.93845e+06
1.30129e+06
3.25946e+06
607244
2.21519e+06
1.53788e+06
2.14766e+06
1.47347e+06
3.21756e+06
849386
2.14087e+06
1.10028e+06
1.92863e+06
1.21253e+06
3.05502e+06
668771
2.14276e+06
1.6562e+06
1.95902e+06
1.55371e+06
3.26422e+06
631280
2.19478e+06
1.09681e+06
1.95736e+06
1.17349e+06
3.10306e+06
873554
2.15569e+06
1.70953e+06
2.12828e+06
1.50437e+06
2.71976e+06
1.37243e+06
1.56927e+06
1.41963e+06
1.91031e+06
1.14572e+06
3.2034e+06
619104
2.20968e+06
2.1289e+06
1.44205e+06
1.82368e+06
2.44222e+06
1.76892e+06
1.25822e+06
1.57786e+06
2.10376e+06
885830
2.73825e+06
1.15244e+06
1.72828e+06
2.40301e+06
1.27822e+06
2.3667e+06
2.29289e+06
1.61957e+06
1.56318e+06
1.47018e+06
1.89139e+06
1.0876e+06
1.87662e+06
2.97965e+06
723465
2.70291e+06
1.47163e+06
2.02955e+06
2.28141e+06
1.46645e+06
1.51314e+06
2.18529e+06
807117
1.82544e+06
1.51508e+06
3.3749e+06
254829
2.40148e+06
2.57094e+06
401706
2.40303e+06
1.85621e+06
1.42289e+06
2.2329e+06
1.27453e+06
2.392e+06
1.64517e+06
2.39181e+06
782429
1.99306e+06
2.36897e+06
628139
3.54006e+06
1.88106e+06
1.36667e+06
2.08664e+06
1.30043e+06
1.91504e+06
1.44183e+06
2.33749e+06
1.15669e+06
1.64242e+06
2.31279e+06
1.3282e+06
2.76323e+06
1.98564e+06
1.10252e+06
1.99844e+06
1.85413e+06
730666
2.78585e+06
1.18504e+06
2.00318e+06
1.49439e+06
2.63171e+06
1.37547e+06
2.77515e+06
1.12208e+06
1.37187e+06
1.73722e+06
2.47637e+06
694019
4.30369e+06
381737
2.27001e+06
1.3705e+06
2.18914e+06
1.16414e+06
2.84371e+06
944467
1.74977e+06
1.38728e+06
2.33708e+06
854161
3.57342e+06
263782
2.03659e+06
1.68496e+06
1.80247e+06
1.76869e+06
3.07434e+06
818168
2.03162e+06
1.27223e+06
1.91327e+06
1.14619e+06
3.38942e+06
546254
2.26081e+06
1.57645e+06
2.02153e+06
1.59148e+06
3.12705e+06
765045
2.18275e+06
1.15835e+06
1.89772e+06
1.22276e+06
3.04102e+06
711964
2.03e+06
2.35688e+06
1.08699e+06
2.08443e+06
2.97683e+06
651900
2.20431e+06
1.17416e+06
1.97649e+06
1.64482e+06
2.42118e+06
1.07553e+06
2.21847e+06
1.56284e+06
1.82707e+06
1.79379e+06
3.38992e+06
258874
2.22883e+06
1.61496e+06
1.3745e+06
1.69976e+06
2.97885e+06
769426
2.57185e+06
1.03985e+06
2.38763e+06
1.42569e+06
3.03213e+06
724593
2.02664e+06
2.0883e+06
477879
2.19252e+06
2.79059e+06
798815
2.35986e+06
1.42518e+06
2.21992e+06
1.87819e+06
2.13767e+06
1.19528e+06
2.10664e+06
1.11044e+06
1.57916e+06
1.75356e+06
2.99698e+06
554851
2.35201e+06
1.97713e+06
1.35427e+06
2.04972e+06
2.9197e+06
639368
2.4473e+06
736945
2.43089e+06
1.08278e+06
3.21599e+06
828566
2.23414e+06
1.44334e+06
2.05966e+06
1.57563e+06
3.16267e+06
729138
2.06255e+06
1.16719e+06
1.82078e+06
1.3691e+06
3.04913e+06
798838
2.15979e+06
1.52999e+06
2.0237e+06
1.61241e+06
3.25096e+06
723149
2.01134e+06
1.17779e+06
1.894e+06
1.34445e+06
3.09076e+06
878684
2.22107e+06
1.44912e+06
2.08415e+06
1.53237e+06
3.29811e+06
632668
2.09686e+06
1.16103e+06
1.86822e+06
1.31831e+06
3.11579e+06
766386
2.2834e+06
1.43938e+06
2.02061e+06
1.56733e+06
3.17446e+06
708939
2.00468e+06
1.25293e+06
1.86572e+06
1.26717e+06
3.12367e+06
766312
2.18407e+06
1.54531e+06
2.06647e+06
1.54272e+06
3.36866e+06
624436
2.03525e+06
1.22088e+06
1.93247e+06
1.1905e+06
3.13289e+06
848935
2.29584e+06
1.44965e+06
2.05839e+06
1.54826e+06
3.15788e+06
605485
2.06203e+06
1.30267e+06
1.83349e+06
1.17404e+06
3.29248e+06
629917
2.31572e+06
1.4844e+06
2.12354e+06
1.46518e+06
3.1075e+06
807482
1.9974e+06
1.33692e+06
1.95192e+06
1.1609e+06
3.38547e+06
550668
2.23694e+06
1.54254e+06
2.12095e+06
1.46308e+06
3.17484e+06
771740
2.23491e+06
1.11798e+06
1.9253e+06
1.23035e+06
3.11863e+06
640207
2.13902e+06
1.69907e+06
1.95937e+06
1.47405e+06
3.32726e+06
596044
2.19518e+06
1.23005e+06
1.84898e+06
1.25483e+06
3.03106e+06
865601
2.16499e+06
1.70101e+06
2.14705e+06
1.57354e+06
2.67385e+06
1.36679e+06
1.57784e+06
1.42556e+06
1.86979e+06
1.15668e+06
3.2142e+06
589895
2.19833e+06
2.1889e+06
1.40091e+06
1.85572e+06
2.42177e+06
1.74111e+06
1.28788e+06
1.53723e+06
2.13635e+06
888320
2.73123e+06
1.15828e+06
1.7129e+06
2.55333e+06
1.15807e+06
2.41504e+06
2.27391e+06
1.61631e+06
1.59442e+06
1.47902e+06
1.93854e+06
1.17186e+06
1.77258e+06
2.95079e+06
732785
2.6805e+06
1.40639e+06
2.05526e+06
2.28747e+06
1.41966e+06
1.51436e+06
2.26325e+06
743114
1.85556e+06
1.48446e+06
3.33073e+06
297036
2.34642e+06
2.62837e+06
404784
2.40167e+06
1.85949e+06
1.41978e+06
2.23205e+06
1.27501e+06
2.39129e+06
1.64337e+06
2.3924e+06
781933
1.9922e+06
2.36899e+06
630103
3.53781e+06
1.88208e+06
1.36435e+06
2.08952e+06
1.29874e+06
1.91503e+06
1.44227e+06
2.33732e+06
1.15684e+06
1.64194e+06
2.31393e+06
1.33054e+06
2.76177e+06
1.98511e+06
1.1029e+06
1.99879e+06
1.85239e+06
731483
2.785e+06
1.18496e+06
2.00227e+06
1.49626e+06
2.63059e+06
1.37602e+06
2.77472e+06
1.12064e+06
1.37208e+06
1.73651e+06
2.47762e+06
693674
4.30385e+06
382459
2.26918e+06
1.37567e+06
2.18492e+06
1.16689e+06
2.84156e+06
945386
1.75053e+06
1.38752e+06
2.33956e+06
856677
3.57177e+06
263668
2.04124e+06
1.66937e+06
1.81237e+06
1.76234e+06
3.07861e+06
817373
2.03082e+06
1.2837e+06
1.9218e+06
1.19448e+06
3.19565e+06
698766
2.19636e+06
1.60897e+06
2.07607e+06
1.50911e+06
3.21126e+06
692902
2.05288e+06
1.24847e+06
1.91787e+06
1.19336e+06
3.03776e+06
750481
2.02361e+06
2.35338e+06
1.14325e+06
2.06828e+06
2.92986e+06
695053
2.15761e+06
1.18784e+06
2.05492e+06
1.55212e+06
2.53051e+06
955837
2.2546e+06
1.59095e+06
1.81637e+06
1.77266e+06
3.17941e+06
464245
2.12715e+06
1.68623e+06
1.39829e+06
1.56375e+06
2.95704e+06
654289
2.44254e+06
1.25086e+06
2.4585e+06
1.32191e+06
3.15815e+06
739345
1.96931e+06
2.17756e+06
548772
2.11582e+06
2.74054e+06
847426
2.34957e+06
1.52508e+06
2.32323e+06
1.72221e+06
2.27824e+06
1.02019e+06
2.15793e+06
1.18158e+06
1.59707e+06
1.66904e+06
3.04851e+06
466565
2.38776e+06
2.05615e+06
1.3378e+06
1.95754e+06
2.88044e+06
627843
2.41689e+06
847207
2.45304e+06
940755
3.25943e+06
730561
2.18725e+06
1.60009e+06
2.09079e+06
1.48662e+06
3.22435e+06
673842
2.04694e+06
1.28735e+06
1.89358e+06
1.21782e+06
3.16654e+06
736764
2.17511e+06
1.62528e+06
2.0643e+06
1.49359e+06
3.21391e+06
683445
2.04757e+06
1.2767e+06
1.91135e+06
1.20893e+06
3.17968e+06
725274
2.18168e+06
1.60866e+06
2.06773e+06
1.49323e+06
3.2173e+06
676650
2.06693e+06
1.27332e+06
1.90963e+06
1.20705e+06
3.1688e+06
730138
2.18404e+06
1.61019e+06
2.07328e+06
1.49159e+06
3.21871e+06
678954
2.04606e+06
1.29379e+06
1.91387e+06
1.1964e+06
3.16235e+06
745463
2.17321e+06
1.60304e+06
2.0858e+06
1.47278e+06
3.3142e+06
595904
2.07352e+06
1.26946e+06
1.91618e+06
1.19871e+06
3.14833e+06
787575
2.22803e+06
1.56061e+06
2.07643e+06
1.5004e+06
3.21715e+06
640562
2.05982e+06
1.31981e+06
1.85063e+06
1.20709e+06
3.19579e+06
689017
2.28792e+06
1.50726e+06
2.15569e+06
1.43822e+06
3.14735e+06
762305
1.99973e+06
1.33371e+06
1.95308e+06
1.16357e+06
3.38198e+06
555470
2.23393e+06
1.5394e+06
2.12212e+06
1.46594e+06
3.17168e+06
774407
2.2345e+06
1.11573e+06
1.92629e+06
1.2313e+06
3.11894e+06
642853
2.13682e+06
1.69788e+06
1.96101e+06
1.47393e+06
3.33621e+06
599384
2.22484e+06
1.13096e+06
1.9238e+06
1.22939e+06
3.04392e+06
877925
2.15452e+06
1.70952e+06
2.13047e+06
1.50512e+06
2.7246e+06
1.37778e+06
1.5617e+06
1.41852e+06
1.91092e+06
1.13955e+06
3.20223e+06
619137
2.2107e+06
2.12543e+06
1.44039e+06
1.83237e+06
2.43321e+06
1.76974e+06
1.25815e+06
1.57519e+06
2.10687e+06
879568
2.74732e+06
1.15168e+06
1.72766e+06
2.4043e+06
1.278e+06
2.36262e+06
2.29463e+06
1.61687e+06
1.5664e+06
1.47103e+06
1.88974e+06
1.09034e+06
1.87484e+06
2.97881e+06
724415
2.70359e+06
1.4721e+06
2.02747e+06
2.28425e+06
1.4655e+06
1.51352e+06
2.18667e+06
806134
1.82823e+06
1.51242e+06
3.37578e+06
254799
2.40203e+06
2.57114e+06
402925
2.40214e+06
1.85878e+06
1.4208e+06
2.23182e+06
1.27535e+06
2.3913e+06
1.64409e+06
2.39219e+06
781734
1.99273e+06
2.36891e+06
629019
3.5387e+06
1.8819e+06
1.36457e+06
2.08986e+06
1.29862e+06
1.91545e+06
1.4416e+06
2.33755e+06
1.15686e+06
1.64172e+06
2.31414e+06
1.3304e+06
2.76187e+06
1.98518e+06
1.10279e+06
1.99897e+06
1.85225e+06
731503
2.78487e+06
1.18509e+06
2.00226e+06
1.49572e+06
2.63111e+06
1.37575e+06
2.77481e+06
1.12059e+06
1.37186e+06
1.73659e+06
2.47744e+06
693339
4.30429e+06
382607
2.26919e+06
1.37576e+06
2.18547e+06
1.16606e+06
2.84202e+06
945400
1.75061e+06
1.38731e+06
2.33983e+06
856574
3.57184e+06
263262
2.04137e+06
1.66957e+06
1.81179e+06
1.76325e+06
3.07817e+06
817592
2.03058e+06
1.28381e+06
1.92196e+06
1.19398e+06
3.19612e+06
699241
2.19598e+06
1.60908e+06
2.07599e+06
1.50944e+06
3.21063e+06
693082
2.05304e+06
1.24816e+06
1.91786e+06
1.19292e+06
3.0382e+06
750341
2.02366e+06
2.35315e+06
1.14329e+06
2.06785e+06
2.92982e+06
694505
2.15822e+06
1.188e+06
2.05478e+06
1.55354e+06
2.52983e+06
956188
2.25435e+06
1.59124e+06
1.81664e+06
1.7722e+06
3.18032e+06
464769
2.12628e+06
1.68612e+06
1.39722e+06
1.56685e+06
2.95375e+06
655593
2.44211e+06
1.25011e+06
2.45874e+06
1.32229e+06
3.15809e+06
741573
1.9677e+06
2.17696e+06
549457
2.11531e+06
2.73965e+06
847115
2.35246e+06
1.52223e+06
2.32375e+06
1.72343e+06
2.27682e+06
1.02118e+06
2.15734e+06
1.18138e+06
1.59953e+06
1.66669e+06
3.04917e+06
466832
2.38768e+06
2.05513e+06
1.33785e+06
1.96182e+06
2.87616e+06
629219
2.4179e+06
846360
2.45553e+06
937214
3.26312e+06
732229
2.184e+06
1.60074e+06
2.09047e+06
1.48637e+06
3.22172e+06
671851
2.0524e+06
1.2832e+06
1.89468e+06
1.21934e+06
3.16598e+06
737784
2.17399e+06
1.62654e+06
2.06767e+06
1.48768e+06
3.21637e+06
682478
2.04754e+06
1.27595e+06
1.9111e+06
1.21046e+06
3.17737e+06
725362
2.18385e+06
1.60693e+06
2.06893e+06
1.48763e+06
3.22049e+06
675598
2.06645e+06
1.27485e+06
1.9085e+06
1.20678e+06
3.16721e+06
727454
2.18733e+06
1.6109e+06
2.07322e+06
1.49212e+06
3.22103e+06
678031
2.0459e+06
1.29538e+06
1.91391e+06
1.19348e+06
3.16489e+06
744341
2.17431e+06
1.60433e+06
2.08462e+06
1.47444e+06
3.31235e+06
595826
2.07369e+06
1.26952e+06
1.91639e+06
1.19791e+06
3.14906e+06
787250
2.22813e+06
1.56078e+06
2.0764e+06
1.50032e+06
3.21711e+06
639958
2.06032e+06
1.32003e+06
1.851e+06
1.20539e+06
3.19743e+06
688259
2.28859e+06
1.50806e+06
2.15766e+06
1.43102e+06
3.15286e+06
758423
2.00173e+06
1.33476e+06
1.95211e+06
1.16436e+06
3.38124e+06
550503
2.23677e+06
1.5402e+06
2.12037e+06
1.46824e+06
3.17261e+06
773930
2.23338e+06
1.11774e+06
1.92673e+06
1.22756e+06
3.12171e+06
643583
2.13617e+06
1.69935e+06
1.95946e+06
1.4763e+06
3.33337e+06
599714
2.22577e+06
1.12964e+06
1.92366e+06
1.22261e+06
3.04952e+06
875319
2.15644e+06
1.7089e+06
2.12968e+06
1.50347e+06
2.72303e+06
1.37287e+06
1.56755e+06
1.42013e+06
1.90999e+06
1.14676e+06
3.20122e+06
620129
2.20968e+06
2.12871e+06
1.44162e+06
1.82755e+06
2.43979e+06
1.77154e+06
1.25549e+06
1.57669e+06
2.10444e+06
884631
2.73811e+06
1.15414e+06
1.72767e+06
2.40181e+06
1.27854e+06
2.36717e+06
2.29177e+06
1.61995e+06
1.56298e+06
1.46891e+06
1.89168e+06
1.08752e+06
1.87675e+06
2.97927e+06
724083
2.70262e+06
1.47205e+06
2.02897e+06
2.28252e+06
1.46619e+06
1.51301e+06
2.1857e+06
806876
1.82719e+06
1.51357e+06
3.37559e+06
254722
2.40183e+06
2.57123e+06
402633
2.40215e+06
1.85845e+06
1.42085e+06
2.23287e+06
1.2746e+06
2.39168e+06
1.64418e+06
2.39198e+06
781773
1.99282e+06
2.3691e+06
629390
3.53889e+06
1.88204e+06
1.36622e+06
2.08514e+06
1.30189e+06
1.91412e+06
1.44224e+06
2.33788e+06
1.15632e+06
1.64266e+06
2.3129e+06
1.32747e+06
2.764e+06
1.98531e+06
1.10249e+06
1.99842e+06
1.85446e+06
730673
2.78427e+06
1.18648e+06
2.00264e+06
1.49441e+06
2.63188e+06
1.37504e+06
2.77513e+06
1.12173e+06
1.3709e+06
1.73853e+06
2.47644e+06
694088
4.30383e+06
382352
2.26967e+06
1.36936e+06
2.18964e+06
1.16626e+06
2.84111e+06
946000
1.74887e+06
1.38737e+06
2.33727e+06
853055
3.57646e+06
265516
2.04011e+06
1.66938e+06
1.81401e+06
1.76677e+06
3.07335e+06
821780
2.03006e+06
1.27895e+06
1.92512e+06
1.19364e+06
3.19742e+06
704901
2.19187e+06
1.61031e+06
2.07456e+06
1.50886e+06
3.20934e+06
693909
2.05343e+06
1.24676e+06
1.91698e+06
1.19922e+06
3.03353e+06
752993
2.02262e+06
2.3518e+06
1.14524e+06
2.06616e+06
2.93238e+06
696356
2.1556e+06
1.18758e+06
2.05418e+06
1.55961e+06
2.52263e+06
959454
2.25343e+06
1.58999e+06
1.81801e+06
1.77441e+06
3.18081e+06
469128
2.12086e+06
1.68402e+06
1.39712e+06
1.56864e+06
2.94906e+06
658080
2.4416e+06
1.24751e+06
2.45851e+06
1.32714e+06
3.15432e+06
746073
1.9643e+06
2.17469e+06
551762
2.11294e+06
2.74087e+06
848551
2.35268e+06
1.52053e+06
2.32368e+06
1.72551e+06
2.27461e+06
1.0225e+06
2.15706e+06
1.18007e+06
1.6007e+06
1.66588e+06
3.04958e+06
467316
2.38699e+06
2.05419e+06
1.33662e+06
1.97071e+06
2.86856e+06
632810
2.41654e+06
845651
2.45678e+06
939404
3.26342e+06
739361
2.17767e+06
1.59976e+06
2.09145e+06
1.48608e+06
3.21805e+06
674912
2.05253e+06
1.27927e+06
1.89551e+06
1.22131e+06
3.1629e+06
739641
2.17299e+06
1.62383e+06
2.07029e+06
1.48514e+06
3.2179e+06
680736
2.04811e+06
1.27524e+06
1.9109e+06
1.21575e+06
3.17391e+06
727308
2.18295e+06
1.60736e+06
2.0707e+06
1.48614e+06
3.22348e+06
678454
2.06226e+06
1.27508e+06
1.90781e+06
1.2073e+06
3.16336e+06
728710
2.18769e+06
1.60883e+06
2.07367e+06
1.49124e+06
3.2217e+06
677635
2.04522e+06
1.29378e+06
1.91448e+06
1.19143e+06
3.1656e+06
741965
2.17739e+06
1.6051e+06
2.08574e+06
1.47111e+06
3.31739e+06
593869
2.07381e+06
1.27108e+06
1.91513e+06
1.1992e+06
3.14776e+06
785010
2.23029e+06
1.56172e+06
2.07523e+06
1.50143e+06
3.21758e+06
641626
2.05858e+06
1.32099e+06
1.85264e+06
1.20054e+06
3.19987e+06
686825
2.28965e+06
1.50826e+06
2.15556e+06
1.43681e+06
3.14815e+06
758254
2.00252e+06
1.33388e+06
1.95334e+06
1.15775e+06
3.38825e+06
549400
2.2362e+06
1.54117e+06
2.12051e+06
1.46714e+06
3.17017e+06
771240
2.23727e+06
1.1188e+06
1.92636e+06
1.23106e+06
3.12317e+06
643152
2.13441e+06
1.69988e+06
1.95922e+06
1.47098e+06
3.33713e+06
598213
2.22659e+06
1.13034e+06
1.92152e+06
1.2285e+06
3.04258e+06
876825
2.15649e+06
1.70878e+06
2.13077e+06
1.50392e+06
2.72549e+06
1.37519e+06
1.56531e+06
1.41998e+06
1.91037e+06
1.14087e+06
3.20443e+06
618701
2.21133e+06
2.12749e+06
1.43959e+06
1.83166e+06
2.43398e+06
1.77023e+06
1.25799e+06
1.57612e+06
2.10522e+06
887569
2.73906e+06
1.15588e+06
1.72596e+06
2.40348e+06
1.27931e+06
2.36693e+06
2.29298e+06
1.62235e+06
1.56115e+06
1.46923e+06
1.89072e+06
1.09002e+06
1.87287e+06
2.98207e+06
722503
2.70024e+06
1.47255e+06
2.0303e+06
2.27988e+06
1.46747e+06
1.51215e+06
2.18374e+06
807803
1.82929e+06
1.51218e+06
3.37669e+06
253907
2.40103e+06
2.57232e+06
401865
2.40387e+06
1.85924e+06
1.4184e+06
2.23589e+06
1.27201e+06
2.39256e+06
1.64262e+06
2.39196e+06
782312
1.99173e+06
2.36973e+06
632953
3.53609e+06
1.88208e+06
1.36583e+06
2.08581e+06
1.30018e+06
1.91426e+06
1.44345e+06
2.3366e+06
1.15613e+06
1.6443e+06
2.31178e+06
1.32907e+06
2.76306e+06
1.98441e+06
1.10346e+06
1.99717e+06
1.85505e+06
730804
2.78434e+06
1.18607e+06
2.00215e+06
1.49921e+06
2.6276e+06
1.37714e+06
2.77428e+06
1.12145e+06
1.37222e+06
1.73822e+06
2.47825e+06
696549
4.30092e+06
381854
2.27049e+06
1.36693e+06
2.18817e+06
1.16881e+06
2.83987e+06
945634
1.7486e+06
1.38991e+06
2.33513e+06
852349
3.57639e+06
266042
2.04001e+06
1.66761e+06
1.81748e+06
1.76347e+06
3.07451e+06
821587
2.03122e+06
1.27747e+06
1.92524e+06
1.19468e+06
3.196e+06
703825
2.19244e+06
1.61062e+06
2.07355e+06
1.51039e+06
3.20961e+06
694158
2.05299e+06
1.24275e+06
1.92125e+06
1.1985e+06
3.0333e+06
755172
2.02036e+06
2.35212e+06
1.14379e+06
2.06516e+06
2.9346e+06
699175
2.15388e+06
1.18685e+06
2.0565e+06
1.5556e+06
2.52369e+06
960441
2.25395e+06
1.5859e+06
1.81992e+06
1.77399e+06
3.17968e+06
468580
2.12202e+06
1.68563e+06
1.39661e+06
1.56837e+06
2.95185e+06
657451
2.44127e+06
1.24906e+06
2.45825e+06
1.32765e+06
3.15509e+06
745706
1.96401e+06
2.17531e+06
550594
2.11378e+06
2.73948e+06
850773
2.34979e+06
1.52143e+06
2.32375e+06
1.72591e+06
2.27348e+06
1.02262e+06
2.15709e+06
1.17898e+06
1.59942e+06
1.66798e+06
3.04914e+06
467712
2.38712e+06
2.05444e+06
1.33839e+06
1.96166e+06
2.87641e+06
629859
2.41667e+06
846600
2.45416e+06
945279
3.25652e+06
736148
2.18219e+06
1.59984e+06
2.09194e+06
1.48644e+06
3.22333e+06
677129
2.0461e+06
1.28293e+06
1.89437e+06
1.21995e+06
3.16157e+06
739373
2.17417e+06
1.62302e+06
2.06702e+06
1.49257e+06
3.21337e+06
684305
2.04618e+06
1.27451e+06
1.91284e+06
1.20838e+06
3.17997e+06
725567
2.18279e+06
1.60763e+06
2.06851e+06
1.49155e+06
3.21815e+06
677136
2.06571e+06
1.27408e+06
1.90927e+06
1.20684e+06
3.16794e+06
729584
2.18517e+06
1.61028e+06
2.07434e+06
1.48878e+06
3.22161e+06
677649
2.04638e+06
1.29439e+06
1.91399e+06
1.19507e+06
3.16324e+06
742608
2.1752e+06
1.6037e+06
2.08514e+06
1.47275e+06
3.31536e+06
594759
2.07334e+06
1.27038e+06
1.9157e+06
1.19914e+06
3.14794e+06
787207
2.2282e+06
1.56144e+06
2.07586e+06
1.50116e+06
3.21701e+06
641967
2.05897e+06
1.31986e+06
1.85116e+06
1.20266e+06
3.19877e+06
687494
2.28943e+06
1.50704e+06
2.15619e+06
1.43295e+06
3.14994e+06
758062
2.00362e+06
1.33439e+06
1.95298e+06
1.16362e+06
3.38361e+06
550274
2.23658e+06
1.54126e+06
2.12019e+06
1.4699e+06
3.17118e+06
774806
2.23378e+06
1.11844e+06
1.92673e+06
1.22908e+06
3.12156e+06
645351
2.13364e+06
1.69864e+06
1.95889e+06
1.47922e+06
3.32885e+06
601744
2.22492e+06
1.12828e+06
1.92328e+06
1.22897e+06
3.04519e+06
879791
2.15266e+06
1.70708e+06
2.13114e+06
1.50195e+06
2.72373e+06
1.37647e+06
1.56541e+06
1.41848e+06
1.91041e+06
1.14713e+06
3.19894e+06
621204
2.20969e+06
2.12593e+06
1.44172e+06
1.82929e+06
2.43813e+06
1.77179e+06
1.25596e+06
1.57561e+06
2.1055e+06
884794
2.73911e+06
1.15482e+06
1.72689e+06
2.40237e+06
1.27851e+06
2.37129e+06
2.28873e+06
1.62269e+06
1.56138e+06
1.4689e+06
1.89224e+06
1.08853e+06
1.8767e+06
2.98267e+06
720754
2.70096e+06
1.47229e+06
2.0292e+06
2.2794e+06
1.46749e+06
1.51281e+06
2.1835e+06
807391
1.82995e+06
1.51139e+06
3.47295e+06
199458
2.5417e+06
2.24841e+06
606833
2.31358e+06
1.91331e+06
1.44094e+06
2.23e+06
1.27901e+06
2.35444e+06
1.40943e+06
2.5747e+06
762590
1.96478e+06
2.38205e+06
716390
3.56163e+06
1.84439e+06
1.44825e+06
2.14035e+06
1.08116e+06
2.05217e+06
1.34073e+06
2.38991e+06
1.21297e+06
1.56147e+06
2.45893e+06
1.21023e+06
2.80879e+06
2.00909e+06
1.07196e+06
2.04685e+06
1.41481e+06
1.06306e+06
2.65009e+06
1.21564e+06
2.05597e+06
1.37845e+06
2.64639e+06
1.20511e+06
2.56982e+06
1.3938e+06
1.41881e+06
1.73213e+06
2.58152e+06
840268
4.31843e+06
313351
2.43406e+06
1.34187e+06
1.96188e+06
1.35653e+06
2.78301e+06
998105
1.88574e+06
1.25092e+06
2.51932e+06
641851
3.64673e+06
274932
2.02691e+06
1.67758e+06
1.81205e+06
1.76771e+06
3.07092e+06
816587
2.07747e+06
1.2409e+06
1.94119e+06
1.1894e+06
3.19291e+06
715519
2.19469e+06
1.62406e+06
2.10249e+06
1.47828e+06
3.1992e+06
696304
2.04724e+06
1.22468e+06
1.92458e+06
1.20601e+06
3.01506e+06
757073
2.04627e+06
2.32827e+06
1.15671e+06
2.0554e+06
2.91946e+06
711095
2.13699e+06
1.20685e+06
2.05088e+06
1.56331e+06
2.5182e+06
961499
2.25332e+06
1.58834e+06
1.81943e+06
1.77618e+06
3.17967e+06
470829
2.11871e+06
1.68269e+06
1.39701e+06
1.57089e+06
2.94637e+06
659349
2.44104e+06
1.24755e+06
2.4583e+06
1.33026e+06
3.15281e+06
748674
1.96166e+06
2.17305e+06
553293
2.1118e+06
2.7405e+06
849951
2.35208e+06
1.51901e+06
2.32379e+06
1.7272e+06
2.27226e+06
1.02353e+06
2.15638e+06
1.17874e+06
1.60171e+06
1.6654e+06
3.05014e+06
467625
2.38684e+06
2.05383e+06
1.33771e+06
1.96806e+06
2.87072e+06
631998
2.41693e+06
845731
2.45624e+06
941390
3.26141e+06
738574
2.17825e+06
1.59983e+06
2.09139e+06
1.48581e+06
3.21935e+06
675689
2.05173e+06
1.27947e+06
1.89619e+06
1.21965e+06
3.16327e+06
739312
2.17346e+06
1.62401e+06
2.06975e+06
1.48681e+06
3.21637e+06
680981
2.04812e+06
1.27457e+06
1.9116e+06
1.2121e+06
3.17711e+06
726003
2.18348e+06
1.60733e+06
2.06992e+06
1.48778e+06
3.22064e+06
677730
2.0639e+06
1.27572e+06
1.90812e+06
1.20792e+06
3.16537e+06
729356
2.1862e+06
1.60949e+06
2.07371e+06
1.48892e+06
3.22257e+06
677224
2.04607e+06
1.29387e+06
1.91365e+06
1.19357e+06
3.16325e+06
742215
2.17701e+06
1.6044e+06
2.08507e+06
1.47466e+06
3.31502e+06
595273
2.07327e+06
1.27097e+06
1.91632e+06
1.19611e+06
3.15077e+06
786842
2.22873e+06
1.5618e+06
2.07532e+06
1.50199e+06
3.21515e+06
640678
2.05994e+06
1.31973e+06
1.85108e+06
1.20573e+06
3.19684e+06
688545
2.28842e+06
1.50763e+06
2.15736e+06
1.43272e+06
3.15157e+06
759251
2.00132e+06
1.33444e+06
1.95246e+06
1.16402e+06
3.38171e+06
551490
2.23592e+06
1.53996e+06
2.12011e+06
1.47002e+06
3.17052e+06
774868
2.23322e+06
1.11713e+06
1.92687e+06
1.22828e+06
3.12154e+06
645007
2.13489e+06
1.69864e+06
1.95922e+06
1.47825e+06
3.33106e+06
600924
2.2253e+06
1.12879e+06
1.92307e+06
1.2268e+06
3.04644e+06
878722
2.15439e+06
1.70793e+06
2.13082e+06
1.50281e+06
2.72339e+06
1.37544e+06
1.56583e+06
1.41898e+06
1.90983e+06
1.14953e+06
3.19739e+06
622120
2.2093e+06
2.12652e+06
1.44192e+06
1.83035e+06
2.43817e+06
1.7737e+06
1.25361e+06
1.57534e+06
2.10516e+06
886436
2.73604e+06
1.15708e+06
1.72627e+06
2.40103e+06
1.27923e+06
2.37097e+06
2.28909e+06
1.62355e+06
1.56011e+06
1.46745e+06
1.89248e+06
1.08783e+06
1.876e+06
2.98185e+06
722211
2.70039e+06
1.47259e+06
2.02981e+06
2.28009e+06
1.46739e+06
1.51231e+06
2.18381e+06
807610
1.82995e+06
1.51155e+06
3.37687e+06
253804
2.40076e+06
2.57229e+06
401091
2.40654e+06
1.85769e+06
1.41938e+06
2.23431e+06
1.2727e+06
2.3923e+06
1.64249e+06
2.39256e+06
783707
1.99081e+06
2.36931e+06
632517
3.53636e+06
1.88113e+06
1.36516e+06
2.08888e+06
1.29779e+06
1.91475e+06
1.44418e+06
2.33578e+06
1.15705e+06
1.64321e+06
2.3122e+06
1.3312e+06
2.76101e+06
1.98515e+06
1.10345e+06
1.99761e+06
1.85356e+06
731058
2.78757e+06
1.18291e+06
2.00314e+06
1.49879e+06
2.62777e+06
1.37784e+06
2.77434e+06
1.12178e+06
1.37418e+06
1.73509e+06
2.47813e+06
695722
4.30105e+06
380745
2.26964e+06
1.3742e+06
2.18239e+06
1.17004e+06
2.8411e+06
943965
1.75045e+06
1.38848e+06
2.33694e+06
857280
3.57118e+06
266067
2.04033e+06
1.66781e+06
1.81308e+06
1.7669e+06
3.07365e+06
820003
2.03033e+06
1.28165e+06
1.92241e+06
1.19545e+06
3.19562e+06
703285
2.19335e+06
1.60816e+06
2.07656e+06
1.50923e+06
3.2092e+06
694115
2.05312e+06
1.2469e+06
1.917e+06
1.20019e+06
3.03278e+06
754036
