251643.00000000
3203510.00000000
287397.00000000
238944.00000000
245880.00000000
234170.00000000
255797.00000000
244002.00000000
514385.00000000
270883.00000000
249887.00000000
3201940.00000000
280638.00000000
3231740.00000000
223158.00000000
242568.00000000
221907.00000000
248537.00000000
223433.00000000
247310.00000000
224771.00000000
223668.00000000
240044.00000000
3221290.00000000
235606.00000000
3202800.00000000
244192.00000000
231729.00000000
251450.00000000
219342.00000000
241032.00000000
219744.00000000
232511.00000000
237811.00000000
226034.00000000
3220170.00000000
228654.00000000
3227830.00000000
256906.00000000
216462.00000000
238240.00000000
233821.00000000
239067.00000000
229348.00000000
233914.00000000
245289.00000000
3201090.00000000
249867.00000000
3207780.00000000
241860.00000000
220347.00000000
244003.00000000
3223880.00000000
1046040.00000000
1477550.00000000
239252.00000000
245477.00000000
233018.00000000
3213870.00000000
241929.00000000
3208820.00000000
236597.00000000
239443.00000000
244422.00000000
225751.00000000
250915.00000000
223452.00000000
248468.00000000
223264.00000000
248395.00000000
3213880.00000000
252731.00000000
3197710.00000000
244921.00000000
236245.00000000
241661.00000000
239502.00000000
226975.00000000
236693.00000000
227811.00000000
252527.00000000
246855.00000000
3304330.00000000
247814.00000000
3344340.00000000
162030.00000000
231891.00000000
245066.00000000
215014.00000000
256753.00000000
214400.00000000
252184.00000000
227100.00000000
257610.00000000
3244530.00000000
226090.00000000
3223170.00000000
243799.00000000
223899.00000000
242690.00000000
243337.00000000
237122.00000000
244758.00000000
234992.00000000
245196.00000000
235424.00000000
3235630.00000000
230811.00000000
3222420.00000000
248917.00000000
231741.00000000
249645.00000000
232232.00000000
250527.00000000
236964.00000000
239944.00000000
225171.00000000
258593.00000000
3208930.00000000
234706.00000000
3233600.00000000
240440.00000000
248880.00000000
230407.00000000
251796.00000000
232703.00000000
249573.00000000
217737.00000000
239745.00000000
4119680.00000000
226480.00000000
251084.00000000
3206870.00000000
240960.00000000
238029.00000000
248519.00000000
236986.00000000
234174.00000000
235833.00000000
241185.00000000
233637.00000000
235894.00000000
3239200.00000000
249254.00000000
3226810.00000000
219341.00000000
250379.00000000
243888.00000000
231633.00000000
229597.00000000
249854.00000000
226666.00000000
235965.00000000
253658.00000000
3230240.00000000
254252.00000000
3208580.00000000
248958.00000000
226541.00000000
240359.00000000
236906.00000000
247200.00000000
244932.00000000
249894.00000000
226273.00000000
236794.00000000
3234110.00000000
255988.00000000
3226730.00000000
224082.00000000
247132.00000000
238059.00000000
248839.00000000
224071.00000000
236928.00000000
243858.00000000
245120.00000000
251672.00000000
3220620.00000000
249774.00000000
3213390.00000000
257850.00000000
240188.00000000
257911.00000000
235086.00000000
243701.00000000
244044.00000000
231573.00000000
243532.00000000
240454.00000000
3251260.00000000
238736.00000000
3239740.00000000
235562.00000000
240626.00000000
247963.00000000
226795.00000000
251630.00000000
224232.00000000
256887.00000000
237801.00000000
362671.00000000
3222900.00000000
258759.00000000
3224910.00000000
246360.00000000
240932.00000000
243533.00000000
261247.00000000
230275.00000000
339881.00000000
227804.00000000
242555.00000000
244851.00000000
3250750.00000000
249325.00000000
3274500.00000000
283687.00000000
258379.00000000
246106.00000000
280576.00000000
252687.00000000
231879.00000000
262455.00000000
252149.00000000
279481.00000000
3233780.00000000
271502.00000000
3220700.00000000
240858.00000000
261069.00000000
244989.00000000
481000.00000000
235286.00000000
254224.00000000
250720.00000000
257494.00000000
233894.00000000
3246910.00000000
278634.00000000
3918490.00000000
263208.00000000
200207.00000000
257217.00000000
519379.00000000
240185.00000000
242636.00000000
258694.00000000
235679.00000000
286345.00000000
3261670.00000000
265977.00000000
3244310.00000000
287114.00000000
249791.00000000
258317.00000000
264376.00000000
247026.00000000
259991.00000000
292481.00000000
1002760.00000000
236195.00000000
3279040.00000000
272351.00000000
3211510.00000000
260472.00000000
222967.00000000
265742.00000000
233810.00000000
251803.00000000
949974.00000000
244745.00000000
225958.00000000
248437.00000000
3243150.00000000
327555.00000000
3230800.00000000
243546.00000000
249660.00000000
248546.00000000
249705.00000000
246404.00000000
256637.00000000
239185.00000000
232288.00000000
252184.00000000
3232280.00000000
266277.00000000
3256130.00000000
246209.00000000
235662.00000000
277695.00000000
249218.00000000
305164.00000000
246120.00000000
237437.00000000
265308.00000000
248585.00000000
3245180.00000000
241909.00000000
3253080.00000000
262847.00000000
261045.00000000
267438.00000000
266667.00000000
235504.00000000
306849.00000000
243843.00000000
238067.00000000
251585.00000000
3218610.00000000
249952.00000000
3214260.00000000
244738.00000000
236009.00000000
243525.00000000
251869.00000000
247750.00000000
237585.00000000
232251.00000000
244425.00000000
246994.00000000
3224600.00000000
3231950.00000000
3230920.00000000
240758.00000000
247018.00000000
227611.00000000
240378.00000000
241621.00000000
237751.00000000
258200.00000000
226063.00000000
259598.00000000
3225870.00000000
253252.00000000
3227900.00000000
243886.00000000
222755.00000000
251731.00000000
232475.00000000
241836.00000000
247473.00000000
238192.00000000
248777.00000000
245535.00000000
3239170.00000000
248277.00000000
3240020.00000000
233162.00000000
231319.00000000
254581.00000000
234406.00000000
248665.00000000
241438.00000000
251713.00000000
228064.00000000
269810.00000000
3228730.00000000
267368.00000000
3211740.00000000
342062.00000000
248293.00000000
241611.00000000
255464.00000000
237297.00000000
240442.00000000
244156.00000000
252098.00000000
237622.00000000
3233770.00000000
238456.00000000
3234340.00000000
236182.00000000
235840.00000000
254726.00000000
232628.00000000
244211.00000000
233693.00000000
247003.00000000
239926.00000000
249384.00000000
3218600.00000000
255874.00000000
3217690.00000000
244198.00000000
237503.00000000
237900.00000000
250015.00000000
221923.00000000
254591.00000000
238493.00000000
242676.00000000
242609.00000000
3226930.00000000
250544.00000000
3219490.00000000
247572.00000000
228470.00000000
246320.00000000
226119.00000000
254107.00000000
236567.00000000
239116.00000000
244311.00000000
234522.00000000
3235740.00000000
246649.00000000
3253740.00000000
239080.00000000
247261.00000000
234844.00000000
268433.00000000
223453.00000000
253193.00000000
237735.00000000
244744.00000000
257369.00000000
3228480.00000000
269861.00000000
3229110.00000000
258234.00000000
232734.00000000
246155.00000000
243065.00000000
246028.00000000
242913.00000000
231682.00000000
255268.00000000
236532.00000000
3254540.00000000
248560.00000000
3252300.00000000
239375.00000000
253265.00000000
236362.00000000
244662.00000000
247065.00000000
238032.00000000
245684.00000000
238604.00000000
261043.00000000
3216100.00000000
260094.00000000
3244400.00000000
226337.00000000
252188.00000000
245393.00000000
241493.00000000
237706.00000000
245012.00000000
237909.00000000
253078.00000000
240168.00000000
3248870.00000000
250435.00000000
3256320.00000000
230605.00000000
254587.00000000
234093.00000000
241980.00000000
261849.00000000
242223.00000000
256740.00000000
236921.00000000
271067.00000000
3197710.00000000
260255.00000000
3242430.00000000
245469.00000000
251011.00000000
238685.00000000
241960.00000000
233066.00000000
283861.00000000
240062.00000000
257465.00000000
254978.00000000
3235440.00000000
255754.00000000
3227150.00000000
236078.00000000
388240.00000000
236777.00000000
227627.00000000
252311.00000000
242327.00000000
241642.00000000
248389.00000000
273570.00000000
3306410.00000000
262106.00000000
3242880.00000000
283567.00000000
273127.00000000
260175.00000000
251403.00000000
251817.00000000
273249.00000000
238988.00000000
275365.00000000
291390.00000000
3359020.00000000
399001.00000000
3561460.00000000
339291.00000000
390198.00000000
399884.00000000
372872.00000000
389524.00000000
1163670.00000000
397407.00000000
389204.00000000
404224.00000000
3360440.00000000
403175.00000000
3378150.00000000
373712.00000000
410708.00000000
378684.00000000
410979.00000000
391032.00000000
1190060.00000000
383999.00000000
399979.00000000
373990.00000000
3410280.00000000
422833.00000000
3391730.00000000
295161.00000000
254373.00000000
250735.00000000
236999.00000000
258318.00000000
233088.00000000
252988.00000000
256719.00000000
231652.00000000
3249070.00000000
245066.00000000
3243390.00000000
235817.00000000
253230.00000000
241075.00000000
254290.00000000
244568.00000000
259041.00000000
230913.00000000
240953.00000000
247442.00000000
3240880.00000000
272605.00000000
3272150.00000000
257701.00000000
237159.00000000
256000.00000000
236218.00000000
253981.00000000
240892.00000000
252041.00000000
252478.00000000
236178.00000000
3251640.00000000
252965.00000000
3240320.00000000
225659.00000000
262094.00000000
231789.00000000
259574.00000000
233080.00000000
241600.00000000
253511.00000000
240551.00000000
257501.00000000
3256150.00000000
268213.00000000
3246770.00000000
270648.00000000
230839.00000000
263492.00000000
229821.00000000
239090.00000000
246163.00000000
242103.00000000
261614.00000000
241194.00000000
3242430.00000000
243066.00000000
3243440.00000000
234794.00000000
245498.00000000
242056.00000000
229823.00000000
258120.00000000
230552.00000000
253045.00000000
230385.00000000
254403.00000000
3225830.00000000
259469.00000000
3225090.00000000
258436.00000000
233808.00000000
241677.00000000
263112.00000000
266602.00000000
244229.00000000
238705.00000000
256480.00000000
225990.00000000
3241060.00000000
251275.00000000
4206500.00000000
2271640.00000000
240582.00000000
246508.00000000
244466.00000000
262520.00000000
239397.00000000
241457.00000000
244122.00000000
258265.00000000
3239530.00000000
267842.00000000
3222240.00000000
265767.00000000
236695.00000000
242795.00000000
258097.00000000
235499.00000000
252357.00000000
236301.00000000
282313.00000000
211838.00000000
3248880.00000000
242114.00000000
3241200.00000000
245429.00000000
230041.00000000
247600.00000000
235212.00000000
260300.00000000
230071.00000000
264085.00000000
237271.00000000
261323.00000000
3237250.00000000
254862.00000000
3247370.00000000
225190.00000000
250940.00000000
230978.00000000
262319.00000000
235497.00000000
248283.00000000
243400.00000000
249711.00000000
243717.00000000
3241720.00000000
255955.00000000
3221100.00000000
253793.00000000
242207.00000000
244641.00000000
245782.00000000
249634.00000000
232768.00000000
253386.00000000
243175.00000000
236034.00000000
3240990.00000000
247113.00000000
3222490.00000000
240165.00000000
251737.00000000
226327.00000000
256926.00000000
236917.00000000
252376.00000000
259127.00000000
219037.00000000
241918.00000000
3232520.00000000
266012.00000000
3209930.00000000
253948.00000000
239276.00000000
251676.00000000
239299.00000000
255742.00000000
213700.00000000
238498.00000000
259419.00000000
240198.00000000
3248830.00000000
237509.00000000
3244010.00000000
236972.00000000
256938.00000000
236136.00000000
256729.00000000
234670.00000000
234200.00000000
253754.00000000
237412.00000000
250319.00000000
3215960.00000000
292090.00000000
3224360.00000000
236701.00000000
227057.00000000
257728.00000000
239293.00000000
235845.00000000
251200.00000000
237458.00000000
247151.00000000
232946.00000000
3243070.00000000
248976.00000000
3242090.00000000
241318.00000000
258786.00000000
242851.00000000
233124.00000000
260257.00000000
237194.00000000
241907.00000000
223401.00000000
265658.00000000
3226760.00000000
269071.00000000
3234160.00000000
247154.00000000
239909.00000000
251001.00000000
245427.00000000
245271.00000000
243777.00000000
229951.00000000
261331.00000000
238705.00000000
3235200.00000000
238669.00000000
3238220.00000000
241383.00000000
242915.00000000
242803.00000000
252122.00000000
245866.00000000
244874.00000000
259231.00000000
237485.00000000
251142.00000000
3266010.00000000
268978.00000000
3219550.00000000
250667.00000000
226590.00000000
250937.00000000
257391.00000000
239186.00000000
265730.00000000
244336.00000000
273484.00000000
260826.00000000
3212430.00000000
250041.00000000
3229480.00000000
252372.00000000
228633.00000000
253911.00000000
255604.00000000
252911.00000000
240502.00000000
251820.00000000
244606.00000000
258127.00000000
3241530.00000000
268252.00000000
3224900.00000000
249406.00000000
247141.00000000
251762.00000000
249979.00000000
246418.00000000
251186.00000000
244801.00000000
253899.00000000
238998.00000000
3246630.00000000
268530.00000000
3231320.00000000
238892.00000000
236885.00000000
257800.00000000
247053.00000000
259031.00000000
235208.00000000
255852.00000000
239466.00000000
241280.00000000
3238610.00000000
247743.00000000
3247390.00000000
263945.00000000
223067.00000000
242767.00000000
255704.00000000
239505.00000000
257739.00000000
238905.00000000
232952.00000000
253479.00000000
3228590.00000000
258699.00000000
3238250.00000000
248249.00000000
244941.00000000
260855.00000000
229059.00000000
252070.00000000
250179.00000000
234909.00000000
262628.00000000
244432.00000000
3253610.00000000
249921.00000000
3234240.00000000
245451.00000000
257676.00000000
254384.00000000
258928.00000000
225973.00000000
248062.00000000
252026.00000000
239174.00000000
271910.00000000
3240900.00000000
265367.00000000
3232380.00000000
267969.00000000
245214.00000000
259969.00000000
241839.00000000
248567.00000000
251078.00000000
245016.00000000
262516.00000000
243620.00000000
3262360.00000000
251770.00000000
3255880.00000000
246521.00000000
257255.00000000
253634.00000000
239959.00000000
252233.00000000
232607.00000000
268876.00000000
237627.00000000
248714.00000000
3239780.00000000
264484.00000000
3221170.00000000
257621.00000000
243913.00000000
252722.00000000
250845.00000000
237929.00000000
262630.00000000
229879.00000000
251109.00000000
244945.00000000
3258040.00000000
239235.00000000
3255800.00000000
233708.00000000
241161.00000000
262493.00000000
236477.00000000
260941.00000000
240957.00000000
238547.00000000
250110.00000000
266236.00000000
3233970.00000000
252152.00000000
3236800.00000000
253102.00000000
237171.00000000
244675.00000000
236178.00000000
243647.00000000
253757.00000000
247602.00000000
250890.00000000
248602.00000000
3255100.00000000
248113.00000000
3284780.00000000
260754.00000000
219839.00000000
254068.00000000
229355.00000000
257058.00000000
262446.00000000
1240180.00000000
2271080.00000000
259978.00000000
3230890.00000000
248757.00000000
3258180.00000000
228558.00000000
267060.00000000
241959.00000000
273871.00000000
239560.00000000
266201.00000000
248236.00000000
252657.00000000
251742.00000000
3236980.00000000
268579.00000000
3319490.00000000
266101.00000000
243991.00000000
251850.00000000
251105.00000000
257054.00000000
250622.00000000
253562.00000000
250469.00000000
240984.00000000
3257310.00000000
243435.00000000
3244700.00000000
251797.00000000
242999.00000000
253667.00000000
245419.00000000
238899.00000000
264696.00000000
249501.00000000
232831.00000000
267964.00000000
3249990.00000000
259527.00000000
3238240.00000000
260225.00000000
239487.00000000
249820.00000000
243441.00000000
252087.00000000
249695.00000000
241480.00000000
260207.00000000
251933.00000000
3240240.00000000
252160.00000000
3247100.00000000
242626.00000000
258707.00000000
231018.00000000
261194.00000000
235631.00000000
249281.00000000
256689.00000000
238528.00000000
262248.00000000
3240490.00000000
251283.00000000
3227320.00000000
256052.00000000
226626.00000000
256158.00000000
242633.00000000
243717.00000000
251162.00000000
240877.00000000
261025.00000000
245658.00000000
3252100.00000000
236063.00000000
3239200.00000000
237628.00000000
259796.00000000
251316.00000000
242875.00000000
254477.00000000
248382.00000000
246525.00000000
240007.00000000
269959.00000000
3233790.00000000
256958.00000000
3221950.00000000
255516.00000000
241014.00000000
244072.00000000
257380.00000000
244383.00000000
257467.00000000
247320.00000000
253115.00000000
247766.00000000
3236930.00000000
240256.00000000
3255640.00000000
250895.00000000
226420.00000000
267511.00000000
237518.00000000
249753.00000000
255457.00000000
246707.00000000
238203.00000000
266068.00000000
3224110.00000000
288656.00000000
3221660.00000000
252607.00000000
240767.00000000
237554.00000000
260285.00000000
238979.00000000
258649.00000000
229923.00000000
253306.00000000
254196.00000000
3250310.00000000
245628.00000000
3228560.00000000
258316.00000000
238328.00000000
253330.00000000
238631.00000000
250253.00000000
240730.00000000
257320.00000000
243771.00000000
275431.00000000
3241840.00000000
252521.00000000
3247290.00000000
230172.00000000
257449.00000000
247812.00000000
259260.00000000
241602.00000000
250854.00000000
241955.00000000
261971.00000000
256386.00000000
3231220.00000000
273132.00000000
3242380.00000000
257765.00000000
253928.00000000
271604.00000000
246087.00000000
268441.00000000
245622.00000000
262116.00000000
230303.00000000
245845.00000000
3252220.00000000
242016.00000000
3261850.00000000
255013.00000000
252346.00000000
248963.00000000
260418.00000000
243351.00000000
271355.00000000
251294.00000000
226718.00000000
268437.00000000
3233020.00000000
256032.00000000
3255440.00000000
260018.00000000
239642.00000000
262088.00000000
251806.00000000
248498.00000000
255248.00000000
248198.00000000
250553.00000000
245044.00000000
3257440.00000000
252943.00000000
3245980.00000000
233187.00000000
255574.00000000
256643.00000000
247717.00000000
244907.00000000
247128.00000000
247600.00000000
248156.00000000
265150.00000000
3233210.00000000
265336.00000000
3230190.00000000
252375.00000000
243211.00000000
251390.00000000
245563.00000000
228244.00000000
254345.00000000
240311.00000000
259417.00000000
249510.00000000
3237050.00000000
3254990.00000000
243685.00000000
232350.00000000
254957.00000000
247025.00000000
254224.00000000
258667.00000000
249934.00000000
252552.00000000
257755.00000000
3234060.00000000
243386.00000000
3238850.00000000
254191.00000000
245248.00000000
248947.00000000
246963.00000000
234151.00000000
255304.00000000
244506.00000000
255814.00000000
240847.00000000
3320290.00000000
255712.00000000
3259450.00000000
246759.00000000
235111.00000000
271629.00000000
241744.00000000
253261.00000000
253960.00000000
250184.00000000
235084.00000000
271726.00000000
3237680.00000000
252362.00000000
3243310.00000000
247380.00000000
253436.00000000
249854.00000000
258505.00000000
234949.00000000
253681.00000000
241614.00000000
251072.00000000
249267.00000000
3249270.00000000
262681.00000000
3242960.00000000
253501.00000000
241007.00000000
254218.00000000
241488.00000000
260913.00000000
245215.00000000
251380.00000000
240336.00000000
251681.00000000
3237150.00000000
274330.00000000
3222630.00000000
243638.00000000
255884.00000000
243239.00000000
258277.00000000
240959.00000000
266413.00000000
226564.00000000
257943.00000000
241036.00000000
3228220.00000000
270504.00000000
3236080.00000000
249686.00000000
233765.00000000
246757.00000000
3228160.00000000
248919.00000000
235369.00000000
257814.00000000
238726.00000000
263029.00000000
3236520.00000000
248720.00000000
3257700.00000000
233011.00000000
251556.00000000
238617.00000000
261755.00000000
225593.00000000
255809.00000000
244315.00000000
230856.00000000
259247.00000000
3245960.00000000
261744.00000000
3237500.00000000
248712.00000000
250321.00000000
255288.00000000
246289.00000000
254512.00000000
247413.00000000
241317.00000000
262489.00000000
237921.00000000
3246580.00000000
256207.00000000
3235850.00000000
244128.00000000
258393.00000000
244173.00000000
259180.00000000
239867.00000000
257970.00000000
248844.00000000
229546.00000000
251849.00000000
3238740.00000000
264761.00000000
3224250.00000000
262425.00000000
243641.00000000
253186.00000000
245125.00000000
244341.00000000
254256.00000000
244250.00000000
257829.00000000
249961.00000000
3255920.00000000
256583.00000000
3243410.00000000
242797.00000000
266761.00000000
240054.00000000
247797.00000000
243652.00000000
246122.00000000
261319.00000000
246188.00000000
273897.00000000
3226560.00000000
267619.00000000
3222390.00000000
267290.00000000
246346.00000000
258775.00000000
247139.00000000
239030.00000000
264852.00000000
245109.00000000
247650.00000000
255217.00000000
3256740.00000000
252297.00000000
3255140.00000000
245207.00000000
261411.00000000
248442.00000000
234227.00000000
262916.00000000
243965.00000000
269786.00000000
243424.00000000
254331.00000000
3225920.00000000
274760.00000000
3235040.00000000
226882.00000000
274551.00000000
243678.00000000
268744.00000000
243537.00000000
272854.00000000
250481.00000000
263026.00000000
247761.00000000
3241160.00000000
247622.00000000
3244430.00000000
255419.00000000
248049.00000000
271746.00000000
246256.00000000
263923.00000000
244058.00000000
263818.00000000
245562.00000000
273713.00000000
3223440.00000000
257115.00000000
3257980.00000000
248855.00000000
261345.00000000
272407.00000000
261660.00000000
248905.00000000
279150.00000000
259640.00000000
263080.00000000
258559.00000000
3250500.00000000
247463.00000000
3240320.00000000
255462.00000000
247251.00000000
266930.00000000
250313.00000000
264478.00000000
256915.00000000
259946.00000000
246235.00000000
267462.00000000
3255620.00000000
246734.00000000
3257930.00000000
243800.00000000
259471.00000000
238407.00000000
257799.00000000
245794.00000000
276265.00000000
237681.00000000
256126.00000000
242674.00000000
3230490.00000000
263568.00000000
3257080.00000000
268001.00000000
243584.00000000
271558.00000000
282275.00000000
261742.00000000
255371.00000000
252028.00000000
253957.00000000
254325.00000000
3260040.00000000
264973.00000000
3262910.00000000
258360.00000000
274360.00000000
264174.00000000
269493.00000000
273387.00000000
303109.00000000
262509.00000000
249190.00000000
284020.00000000
3239670.00000000
285151.00000000
3239010.00000000
257909.00000000
245175.00000000
268181.00000000
253455.00000000
244791.00000000
270364.00000000
253782.00000000
260633.00000000
264177.00000000
3257290.00000000
251639.00000000
3268590.00000000
243895.00000000
247579.00000000
247561.00000000
245308.00000000
267430.00000000
300265.00000000
237502.00000000
248129.00000000
268456.00000000
3234590.00000000
263633.00000000
3254340.00000000
259956.00000000
241698.00000000
248046.00000000
248998.00000000
238273.00000000
274783.00000000
240688.00000000
255276.00000000
257031.00000000
3255360.00000000
249859.00000000
3249660.00000000
248563.00000000
234449.00000000
250409.00000000
222676.00000000
228328.00000000
234785.00000000
237276.00000000
222864.00000000
261360.00000000
3216950.00000000
254451.00000000
3221190.00000000
218554.00000000
241390.00000000
239855.00000000
225635.00000000
242242.00000000
238559.00000000
227698.00000000
241768.00000000
236803.00000000
3227870.00000000
231687.00000000
3218590.00000000
235358.00000000
230174.00000000
245502.00000000
228695.00000000
246371.00000000
220510.00000000
247599.00000000
216184.00000000
264045.00000000
3220950.00000000
235197.00000000
3251430.00000000
233712.00000000
239937.00000000
234934.00000000
250453.00000000
223365.00000000
251789.00000000
224792.00000000
244355.00000000
231851.00000000
3236930.00000000
249971.00000000
3210910.00000000
244898.00000000
214081.00000000
247575.00000000
225824.00000000
236859.00000000
239795.00000000
235576.00000000
232808.00000000
253999.00000000
3214860.00000000
240742.00000000
3226340.00000000
247431.00000000
236062.00000000
233359.00000000
245841.00000000
236469.00000000
245136.00000000
224314.00000000
234005.00000000
241651.00000000
3203080.00000000
261562.00000000
3211830.00000000
251200.00000000
216012.00000000
255496.00000000
220503.00000000
3232120.00000000
233264.00000000
227083.00000000
229243.00000000
251812.00000000
3223190.00000000
218885.00000000
3255620.00000000
222463.00000000
225656.00000000
240323.00000000
228010.00000000
223507.00000000
236186.00000000
227903.00000000
225596.00000000
247329.00000000
3218660.00000000
236447.00000000
3235170.00000000
237366.00000000
219340.00000000
250664.00000000
229741.00000000
243908.00000000
259016.00000000
230379.00000000
256210.00000000
250069.00000000
3257030.00000000
246250.00000000
3253220.00000000
235777.00000000
257152.00000000
249449.00000000
237801.00000000
253695.00000000
249800.00000000
253992.00000000
254691.00000000
258820.00000000
3242550.00000000
266086.00000000
3264450.00000000
247971.00000000
237969.00000000
254537.00000000
245697.00000000
230611.00000000
260080.00000000
237044.00000000
257262.00000000
250782.00000000
3245600.00000000
256761.00000000
3245140.00000000
231670.00000000
244303.00000000
259986.00000000
243869.00000000
251173.00000000
237841.00000000
244516.00000000
244581.00000000
251645.00000000
3241260.00000000
257323.00000000
3243950.00000000
239605.00000000
258925.00000000
240659.00000000
257206.00000000
229128.00000000
261259.00000000
234781.00000000
251701.00000000
250134.00000000
3242060.00000000
235443.00000000
3237150.00000000
245869.00000000
232018.00000000
260369.00000000
238247.00000000
262111.00000000
244078.00000000
250967.00000000
246971.00000000
269480.00000000
3228030.00000000
250288.00000000
3253750.00000000
207558.00000000
260545.00000000
239173.00000000
259812.00000000
234880.00000000
263448.00000000
232604.00000000
247461.00000000
255057.00000000
3208770.00000000
256915.00000000
3250300.00000000
251994.00000000
235029.00000000
262173.00000000
240048.00000000
261482.00000000
237357.00000000
256120.00000000
225655.00000000
263619.00000000
3223480.00000000
258380.00000000
3242140.00000000
241999.00000000
245445.00000000
240774.00000000
264668.00000000
225559.00000000
261426.00000000
244461.00000000
248637.00000000
260399.00000000
3237190.00000000
270192.00000000
3245020.00000000
255534.00000000
247868.00000000
256933.00000000
245945.00000000
285494.00000000
220921.00000000
256594.00000000
247813.00000000
254931.00000000
3244330.00000000
241625.00000000
3256200.00000000
237203.00000000
254375.00000000
256552.00000000
252388.00000000
252273.00000000
257477.00000000
240639.00000000
255010.00000000
259704.00000000
3221830.00000000
242887.00000000
3229560.00000000
265801.00000000
236981.00000000
260054.00000000
245909.00000000
250921.00000000
264959.00000000
13429000.00000000
6603090.00000000
138797000.00000000
3264610.00000000
335110.00000000
245126000.00000000
63229300.00000000
291082.00000000
288185.00000000
274498.00000000
299356.00000000
303715.00000000
360933.00000000
350081.00000000
356008.00000000
384684.00000000
380580.00000000
424082.00000000
360159.00000000
421578.00000000
382527.00000000
341436.00000000
445259.00000000
422991.00000000
316314.00000000
228875.00000000
253463.00000000
223710.00000000
237656.00000000
242514.00000000
251048.00000000
223451.00000000
247185.00000000
230525.00000000
225159.00000000
224883.00000000
236707.00000000
213654.00000000
231962.00000000
241654.00000000
216280.00000000
264732.00000000
234056.00000000
218566.00000000
240987.00000000
2749090.00000000
1135620.00000000
239960.00000000
225690.00000000
230157.00000000
250700.00000000
225030.00000000
241141.00000000
244412.00000000
241196.00000000
10957300.00000000
240062.00000000
232457.00000000
210350.00000000
263489.00000000
254378.00000000
289820.00000000
244490.00000000
283938.00000000
268929.00000000
309114.00000000
319939.00000000
321786.00000000
345016.00000000
339839.00000000
1101060.00000000
372611.00000000
353601.00000000
354904.00000000
356842.00000000
391917.00000000
400827.00000000
341441.00000000
281316.00000000
288950.00000000
282041.00000000
325864.00000000
330408.00000000
359371.00000000
351401.00000000
368227.00000000
371846.00000000
378316.00000000
364380.00000000
375114.00000000
358873.00000000
375881.00000000
400415.00000000
363196.00000000
386958.00000000
350540.00000000
381934.00000000
367745.00000000
401917.00000000
392489.00000000
380059.00000000
394509.00000000
367190.00000000
423591.00000000
373295.00000000
396618.00000000
388276.00000000
417161.00000000
375992.00000000
394688.00000000
389754.00000000
400523.00000000
365174.00000000
401819.00000000
385163.00000000
396115.00000000
389117.00000000
380155.00000000
397420.00000000
377955.00000000
310622.00000000
222955.00000000
240275.00000000
228489.00000000
235400.00000000
251191.00000000
233335.00000000
223889.00000000
196124.00000000
64837.60000000
59552.00000000
75583.40000000
50648.20000000
68888.60000000
63256.80000000
56208.60000000
99026.50000000
90698.60000000
96987.00000000
95292.00000000
120918.00000000
101699.00000000
117616.00000000
129903.00000000
107019.00000000
154579.00000000
172585.00000000
183661.00000000
197745.00000000
234134.00000000
198565.00000000
226864.00000000
235439.00000000
241813.00000000
225156.00000000
238644.00000000
219361.00000000
216900.00000000
239536.00000000
237255.00000000
237443.00000000
252723.00000000
219853.00000000
221559.00000000
240417.00000000
223269.00000000
229546.00000000
229699.00000000
214854.00000000
223324.00000000
217172.00000000
230997.00000000
208643.00000000
257412.00000000
225473.00000000
227122.00000000
222639.00000000
209855.00000000
209450.00000000
224078.00000000
226719.00000000
216952.00000000
231797.00000000
211332.00000000
227805.00000000
242339.00000000
218752.00000000
215251.00000000
221419.00000000
221405.00000000
211570.00000000
223133.00000000
219301.00000000
233431.00000000
219462.00000000
230992.00000000
205354.00000000
250506.00000000
209612.00000000
217429.00000000
208162.00000000
211699.00000000
228951.00000000
213146.00000000
234836.00000000
222413.00000000
241031.00000000
216388.00000000
218299.00000000
251852.00000000
218549.00000000
219613.00000000
204073.00000000
222753.00000000
200166.00000000
240710.00000000
224812.00000000
239352.00000000
219821.00000000
231844.00000000
203673.00000000
234458.00000000
225013.00000000
211729.00000000
237807.00000000
230126.00000000
242445.00000000
225242.00000000
249038.00000000
211404.00000000
228794.00000000
218635.00000000
238671.00000000
245933.00000000
217561.00000000
227730.00000000
216265.00000000
232262.00000000
218162.00000000
235847.00000000
227753.00000000
214332.00000000
209806.00000000
219280.00000000
257612.00000000
251681.00000000
214615.00000000
208185.00000000
230858.00000000
211684.00000000
219094.00000000
191856.00000000
229927.00000000
200495.00000000
63814.40000000
38516.60000000
40660.20000000
88262.80000000
51062.80000000
371618.00000000
270514.00000000
246090.00000000
208388.00000000
252111.00000000
227012.00000000
239833.00000000
244948.00000000
225664.00000000
242138.00000000
236314.00000000
253892.00000000
223926.00000000
244827.00000000
236085.00000000
254903.00000000
240221.00000000
257266.00000000
241811.00000000
313480.00000000
345095.00000000
336155.00000000
255560.00000000
221486.00000000
217017.00000000
219838.00000000
258422.00000000
239369.00000000
239418.00000000
241657.00000000
270154.00000000
287634.00000000
331201.00000000
227359.00000000
362483.00000000
393311.00000000
404165.00000000
399510.00000000
374197.00000000
407345.00000000
399839.00000000
431195.00000000
420649.00000000
1081540.00000000
383766.00000000
390450.00000000
397029.00000000
1094490.00000000
392420.00000000
381615.00000000
391281.00000000
393191.00000000
331182.00000000
350831.00000000
255255.00000000
247156.00000000
235537.00000000
254176.00000000
261647.00000000
558003.00000000
258198.00000000
291176.00000000
246964.00000000
286839.00000000
311200.00000000
301893.00000000
338780.00000000
637312.00000000
757693.00000000
358971.00000000
399204.00000000
1017170.00000000
287447.00000000
258025.00000000
232855.00000000
292420.00000000
248389.00000000
342656.00000000
336798.00000000
345060.00000000
1041190.00000000
241318.00000000
238119.00000000
859607.00000000
225751.00000000
221272.00000000
234415.00000000
232509.00000000
228125.00000000
219696.00000000
233392.00000000
217878.00000000
480163.00000000
215846.00000000
234211.00000000
460745.00000000
224584.00000000
240675.00000000
224321.00000000
226884.00000000
206590.00000000
235275.00000000
217389.00000000
219213.00000000
631031.00000000
237784.00000000
231338.00000000
705987.00000000
227285.00000000
213108.00000000
238436.00000000
223147.00000000
224171.00000000
216622.00000000
255180.00000000
214977.00000000
210347.00000000
217693.00000000
210327.00000000
221405.00000000
220735.00000000
234464.00000000
222261.00000000
231546.00000000
224794.00000000
221865.00000000
222229.00000000
219128.00000000
222181.00000000
212468.00000000
225354.00000000
202729.00000000
220268.00000000
201837.00000000
213694.00000000
209888.00000000
212408.00000000
200900.00000000
213967.00000000
226960.00000000
195205.00000000
226383.00000000
917486.00000000
218211.00000000
209780.00000000
226692.00000000
191948.00000000
220979.00000000
207348.00000000
214215.00000000
216299.00000000
212125.00000000
207889.00000000
207542.00000000
237138.00000000
212703.00000000
211391.00000000
200963.00000000
214174.00000000
207527.00000000
216801.00000000
210849.00000000
215363.00000000
210266.00000000
216175.00000000
221101.00000000
217077.00000000
220455.00000000
186322.00000000
220531.00000000
206348.00000000
222749.00000000
212614.00000000
201289.00000000
216548.00000000
231366.00000000
212457.00000000
207536.00000000
235956.00000000
213919.00000000
218748.00000000
225233.00000000
221883.00000000
209158.00000000
215984.00000000
234190.00000000
274763.00000000
161788.00000000
210425.00000000
220339.00000000
229880.00000000
220044.00000000
207077.00000000
226507.00000000
212921.00000000
205958.00000000
222496.00000000
217916.00000000
220496.00000000
228825.00000000
211270.00000000
215760.00000000
240551.00000000
204186.00000000
220298.00000000
210489.00000000
208134.00000000
223072.00000000
213666.00000000
214512.00000000
210834.00000000
228575.00000000
198107.00000000
231913.00000000
216012.00000000
214453.00000000
199016.00000000
217999.00000000
207921.00000000
210340.00000000
227747.00000000
204163.00000000
212484.00000000
218053.00000000
221129.00000000
210613.00000000
241545.00000000
213043.00000000
209213.00000000
201414.00000000
204658.00000000
221399.00000000
216093.00000000
207952.00000000
215485.00000000
223631.00000000
197836.00000000
216583.00000000
230679.00000000
204190.00000000
217961.00000000
214784.00000000
198406.00000000
212062.00000000
220773.00000000
197605.00000000
232403.00000000
202737.00000000
220954.00000000
208226.00000000
218636.00000000
214410.00000000
210202.00000000
218896.00000000
209896.00000000
220425.00000000
208755.00000000
217977.00000000
201048.00000000
222067.00000000
205460.00000000
212636.00000000
237591.00000000
204901.00000000
213720.00000000
202908.00000000
219203.00000000
203825.00000000
221367.00000000
203463.00000000
227428.00000000
212574.00000000
204579.00000000
226811.00000000
224210.00000000
212323.00000000
204648.00000000
224538.00000000
210720.00000000
213729.00000000
210685.00000000
214452.00000000
217432.00000000
221219.00000000
212086.00000000
223864.00000000
234264.00000000
191448.00000000
220392.00000000
210655.00000000
217940.00000000
202145.00000000
220958.00000000
198583.00000000
204996.00000000
228218.00000000
204380.00000000
220523.00000000
220136.00000000
208032.00000000
216061.00000000
215063.00000000
200904.00000000
218049.00000000
210933.00000000
207475.00000000
243426.00000000
341121.00000000
337174.00000000
327400.00000000
980290.00000000
214182.00000000
239616.00000000
203846.00000000
222009.00000000
230337.00000000
209210.00000000
1612430.00000000
229273.00000000
230641.00000000
228909.00000000
260934.00000000
602013.00000000
224751.00000000
221389.00000000
233174.00000000
219319.00000000
228634.00000000
220656.00000000
484722.00000000
238032.00000000
223131.00000000
217405.00000000
232283.00000000
524693.00000000
214080.00000000
232978.00000000
215185.00000000
224444.00000000
230059.00000000
221284.00000000
543313.00000000
219987.00000000
237429.00000000
227474.00000000
234078.00000000
625793.00000000
227170.00000000
220482.00000000
235699.00000000
226656.00000000
213664.00000000
227011.00000000
920637.00000000
239921.00000000
229576.00000000
237654.00000000
226250.00000000
799628.00000000
227647.00000000
228812.00000000
229508.00000000
223668.00000000
235206.00000000
206290.00000000
501082.00000000
235969.00000000
229802.00000000
230381.00000000
225571.00000000
713233.00000000
218863.00000000
240598.00000000
217460.00000000
235892.00000000
210112.00000000
234472.00000000
828152.00000000
228027.00000000
232528.00000000
222600.00000000
219628.00000000
815393.00000000
232129.00000000
229271.00000000
244901.00000000
217817.00000000
243250.00000000
234655.00000000
902288.00000000
236481.00000000
233504.00000000
229953.00000000
229542.00000000
595668.00000000
214677.00000000
236918.00000000
222517.00000000
227402.00000000
232904.00000000
234651.00000000
467170.00000000
228287.00000000
219294.00000000
223779.00000000
240034.00000000
698624.00000000
236498.00000000
219254.00000000
229208.00000000
229769.00000000
222184.00000000
215326.00000000
907772.00000000
233315.00000000
199692.00000000
214226.00000000
209448.00000000
235554.00000000
189865.00000000
229776.00000000
202370.00000000
214318.00000000
207721.00000000
222627.00000000
203032.00000000
204642.00000000
212050.00000000
240550.00000000
224690.00000000
219912.00000000
221062.00000000
208472.00000000
225067.00000000
197410.00000000
226207.00000000
204026.00000000
203767.00000000
219954.00000000
217596.00000000
205753.00000000
216204.00000000
227160.00000000
225389.00000000
212031.00000000
204370.00000000
205539.00000000
216450.00000000
210008.00000000
219252.00000000
209681.00000000
216769.00000000
215123.00000000
207001.00000000
237230.00000000
215196.00000000
214726.00000000
219845.00000000
212364.00000000
216294.00000000
222563.00000000
210506.00000000
222016.00000000
213626.00000000
230761.00000000
220674.00000000
245797.00000000
217810.00000000
221610.00000000
211655.00000000
213393.00000000
228476.00000000
217676.00000000
219713.00000000
208911.00000000
228271.00000000
206472.00000000
225905.00000000
215521.00000000
208733.00000000
209598.00000000
226730.00000000
206625.00000000
203049.00000000
218644.00000000
207484.00000000
214327.00000000
212021.00000000
220910.00000000
193518.00000000
240652.00000000
198382.00000000
210235.00000000
220605.00000000
907681.00000000
224922.00000000
203078.00000000
215267.00000000
205497.00000000
227189.00000000
204678.00000000
210181.00000000
226785.00000000
202126.00000000
223139.00000000
205541.00000000
219044.00000000
216412.00000000
216183.00000000
209290.00000000
219839.00000000
210705.00000000
214426.00000000
181855.00000000
234508.00000000
203961.00000000
215343.00000000
220840.00000000
198135.00000000
220011.00000000
215291.00000000
219840.00000000
209992.00000000
215690.00000000
182444.00000000
218235.00000000
226692.00000000
203978.00000000
226305.00000000
207762.00000000
212146.00000000
207325.00000000
227436.00000000
188198.00000000
219921.00000000
217575.00000000
198301.00000000
232628.00000000
206026.00000000
220699.00000000
203134.00000000
218934.00000000
202102.00000000
213543.00000000
205740.00000000
225978.00000000
210674.00000000
205168.00000000
214448.00000000
209507.00000000
235010.00000000
208397.00000000
207863.00000000
207181.00000000
207646.00000000
215039.00000000
221731.00000000
203160.00000000
208579.00000000
223870.00000000
204226.00000000
213446.00000000
224796.00000000
220793.00000000
203670.00000000
214327.00000000
198933.00000000
221461.00000000
212015.00000000
206295.00000000
207605.00000000
212771.00000000
221254.00000000
203362.00000000
240613.00000000
209930.00000000
220883.00000000
218731.00000000
211217.00000000
209762.00000000
214302.00000000
215958.00000000
211831.00000000
208499.00000000
212363.00000000
220576.00000000
220376.00000000
216697.00000000
218661.00000000
216707.00000000
205866.00000000
219789.00000000
206048.00000000
212984.00000000
221554.00000000
202326.00000000
222773.00000000
215042.00000000
224354.00000000
200063.00000000
224285.00000000
221789.00000000
227426.00000000
215414.00000000
215971.00000000
214245.00000000
216374.00000000
235935.00000000
193848.00000000
214498.00000000
216706.00000000
209482.00000000
217393.00000000
197935.00000000
220785.00000000
210873.00000000
207415.00000000
206044.00000000
227606.00000000
207990.00000000
213691.00000000
213306.00000000
230735.00000000
213930.00000000
213989.00000000
216866.00000000
209162.00000000
223633.00000000
218427.00000000
201356.00000000
211970.00000000
224939.00000000
202344.00000000
255514.00000000
188233.00000000
203148.00000000
228837.00000000
208700.00000000
202390.00000000
214819.00000000
210990.00000000
211617.00000000
220468.00000000
202811.00000000
225065.00000000
206834.00000000
223563.00000000
215232.00000000
211395.00000000
213025.00000000
201703.00000000
232024.00000000
198372.00000000
212118.00000000
231909.00000000
205404.00000000
205343.00000000
203165.00000000
229090.00000000
209479.00000000
210213.00000000
219923.00000000
230205.00000000
214088.00000000
199535.00000000
207318.00000000
230857.00000000
209006.00000000
202007.00000000
229835.00000000
234318.00000000
214476.00000000
208884.00000000
219074.00000000
206305.00000000
215800.00000000
210195.00000000
220688.00000000
212341.00000000
213213.00000000
192361.00000000
204269.00000000
223513.00000000
216201.00000000
226427.00000000
204519.00000000
217992.00000000
221910.00000000
203047.00000000
197727.00000000
221091.00000000
218216.00000000
209654.00000000
225035.00000000
219985.00000000
208978.00000000
221472.00000000
215009.00000000
180299.00000000
234446.00000000
204138.00000000
197581.00000000
215316.00000000
215565.00000000
221575.00000000
221162.00000000
223372.00000000
204498.00000000
238101.00000000
200400.00000000
216677.00000000
205706.00000000
196909.00000000
214480.00000000
221978.00000000
210779.00000000
204230.00000000
235007.00000000
224792.00000000
205462.00000000
205409.00000000
218012.00000000
200700.00000000
222838.00000000
214800.00000000
204515.00000000
226401.00000000
201294.00000000
220722.00000000
209314.00000000
230432.00000000
184449.00000000
224717.00000000
206109.00000000
197809.00000000
211238.00000000
203830.00000000
212234.00000000
212223.00000000
219058.00000000
208619.00000000
232249.00000000
218632.00000000
207605.00000000
210603.00000000
209217.00000000
209757.00000000
204049.00000000
220709.00000000
199591.00000000
222292.00000000
198588.00000000
213303.00000000
218306.00000000
215561.00000000
208987.00000000
217060.00000000
214204.00000000
196041.00000000
214402.00000000
210225.00000000
215222.00000000
219228.00000000
198478.00000000
206395.00000000
215575.00000000
229358.00000000
203889.00000000
232805.00000000
206162.00000000
210883.00000000
215938.00000000
212260.00000000
203804.00000000
225690.00000000
210699.00000000
205743.00000000
209370.00000000
218644.00000000
209716.00000000
204682.00000000
226078.00000000
197228.00000000
234074.00000000
201373.00000000
214279.00000000
209986.00000000
214852.00000000
196981.00000000
212375.00000000
218083.00000000
209151.00000000
209666.00000000
204242.00000000
211211.00000000
216888.00000000
214203.00000000
187064.00000000
227053.00000000
199233.00000000
214345.00000000
225491.00000000
214536.00000000
214087.00000000
217427.00000000
213943.00000000
203896.00000000
219234.00000000
201254.00000000
218736.00000000
215317.00000000
205880.00000000
214130.00000000
221990.00000000
228523.00000000
199953.00000000
226266.00000000
197346.00000000
215351.00000000
206072.00000000
205289.00000000
204074.00000000
211078.00000000
214969.00000000
204246.00000000
222079.00000000
211744.00000000
214092.00000000
221114.00000000
223041.00000000
198340.00000000
214345.00000000
204572.00000000
197391.00000000
220158.00000000
196988.00000000
208200.00000000
205537.00000000
228853.00000000
210337.00000000
213978.00000000
204861.00000000
207990.00000000
208012.00000000
212478.00000000
207448.00000000
213103.00000000
219918.00000000
209095.00000000
224715.00000000
219813.00000000
207644.00000000
204319.00000000
235873.00000000
204881.00000000
220635.00000000
199202.00000000
204042.00000000
215084.00000000
205750.00000000
204547.00000000
211254.00000000
228499.00000000
204412.00000000
218361.00000000
204808.00000000
195825.00000000
214325.00000000
220887.00000000
213913.00000000
206566.00000000
215872.00000000
204075.00000000
215576.00000000
227363.00000000
208849.00000000
209714.00000000
219336.00000000
207734.00000000
211127.00000000
189856.00000000
209485.00000000
226404.00000000
206658.00000000
208559.00000000
214749.00000000
240884.00000000
198648.00000000
208831.00000000
223620.00000000
197529.00000000
231861.00000000
205168.00000000
200863.00000000
209460.00000000
221109.00000000
205954.00000000
219809.00000000
219781.00000000
213152.00000000
208964.00000000
202030.00000000
208313.00000000
210523.00000000
212976.00000000
209861.00000000
222336.00000000
213013.00000000
206579.00000000
210070.00000000
222893.00000000
223063.00000000
212685.00000000
220875.00000000
203691.00000000
207459.00000000
204181.00000000
198425.00000000
214232.00000000
216701.00000000
204123.00000000
233579.00000000
209031.00000000
204349.00000000
221715.00000000
210854.00000000
214146.00000000
205619.00000000
212798.00000000
215629.00000000
224601.00000000
199350.00000000
204397.00000000
226771.00000000
224136.00000000
217945.00000000
200224.00000000
230444.00000000
203982.00000000
209317.00000000
215135.00000000
214915.00000000
203284.00000000
215899.00000000
218172.00000000
202767.00000000
245948.00000000
209784.00000000
211830.00000000
217469.00000000
197765.00000000
210040.00000000
217098.00000000
203955.00000000
216448.00000000
220274.00000000
207501.00000000
218092.00000000
228689.00000000
207598.00000000
210139.00000000
212652.00000000
210117.00000000
230038.00000000
200123.00000000
210393.00000000
208040.00000000
225554.00000000
213134.00000000
221550.00000000
219428.00000000
220671.00000000
212390.00000000
208361.00000000
218991.00000000
218356.00000000
199871.00000000
218555.00000000
219058.00000000
221937.00000000
196691.00000000
232916.00000000
223388.00000000
211914.00000000
204802.00000000
237022.00000000
200600.00000000
211971.00000000
221608.00000000
212618.00000000
217432.00000000
206846.00000000
220209.00000000
213426.00000000
238211.00000000
207262.00000000
238301.00000000
202344.00000000
204756.00000000
218957.00000000
204048.00000000
214352.00000000
217601.00000000
210319.00000000
210714.00000000
221409.00000000
218726.00000000
213689.00000000
209612.00000000
207980.00000000
205004.00000000
207585.00000000
207212.00000000
204106.00000000
227338.00000000
203892.00000000
214202.00000000
210976.00000000
235601.00000000
204128.00000000
211271.00000000
214199.00000000
203991.00000000
229463.00000000
203832.00000000
214490.00000000
220445.00000000
214016.00000000
211569.00000000
235180.00000000
224911.00000000
207868.00000000
204413.00000000
219222.00000000
204533.00000000
204659.00000000
233583.00000000
207576.00000000
206019.00000000
212976.00000000
211351.00000000
211739.00000000
217560.00000000
226971.00000000
195931.00000000
213552.00000000
219538.00000000
221002.00000000
215646.00000000
227147.00000000
207195.00000000
228604.00000000
210854.00000000
210599.00000000
251045.00000000
204245.00000000
219750.00000000
221702.00000000
219850.00000000
216247.00000000
235683.00000000
218954.00000000
225688.00000000
217794.00000000
224887.00000000
224771.00000000
229828.00000000
232090.00000000
209603.00000000
224724.00000000
219774.00000000
214358.00000000
224555.00000000
232645.00000000
217576.00000000
217325.00000000
227360.00000000
217716.00000000
248667.00000000
216033.00000000
222790.00000000
213287.00000000
227596.00000000
210490.00000000
221299.00000000
210728.00000000
226722.00000000
213233.00000000
216131.00000000
222701.00000000
229599.00000000
220590.00000000
204231.00000000
228096.00000000
203753.00000000
220834.00000000
217471.00000000
214938.00000000
221679.00000000
220295.00000000
221105.00000000
206714.00000000
247271.00000000
204648.00000000
226723.00000000
208394.00000000
221043.00000000
210503.00000000
222217.00000000
222793.00000000
210718.00000000
222654.00000000
216275.00000000
217122.00000000
226275.00000000
220639.00000000
211825.00000000
221175.00000000
211021.00000000
203816.00000000
234385.00000000
203816.00000000
220982.00000000
219157.00000000
220958.00000000
208780.00000000
241755.00000000
222830.00000000
222040.00000000
216388.00000000
206272.00000000
215994.00000000
217602.00000000
226290.00000000
209931.00000000
222682.00000000
210713.00000000
221287.00000000
236509.00000000
226102.00000000
219417.00000000
210013.00000000
217832.00000000
212221.00000000
219837.00000000
206166.00000000
219032.00000000
213332.00000000
215330.00000000
216371.00000000
240138.00000000
207401.00000000
217679.00000000
223923.00000000
210728.00000000
214386.00000000
216727.00000000
220713.00000000
217179.00000000
221815.00000000
216036.00000000
215418.00000000
230405.00000000
214973.00000000
222888.00000000
216213.00000000
214717.00000000
214156.00000000
226757.00000000
199187.00000000
220761.00000000
225087.00000000
214881.00000000
216338.00000000
237916.00000000
216251.00000000
210810.00000000
240991.00000000
200805.00000000
220796.00000000
222718.00000000
221810.00000000
209683.00000000
233323.00000000
203470.00000000
216864.00000000
233858.00000000
210644.00000000
226377.00000000
211773.00000000
232378.00000000
210204.00000000
233650.00000000
203902.00000000
221011.00000000
230352.00000000
217982.00000000
204812.00000000
235968.00000000
218757.00000000
208472.00000000
227264.00000000
216148.00000000
226559.00000000
218296.00000000
220071.00000000
211267.00000000
222805.00000000
224648.00000000
204474.00000000
253363.00000000
204384.00000000
222168.00000000
231049.00000000
202087.00000000
202216.00000000
232597.00000000
216763.00000000
208897.00000000
236491.00000000
210893.00000000
226756.00000000
229868.00000000
223753.00000000
210827.00000000
233587.00000000
210710.00000000
226983.00000000
222544.00000000
219834.00000000
207045.00000000
232213.00000000
214247.00000000
211098.00000000
242373.00000000
205857.00000000
226445.00000000
216911.00000000
227730.00000000
204141.00000000
229521.00000000
220815.00000000
216944.00000000
218494.00000000
218773.00000000
215335.00000000
240105.00000000
221984.00000000
217826.00000000
225926.00000000
212967.00000000
214505.00000000
241133.00000000
211519.00000000
207264.00000000
229190.00000000
219665.00000000
217716.00000000
239260.00000000
210376.00000000
235911.00000000
220741.00000000
203102.00000000
230348.00000000
211747.00000000
232208.00000000
215562.00000000
229330.00000000
216654.00000000
223048.00000000
239541.00000000
218738.00000000
220449.00000000
211052.00000000
222233.00000000
211509.00000000
228908.00000000
213622.00000000
224830.00000000
218302.00000000
233279.00000000
221332.00000000
251691.00000000
215000.00000000
228164.00000000
238008.00000000
213834.00000000
219034.00000000
222015.00000000
230459.00000000
217897.00000000
241161.00000000
211846.00000000
221554.00000000
235457.00000000
215725.00000000
223285.00000000
217500.00000000
228535.00000000
211414.00000000
232210.00000000
210725.00000000
215054.00000000
223010.00000000
235903.00000000
230673.00000000
241114.00000000
213123.00000000
209192.00000000
232511.00000000
222755.00000000
227102.00000000
216610.00000000
220775.00000000
215595.00000000
229621.00000000
217405.00000000
225801.00000000
230306.00000000
213279.00000000
230201.00000000
226641.00000000
222929.00000000
209162.00000000
218238.00000000
221598.00000000
215536.00000000
237967.00000000
226021.00000000
227342.00000000
229714.00000000
236350.00000000
214046.00000000
231612.00000000
223809.00000000
232056.00000000
217216.00000000
231403.00000000
224576.00000000
245953.00000000
229395.00000000
211109.00000000
254569.00000000
225228.00000000
233296.00000000
223321.00000000
215895.00000000
224845.00000000
236259.00000000
218666.00000000
205021.00000000
240646.00000000
233003.00000000
223752.00000000
231208.00000000
221155.00000000
222481.00000000
226754.00000000
195809.00000000
234945.00000000
217694.00000000
210745.00000000
232711.00000000
219515.00000000
225543.00000000
207794.00000000
242283.00000000
217429.00000000
217854.00000000
218013.00000000
227721.00000000
218346.00000000
226212.00000000
225118.00000000
213030.00000000
225419.00000000
211670.00000000
215554.00000000
224864.00000000
230639.00000000
211698.00000000
232611.00000000
210801.00000000
218614.00000000
220827.00000000
222739.00000000
225115.00000000
214818.00000000
226548.00000000
209534.00000000
247671.00000000
216768.00000000
232546.00000000
222530.00000000
215330.00000000
228582.00000000
228257.00000000
216318.00000000
214953.00000000
236142.00000000
222721.00000000
219701.00000000
240185.00000000
225975.00000000
219542.00000000
212952.00000000
224379.00000000
223526.00000000
219573.00000000
213750.00000000
232481.00000000
211585.00000000
231740.00000000
216364.00000000
235890.00000000
216842.00000000
219491.00000000
225915.00000000
214281.00000000
227195.00000000
219327.00000000
224325.00000000
212904.00000000
229117.00000000
217353.00000000
231698.00000000
243017.00000000
208605.00000000
227533.00000000
211600.00000000
232384.00000000
209935.00000000
230653.00000000
214430.00000000
227685.00000000
230352.00000000
218657.00000000
222358.00000000
238251.00000000
215859.00000000
216969.00000000
233571.00000000
201094.00000000
230135.00000000
228931.00000000
224823.00000000
213915.00000000
237665.00000000
219545.00000000
218121.00000000
245153.00000000
208244.00000000
231645.00000000
208425.00000000
231354.00000000
208047.00000000
237695.00000000
207193.00000000
214942.00000000
279234.00000000
226928.00000000
221287.00000000
244096.00000000
239760.00000000
218644.00000000
244452.00000000
221464.00000000
227643.00000000
214474.00000000
229697.00000000
215312.00000000
234352.00000000
221010.00000000
220066.00000000
246216.00000000
218571.00000000
232530.00000000
220825.00000000
223291.00000000
243912.00000000
233628.00000000
222785.00000000
200521.00000000
236415.00000000
219075.00000000
218630.00000000
296345.00000000
259292.00000000
213002.00000000
233690.00000000
207392.00000000
233650.00000000
224797.00000000
210615.00000000
235548.00000000
227105.00000000
236102.00000000
208858.00000000
250642.00000000
217795.00000000
224665.00000000
226895.00000000
233444.00000000
221669.00000000
233040.00000000
231051.00000000
213399.00000000
237429.00000000
215713.00000000
230458.00000000
233414.00000000
220187.00000000
221008.00000000
224175.00000000
228607.00000000
220329.00000000
222529.00000000
218033.00000000
227010.00000000
231439.00000000
227371.00000000
215278.00000000
250756.00000000
221505.00000000
227698.00000000
224500.00000000
225260.00000000
208288.00000000
222669.00000000
251471.00000000
205303.00000000
224961.00000000
216981.00000000
230024.00000000
238913.00000000
231211.00000000
208965.00000000
223018.00000000
224867.00000000
203497.00000000
230220.00000000
218715.00000000
230273.00000000
220700.00000000
234867.00000000
220021.00000000
245582.00000000
219278.00000000
223509.00000000
219662.00000000
223819.00000000
222732.00000000
220370.00000000
230295.00000000
190326.00000000
232766.00000000
228579.00000000
234936.00000000
218319.00000000
237351.00000000
213256.00000000
203562.00000000
235412.00000000
208293.00000000
236527.00000000
212312.00000000
222683.00000000
219082.00000000
237067.00000000
207151.00000000
240847.00000000
231219.00000000
209724.00000000
220675.00000000
211194.00000000
224914.00000000
215319.00000000
231972.00000000
204270.00000000
239542.00000000
207548.00000000
218401.00000000
228787.00000000
220392.00000000
223196.00000000
219502.00000000
234470.00000000
221626.00000000
237746.00000000
203785.00000000
231320.00000000
216169.00000000
218680.00000000
213803.00000000
234845.00000000
230420.00000000
223912.00000000
218506.00000000
207308.00000000
230667.00000000
217988.00000000
224789.00000000
213788.00000000
207304.00000000
234193.00000000
214056.00000000
236061.00000000
218317.00000000
226657.00000000
211031.00000000
224777.00000000
204939.00000000
228510.00000000
214208.00000000
218471.00000000
225617.00000000
214467.00000000
225167.00000000
232020.00000000
230559.00000000
220409.00000000
235363.00000000
213471.00000000
237437.00000000
222478.00000000
215784.00000000
237372.00000000
225358.00000000
232634.00000000
209563.00000000
249989.00000000
213588.00000000
226904.00000000
227195.00000000
213815.00000000
220300.00000000
231306.00000000
231631.00000000
218549.00000000
237681.00000000
222988.00000000
217443.00000000
231922.00000000
230459.00000000
219506.00000000
233843.00000000
223904.00000000
193530.00000000
236008.00000000
211791.00000000
229313.00000000
222770.00000000
225733.00000000
216521.00000000
242060.00000000
228373.00000000
222707.00000000
234527.00000000
204375.00000000
230964.00000000
199193.00000000
228854.00000000
217702.00000000
228305.00000000
217834.00000000
228929.00000000
235861.00000000
235661.00000000
216595.00000000
215446.00000000
219810.00000000
217357.00000000
232667.00000000
223225.00000000
212934.00000000
221356.00000000
230536.00000000
217552.00000000
240604.00000000
222002.00000000
203429.00000000
238662.00000000
210955.00000000
229404.00000000
220710.00000000
234863.00000000
211733.00000000
239246.00000000
199820.00000000
232564.00000000
237756.00000000
214582.00000000
219875.00000000
232667.00000000
219045.00000000
217815.00000000
239488.00000000
210913.00000000
235752.00000000
220144.00000000
222714.00000000
217981.00000000
233239.00000000
211171.00000000
217719.00000000
231845.00000000
217345.00000000
230717.00000000
220652.00000000
226478.00000000
214581.00000000
233765.00000000
217443.00000000
234769.00000000
229150.00000000
224187.00000000
222623.00000000
211101.00000000
234621.00000000
212188.00000000
231987.00000000
228616.00000000
243865.00000000
223262.00000000
218520.00000000
230067.00000000
238806.00000000
228993.00000000
202095.00000000
219335.00000000
224419.00000000
229002.00000000
216234.00000000
229161.00000000
222884.00000000
218339.00000000
229586.00000000
217489.00000000
246252.00000000
219603.00000000
230688.00000000
220755.00000000
257105.00000000
211141.00000000
232097.00000000
216798.00000000
223915.00000000
223060.00000000
217821.00000000
1246660.00000000
555224.00000000
220550.00000000
217106.00000000
231583.00000000
244629.00000000
221488.00000000
221274.00000000
237482.00000000
211282.00000000
228341.00000000
223265.00000000
232919.00000000
243507.00000000
226656.00000000
240483.00000000
233125.00000000
232987.00000000
242199.00000000
241588.00000000
247785.00000000
224782.00000000
317390.00000000
221005.00000000
245830.00000000
246456.00000000
240656.00000000
230208.00000000
248762.00000000
233527.00000000
223613.00000000
247728.00000000
223990.00000000
222941.00000000
472777.00000000
232671.00000000
233532.00000000
265341.00000000
224148.00000000
238968.00000000
226963.00000000
228503.00000000
235255.00000000
223164.00000000
237282.00000000
220982.00000000
253386.00000000
220454.00000000
247950.00000000
247267.00000000
523317.00000000
223712.00000000
232183.00000000
231731.00000000
228030.00000000
239739.00000000
215050.00000000
239479.00000000
229227.00000000
242070.00000000
235986.00000000
262951.00000000
452608.00000000
222134.00000000
247702.00000000
217442.00000000
236610.00000000
240383.00000000
235410.00000000
227164.00000000
242271.00000000
230253.00000000
235559.00000000
250094.00000000
465898.00000000
232394.00000000
234563.00000000
218227.00000000
223479.00000000
238666.00000000
227979.00000000
230210.00000000
233726.00000000
241911.00000000
246337.00000000
244864.00000000
438627.00000000
220248.00000000
245101.00000000
229671.00000000
235448.00000000
232806.00000000
235012.00000000
215884.00000000
252788.00000000
224804.00000000
224502.00000000
264987.00000000
451258.00000000
235800.00000000
243254.00000000
229459.00000000
230580.00000000
242070.00000000
221810.00000000
231370.00000000
232233.00000000
215279.00000000
242632.00000000
240926.00000000
227641.00000000
228500.00000000
232254.00000000
222507.00000000
223343.00000000
235761.00000000
225191.00000000
223836.00000000
231002.00000000
229829.00000000
237074.00000000
241653.00000000
224903.00000000
220480.00000000
228771.00000000
226277.00000000
225054.00000000
231525.00000000
212597.00000000
224087.00000000
219026.00000000
220440.00000000
231002.00000000
236595.00000000
236257.00000000
212853.00000000
236724.00000000
212383.00000000
230147.00000000
231162.00000000
210571.00000000
232926.00000000
226238.00000000
224461.00000000
232227.00000000
243381.00000000
218989.00000000
227296.00000000
230796.00000000
227592.00000000
221103.00000000
229885.00000000
231865.00000000
213354.00000000
242181.00000000
222572.00000000
228429.00000000
238887.00000000
240794.00000000
221107.00000000
228773.00000000
227712.00000000
221057.00000000
232556.00000000
221661.00000000
238932.00000000
234499.00000000
241141.00000000
229250.00000000
250225.00000000
222268.00000000
235665.00000000
226112.00000000
221056.00000000
241260.00000000
225677.00000000
231392.00000000
220216.00000000
240334.00000000
220120.00000000
233371.00000000
237971.00000000
233087.00000000
214975.00000000
225819.00000000
241121.00000000
221656.00000000
225515.00000000
230143.00000000
236540.00000000
226047.00000000
235024.00000000
230542.00000000
246067.00000000
219551.00000000
222006.00000000
237246.00000000
225072.00000000
240154.00000000
218962.00000000
221051.00000000
221846.00000000
251849.00000000
210512.00000000
255044.00000000
235386.00000000
230449.00000000
246693.00000000
223899.00000000
232624.00000000
231555.00000000
236779.00000000
231550.00000000
240814.00000000
223730.00000000
238867.00000000
239456.00000000
237144.00000000
241165.00000000
225163.00000000
236638.00000000
225738.00000000
237894.00000000
229767.00000000
232114.00000000
225263.00000000
242151.00000000
231890.00000000
229479.00000000
254935.00000000
222448.00000000
238506.00000000
216263.00000000
245394.00000000
227018.00000000
238246.00000000
238645.00000000
225822.00000000
238081.00000000
222809.00000000
242401.00000000
244642.00000000
239347.00000000
225060.00000000
246596.00000000
227039.00000000
232027.00000000
229830.00000000
243772.00000000
224448.00000000
236807.00000000
231996.00000000
235179.00000000
260116.00000000
218799.00000000
238470.00000000
212632.00000000
238544.00000000
231342.00000000
241633.00000000
224775.00000000
238496.00000000
226101.00000000
228193.00000000
252925.00000000
236824.00000000
238951.00000000
230576.00000000
243619.00000000
225872.00000000
225646.00000000
229435.00000000
237829.00000000
233160.00000000
219419.00000000
240363.00000000
241440.00000000
258518.00000000
231983.00000000
234284.00000000
235660.00000000
232941.00000000
225574.00000000
227988.00000000
238909.00000000
225501.00000000
253822.00000000
219032.00000000
252177.00000000
244754.00000000
236433.00000000
220024.00000000
249071.00000000
226107.00000000
222206.00000000
243946.00000000
226820.00000000
238766.00000000
231590.00000000
248211.00000000
230676.00000000
266654.00000000
221579.00000000
247754.00000000
228409.00000000
224093.00000000
242373.00000000
238885.00000000
245139.00000000
227107.00000000
249106.00000000
240023.00000000
232528.00000000
244919.00000000
246012.00000000
217182.00000000
230302.00000000
239252.00000000
225584.00000000
241200.00000000
226536.00000000
232492.00000000
232544.00000000
242748.00000000
229101.00000000
257228.00000000
226354.00000000
228851.00000000
238249.00000000
225330.00000000
244219.00000000
226790.00000000
228622.00000000
225627.00000000
244368.00000000
231676.00000000
242201.00000000
249542.00000000
214739.00000000
250796.00000000
226677.00000000
238762.00000000
223551.00000000
239809.00000000
226534.00000000
236720.00000000
232275.00000000
230534.00000000
240651.00000000
242795.00000000
232869.00000000
217435.00000000
263174.00000000
239831.00000000
290757.00000000
277197.00000000
305342.00000000
259767.00000000
247117.00000000
239788.00000000
254682.00000000
248504.00000000
227133.00000000
244855.00000000
230209.00000000
261533.00000000
237217.00000000
239987.00000000
220543.00000000
244705.00000000
240663.00000000
224464.00000000
251203.00000000
240935.00000000
234906.00000000
224199.00000000
261335.00000000
211402.00000000
224337.00000000
229228.00000000
246677.00000000
226809.00000000
237540.00000000
233857.00000000
238302.00000000
242084.00000000
