0.644998
0.737553
0.680336
0.66378
0.733583
0.699992
0.725477
0.655833
0.701845
0.702165
0.695578
0.687449
0.667101
0.733293
0.656758
0.730923
0.74666
0.667994
0.708336
0.723235
0.704906
0.642665
0.785294
0.702364
0.692927
0.691835
0.713222
0.703327
0.706909
0.673985
0.715226
0.728027
0.6944
0.698963
0.703326
0.759687
0.63793
0.717478
0.724815
0.665276
0.708778
0.715505
0.713114
0.691337
0.708139
0.704234
0.705406
0.675172
0.691639
0.72239
0.660593
0.728225
0.676486
0.70806
0.637428
0.704857
0.654846
0.699847
0.666283
0.732019
0.71716
0.626914
0.720504
0.630126
0.714735
0.706573
0.652426
0.681034
0.703103
0.681967
0.708549
0.637697
0.773517
0.615831
0.734789
0.657582
0.746413
0.689572
0.656725
0.694963
0.73836
0.662786
0.66526
0.765545
0.644836
0.677121
0.693159
0.719974
0.70365
0.638268
0.652272
0.755238
0.00614313
0.409516
0.105781
0.494606
0.143193
0.325476
0.263338
0.246175
0.12513
0.256093
0.236834
0.38048
0.10383
0.266101
0.330734
0.171336
0.267897
0.293056
0.308973
0.194633
0.299749
0.398675
0.1245
0.330929
0.213177
0.277207
0.266152
0.150658
0.209851
0.45222
0.114128
0.237765
0.200524
0.674235
-0.0995316
0.436887
0.150823
0.243064
0.314274
0.232767
0.388969
0.328556
0.0555759
0.209934
0.297067
0.19246
0.0928534
0.362984
0.219327
0.148644
0.276196
0.332198
0.108946
0.125104
0.293854
0.164179
0.294932
0.196626
0.320452
0.148393
0.6439
0.738251
0.692922
0.755733
0.614831
0.766545
0.665489
0.747598
0.570905
0.808922
0.642417
0.714596
0.684707
0.727512
0.668184
0.71643
0.62354
0.718531
0.675938
0.687595
0.71243
0.680542
0.678935
0.658433
0.688968
0.708957
0.654046
0.706613
0.67057
0.710489
0.630311
0.699564
0.66041
0.711657
0.620937
0.769375
0.648687
0.708826
0.686076
0.744277
0.602067
0.734965
0.668087
0.729608
0.592485
0.799019
0.646869
0.662872
0.700708
0.713145
0.704603
0.676978
0.651619
0.768037
0.678477
0.664471
0.702691
0.74096
0.622812
0.654976
0.795814
0.649035
0.645535
0.745526
0.694637
0.659268
0.726883
0.658262
0.685371
0.72891
0.641263
0.74085
0.717614
0.703051
0.62087
0.751793
0.679768
0.675151
0.74107
0.691459
0.66501
0.715514
0.709557
0.690664
0.700191
0.700217
0.667087
0.77491
0.703453
0.6161
0.745699
0.738584
0.665514
0.683886
0.770718
0.663552
0.707961
0.699759
0.734191
0.704529
0.718244
0.641852
0.714293
0.713026
0.659716
0.704404
0.727299
0.672518
0.704261
0.738044
0.687915
0.64285
0.760901
0.685906
0.682407
0.729572
0.687839
0.699279
0.626955
0.750646
0.684062
0.712974
0.712872
0.692777
0.730974
0.718734
0.647313
0.795335
0.683129
0.680354
0.641249
0.809468
0.622195
0.698606
0.762052
0.711813
0.634948
0.748658
0.643636
0.738091
0.717136
0.660298
0.761152
0.739778
0.638488
0.688253
0.762072
0.695927
0.611046
0.801203
0.62442
0.737023
0.674912
0.722889
0.687819
0.737464
0.665228
0.719894
0.688212
0.690509
0.668051
0.727119
0.704934
0.721503
0.708623
0.737929
0.660215
0.689759
0.695311
0.711577
0.732704
0.734418
0.635952
0.745025
0.678398
0.704908
0.649771
0.7511
0.668511
0.721364
0.701114
0.70476
0.667707
0.742805
0.643289
0.703362
0.717401
0.657896
0.695501
0.723092
0.692068
0.703055
0.70589
0.700766
0.702666
0.680991
0.704024
0.703303
0.671712
0.715746
0.697386
0.688574
0.660145
0.689094
0.659478
0.689703
0.672549
0.732019
0.71716
0.626914
0.720504
0.630126
0.714735
0.706573
0.652426
0.681034
0.703103
0.681967
0.708549
0.637697
0.773517
0.615831
0.734789
0.657582
0.746413
0.689572
0.656725
0.694963
0.73836
0.662786
0.66526
0.765545
0.644836
0.677121
0.693159
0.719974
0.70365
0.638268
0.652272
0.755238
0.00614313
0.409516
0.105781
0.501825
0.127474
0.328731
0.246601
0.244101
0.120252
0.23576
0.234725
0.363587
0.0885834
0.273253
0.295065
0.187079
0.24532
0.289404
0.294917
0.175753
0.281734
0.406927
0.108435
0.346032
0.1827
0.291925
0.254146
0.138166
0.222696
0.421711
0.138627
0.22382
0.180279
0.686254
-0.150659
0.446079
0.100104
0.246788
0.286159
0.209878
0.382669
0.297149
0.0135665
0.180642
0.263882
0.203331
0.0231433
0.366985
0.160412
0.127259
0.246146
0.296177
0.0825256
0.125594
0.237359
0.156313
0.302796
0.133831
0.296035
0.133949
0.657924
0.667904
0.716377
0.730795
0.57208
0.780483
0.577221
0.772596
0.58902
0.716806
0.684056
0.719704
0.648467
0.691801
0.728383
0.639
0.65002
0.703157
0.681756
0.692626
0.650467
0.70844
0.678163
0.721957
0.647231
0.740669
0.699685
0.613414
0.74169
0.676245
0.686887
0.691327
0.654222
0.739417
0.601701
0.7279
0.686771
0.711642
0.656245
0.73361
0.71196
0.671656
0.683652
0.705519
0.600776
0.777687
0.655987
0.691148
0.718755
0.681466
0.675421
0.70083
0.625845
0.741048
0.694426
0.658198
0.68144
0.740224
0.637396
0.628968
0.773118
0.651178
0.626705
0.756323
0.677975
0.67363
0.70607
0.658262
0.685371
0.72891
0.641263
0.74085
0.717614
0.703051
0.62087
0.751793
0.679768
0.675151
0.74107
0.691459
0.66501
0.715514
0.709557
0.690664
0.700191
0.700217
0.667087
0.77491
0.703453
0.6161
0.745699
0.738584
0.665514
0.683886
0.770718
0.663552
0.707961
0.699759
0.734191
0.704529
0.718244
0.641852
0.714293
0.713026
0.659716
0.704404
0.727299
0.672518
0.704261
0.738044
0.687915
0.64285
0.760901
0.685906
0.682407
0.729572
0.687839
0.699279
0.626955
0.750646
0.684062
0.712974
0.712872
0.692777
0.730974
0.718734
0.647313
0.795335
0.683129
0.680354
0.641249
0.809468
0.622195
0.698606
0.762052
0.711813
0.634948
0.748658
0.643636
0.738091
0.717136
0.660298
0.761152
0.739778
0.638488
0.688253
0.762072
0.695927
0.611046
0.801203
0.62442
0.737023
0.674912
0.722889
0.687819
0.737464
0.665228
0.719894
0.688212
0.690509
0.668051
0.727119
0.704934
0.721503
0.708623
0.737929
0.660215
0.689759
0.695311
0.711577
0.732704
0.734418
0.635952
0.745025
0.678398
0.704908
0.649771
0.7511
0.668511
0.721364
0.701114
0.70476
0.667707
0.742805
0.643289
0.703362
0.717401
0.657896
0.695501
0.723092
0.692068
0.703055
0.70589
0.700766
0.702666
0.680991
0.704024
0.703303
0.671712
0.715746
0.697386
0.688574
0.660145
0.689094
0.659478
0.689703
0.672549
0.732019
0.71716
0.626914
0.720504
0.630126
0.714735
0.706573
0.652426
0.681034
0.703103
0.681967
0.708549
0.637697
0.773517
0.615831
0.734789
0.657582
0.746413
0.689572
0.656725
0.694963
0.73836
0.662786
0.66526
0.765545
0.644836
0.677121
0.693159
0.719974
0.70365
0.638268
0.652272
0.755238
0.00614313
0.409516
0.105781
0.494362
0.14365
0.325356
0.263824
0.245989
0.125934
0.262857
0.221997
0.38413
0.0802433
0.280563
0.315961
0.183969
0.26452
0.304626
0.308442
0.196213
0.282085
0.421243
0.111495
0.366381
0.206608
0.304219
0.272252
0.156282
0.234293
0.463955
0.115953
0.264124
0.196178
0.701404
-0.104833
0.44544
0.169559
0.258592
0.325863
0.238742
0.403556
0.347588
0.0372606
0.2284
0.291409
0.221237
0.0797118
0.365135
0.218576
0.165786
0.256055
0.392535
0.115334
0.182499
0.287959
0.213426
0.305574
0.209735
0.340075
0.185855
0.697413
0.690006
0.703365
0.73748
0.609061
0.722858
0.670897
0.733999
0.616586
0.756525
0.632177
0.747181
0.661069
0.677494
0.702508
0.669692
0.61632
0.722573
0.674795
0.663482
0.662171
0.713232
0.659552
0.706883
0.628895
0.700735
0.72038
0.634842
0.718203
0.698772
0.637259
0.662957
0.664979
0.666091
0.619777
0.756334
0.610133
0.714706
0.664805
0.715133
0.565596
0.706808
0.654222
0.684271
0.61366
0.749835
0.6564
0.624172
0.712595
0.711005
0.68826
0.68227
0.64802
0.78424
0.669885
0.681148
0.686769
0.746918
0.612948
0.66169
0.795814
0.649035
0.645535
0.745526
0.694637
0.659268
0.726883
0.658262
0.685371
0.72891
0.641263
0.74085
0.717614
0.703051
0.62087
0.751793
0.679768
0.675151
0.74107
0.691459
0.66501
0.715514
0.709557
0.690664
0.700191
0.700217
0.667087
0.77491
0.703453
0.6161
0.745699
0.738584
0.665514
0.683886
0.770718
0.663552
0.707961
0.699759
0.734191
0.704529
0.718244
0.641852
0.714293
0.713026
0.659716
0.704404
0.727299
0.672518
0.704261
0.738044
0.687915
0.64285
0.760901
0.685906
0.682407
0.729572
0.687839
0.699279
0.626955
0.750646
0.684062
0.712974
0.712872
0.692777
0.730974
0.718734
0.647313
0.795335
0.683129
0.680354
0.641249
0.809468
0.622195
0.698606
0.762052
0.711813
0.634948
0.748658
0.643636
0.738091
0.717136
0.660298
0.761152
0.739778
0.638488
0.688253
0.762072
0.695927
0.611046
0.801203
0.62442
0.737023
0.674912
0.722889
0.687819
0.737464
0.665228
0.719894
0.688212
0.690509
0.668051
0.727119
0.704934
0.721503
0.708623
0.737929
0.660215
0.689759
0.695311
0.711577
0.732704
0.734418
0.635952
0.745025
0.678398
0.704908
0.649771
0.7511
0.668511
0.721364
0.701114
0.70476
0.667707
0.742805
0.643289
0.703362
0.717401
0.657896
0.695501
0.723092
0.692068
0.703055
0.70589
0.700766
0.702666
0.680991
0.704024
0.703303
0.671712
0.715746
0.697386
0.688574
0.660145
0.689094
0.659478
0.689703
0.672549
0.732019
0.71716
0.626914
0.720504
0.630126
0.714735
0.706573
0.652426
0.681034
0.703103
0.681967
0.708549
0.637697
0.773517
0.615831
0.734789
0.657582
0.746413
0.689572
0.656725
0.694963
0.73836
0.662786
0.66526
0.765545
0.644836
0.677121
0.693159
0.719974
0.70365
0.638268
0.652272
0.755238
0.00614313
0.409516
0.105781
0.494362
0.14365
0.332237
0.248382
0.249046
0.109098
0.254083
0.225436
0.375884
0.0916162
0.281714
0.321231
0.184451
0.264351
0.290271
0.31054
0.173547
0.296219
0.386265
0.108964
0.351417
0.189487
0.288314
0.24264
0.144036
0.215866
0.450895
0.104404
0.240008
0.193581
0.686471
-0.142813
0.448522
0.14442
0.236697
0.291679
0.231707
0.354559
0.338099
0.0350717
0.201994
0.279856
0.204264
0.053762
0.381553
0.198416
0.106389
0.264178
0.346791
0.0730139
0.140179
0.262553
0.178821
0.256149
0.197321
0.293964
0.160149
0.712056
0.664597
0.71645
0.731292
0.570568
0.76424
0.660749
0.723404
0.598769
0.79374
0.577646
0.758644
0.660539
0.72593
0.649848
0.734439
0.590569
0.695735
0.695813
0.68242
0.666923
0.676997
0.680977
0.715171
0.650118
0.708969
0.67166
0.673945
0.669437
0.715926
0.701836
0.674184
0.668395
0.668014
0.645426
0.755876
0.652996
0.731106
0.678676
0.731751
0.594447
0.73676
0.680327
0.702918
0.606364
0.783505
0.668216
0.650754
0.72078
0.702355
0.693145
0.671946
0.654843
0.784343
0.669602
0.681414
0.686649
0.746575
0.612948
0.66169
0.795814
0.649035
0.645535
0.745526
0.694637
0.659268
0.726883
0.658262
0.685371
0.72891
0.641263
0.74085
0.717614
0.703051
0.62087
0.751793
0.679768
0.675151
0.74107
0.691459
0.66501
0.715514
0.709557
0.690664
0.700191
0.700217
0.667087
0.77491
0.703453
0.6161
0.745699
0.738584
0.665514
0.683886
0.770718
0.663552
0.707961
0.699759
0.734191
0.704529
0.718244
0.641852
0.714293
0.713026
0.659716
0.704404
0.727299
0.672518
0.704261
0.738044
0.687915
0.64285
0.760901
0.685906
0.682407
0.729572
0.687839
0.699279
0.626955
0.750646
0.684062
0.712974
0.712872
0.692777
0.730974
0.718734
0.647313
0.795335
0.683129
0.680354
0.641249
0.809468
0.622195
0.698606
0.762052
0.711813
0.634948
0.748658
0.643636
0.738091
0.717136
0.660298
0.761152
0.739778
0.638488
0.688253
0.762072
0.695927
0.611046
0.801203
0.62442
0.737023
0.674912
0.722889
0.687819
0.737464
0.665228
0.719894
0.688212
0.690509
0.668051
0.727119
0.704934
0.721503
0.708623
0.737929
0.660215
0.689759
0.695311
0.711577
0.732704
0.734418
0.635952
0.745025
0.678398
0.704908
0.649771
0.7511
0.668511
0.721364
0.701114
0.70476
0.667707
0.742805
0.643289
0.703362
0.717401
0.657896
0.695501
0.723092
0.692068
0.703055
0.70589
0.700766
0.702666
0.680991
0.704024
0.703303
0.671712
0.715746
0.697386
0.688574
0.660145
0.689094
0.659478
0.689703
0.672549
0.732019
0.71716
0.626914
0.720504
0.630126
0.714735
0.706573
0.652426
0.681034
0.703103
0.681967
0.708549
0.637697
0.773517
0.615831
0.734789
0.657582
0.746413
0.689572
0.656725
0.694963
0.73836
0.662786
0.66526
0.765545
0.644836
0.677121
0.693159
0.719974
0.70365
0.638268
0.652272
0.755238
0.00614313
0.409516
0.105781
0.50163
0.127968
0.328422
0.247799
0.243835
0.114164
0.25129
0.232228
0.379784
0.0978769
0.261739
0.319375
0.171898
0.261625
0.284469
0.306429
0.194064
0.270065
0.410427
0.101726
0.338515
0.191006
0.286193
0.255281
0.150843
0.1992
0.447704
0.105004
0.247943
0.17841
0.673868
-0.0997531
0.429904
0.125436
0.252792
0.314162
0.209714
0.386657
0.315578
0.0379582
0.193024
0.281214
0.190084
0.0955045
0.347263
0.200507
0.15317
0.256522
0.337062
0.0771325
0.161628
0.27369
0.178339
0.314932
0.163404
0.352273
0.10947
0.689589
0.736163
0.698424
0.745479
0.651143
0.763344
0.658389
0.740593
0.616996
0.785392
0.651786
0.728154
0.687784
0.720767
0.703013
0.701973
0.63772
0.693326
0.70735
0.671031
0.731015
0.68007
0.691004
0.702361
0.675277
0.693481
0.7172
0.675807
0.699761
0.652729
0.719978
0.689387
0.661238
0.723301
0.619133
0.770473
0.605789
0.735339
0.714644
0.710076
0.606767
0.752646
0.662056
0.700996
0.61764
0.787292
0.637736
0.655759
0.723544
0.711754
0.687167
0.698584
0.627642
0.783257
0.662567
0.682237
0.695025
0.74096
0.622812
0.654976
0.795814
0.649035
0.645535
0.745526
0.694637
0.659268
0.726883
0.658262
0.685371
0.72891
0.641263
0.74085
0.717614
0.703051
0.62087
0.751793
0.679768
0.675151
0.74107
0.691459
0.66501
0.715514
0.709557
0.690664
0.700191
0.700217
0.667087
0.77491
0.703453
0.6161
0.745699
0.738584
0.665514
0.683886
0.770718
0.663552
0.707961
0.699759
0.734191
0.704529
0.718244
0.641852
0.714293
0.713026
0.659716
0.704404
0.727299
0.672518
0.704261
0.738044
0.687915
0.64285
0.760901
0.685906
0.682407
0.729572
0.687839
0.699279
0.626955
0.750646
0.684062
0.712974
0.712872
0.692777
0.730974
0.718734
0.647313
0.795335
0.683129
0.680354
0.641249
0.809468
0.622195
0.698606
0.762052
0.711813
0.634948
0.748658
0.643636
0.738091
0.717136
0.660298
0.761152
0.739778
0.638488
0.688253
0.762072
0.695927
0.611046
0.801203
0.62442
0.737023
0.674912
0.722889
0.687819
0.737464
0.665228
0.719894
0.688212
0.690509
0.668051
0.727119
0.704934
0.721503
0.708623
0.737929
0.660215
0.689759
0.695311
0.711577
0.732704
0.734418
0.635952
0.745025
0.678398
0.704908
0.649771
0.7511
0.668511
0.721364
0.701114
0.70476
0.667707
0.742805
0.643289
0.703362
0.717401
0.657896
0.695501
0.723092
0.692068
0.703055
0.70589
0.700766
0.702666
0.680991
0.704024
0.703303
0.671712
0.715746
0.697386
0.688574
0.660145
0.689094
0.659478
0.689703
0.672549
0.732019
0.71716
0.626914
0.720504
0.630126
0.714735
0.706573
0.652426
0.681034
0.703103
0.681967
0.708549
0.637697
0.773517
0.615831
0.734789
0.657582
0.746413
0.689572
0.656725
0.694963
0.73836
0.662786
0.66526
0.765545
0.644836
0.677121
0.693159
0.719974
0.70365
0.638268
0.652272
0.755238
0.00614313
0.409516
0.105781
0.494362
0.14365
0.332237
0.248382
0.249046
0.108888
0.254307
0.225997
0.376033
0.0983834
0.265631
0.325189
0.166378
0.262833
0.277811
0.306455
0.174773
0.273181
0.399147
0.0919574
0.333993
0.200095
0.270494
0.2495
0.138077
0.210507
0.440362
0.1094
0.243058
0.19659
0.668385
-0.111201
0.432117
0.144618
0.23793
0.293695
0.228823
0.360623
0.34339
0.0260849
0.208162
0.293273
0.173635
0.0858167
0.366624
0.205164
0.130524
0.277562
0.335812
0.0775391
0.165687
0.273692
0.172689
0.307701
0.175541
0.354602
0.14629
0.698215
0.74226
0.721409
0.724002
0.661177
0.783235
0.635422
0.785315
0.622467
0.784912
0.613726
0.804983
0.643141
0.743153
0.704482
0.69693
0.651007
0.698157
0.708834
0.702031
0.712569
0.67817
0.695187
0.718268
0.645669
0.733114
0.70843
0.667928
0.69093
0.713365
0.687275
0.696171
0.664685
0.706977
0.644897
0.752295
0.637284
0.738915
0.697641
0.704951
0.614359
0.750995
0.648043
0.712115
0.618367
0.778363
0.641451
0.665593
0.712381
0.703686
0.691483
0.6909
0.637594
0.775805
0.673448
0.67404
0.695517
0.740679
0.623038
0.654676
0.795814
0.649035
0.645535
0.745526
0.694637
0.659268
0.726883
0.658262
0.685371
0.72891
0.641263
0.74085
0.717614
0.703051
0.62087
0.751793
0.679768
0.675151
0.74107
0.691459
0.66501
0.715514
0.709557
0.690664
0.700191
0.700217
0.667087
0.77491
0.703453
0.6161
0.745699
0.738584
0.665514
0.683886
0.770718
0.663552
0.707961
0.699759
0.734191
0.704529
0.718244
0.641852
0.714293
0.713026
0.659716
0.704404
0.727299
0.672518
0.704261
0.738044
0.687915
0.64285
0.760901
0.685906
0.682407
0.729572
0.687839
0.699279
0.626955
0.750646
0.684062
0.712974
0.712872
0.692777
0.730974
0.718734
0.647313
0.795335
0.683129
0.680354
0.641249
0.809468
0.622195
0.698606
0.762052
0.711813
0.634948
0.748658
0.643636
0.738091
0.717136
0.660298
0.761152
0.739778
0.638488
0.688253
0.762072
0.695927
0.611046
0.801203
0.62442
0.737023
0.674912
0.722889
0.687819
0.737464
0.665228
0.719894
0.688212
0.690509
0.668051
0.727119
0.704934
0.721503
0.708623
0.737929
0.660215
0.689759
0.695311
0.711577
0.732704
0.734418
0.635952
0.745025
0.678398
0.704908
0.649771
0.7511
0.668511
0.721364
0.701114
0.70476
0.667707
0.742805
0.643289
0.703362
0.717401
0.657896
0.695501
0.723092
0.692068
0.703055
0.70589
0.700766
0.702666
0.680991
0.704024
0.703303
0.671712
0.715746
0.697386
0.688574
0.660145
0.689094
0.659478
0.689703
0.672549
0.732019
0.71716
0.626914
0.720504
0.630126
0.714735
0.706573
0.652426
0.681034
0.703103
0.681967
0.708549
0.637697
0.773517
0.615831
0.734789
0.657582
0.746413
0.689572
0.656725
0.694963
0.73836
0.662786
0.66526
0.765545
0.644836
0.677121
0.693159
0.719974
0.70365
0.638268
0.652272
0.755238
0.00614313
0.409516
0.105781
0.501825
0.127474
0.335449
0.231577
0.247312
0.096818
0.256384
0.204229
0.379105
0.0682373
0.282672
0.282619
0.184175
0.228596
0.295867
0.28593
0.175122
0.265493
0.407476
0.102037
0.333488
0.182751
0.291341
0.225497
0.136676
0.200701
0.420241
0.107316
0.224275
0.167779
0.678224
-0.154483
0.434398
0.101578
0.251574
0.267702
0.217597
0.38068
0.328917
-0.0175049
0.212657
0.266409
0.197583
0.0274369
0.383694
0.173694
0.127229
0.248966
0.311422
0.0867615
0.125599
0.221354
0.180771
0.280274
0.152101
0.300269
0.162678
0.652921
0.689767
0.754802
0.717138
0.57453
0.769574
0.621823
0.766413
0.591929
0.751489
0.655446
0.725333
0.646621
0.718895
0.718209
0.697592
0.597631
0.753186
0.705035
0.658441
0.687586
0.71019
0.645455
0.683672
0.683856
0.696659
0.659222
0.696369
0.650326
0.710426
0.674206
0.701423
0.645207
0.730463
0.597117
0.771686
0.65954
0.710182
0.697129
0.742567
0.583389
0.727641
0.674106
0.699025
0.590269
0.791676
0.639746
0.652975
0.707242
0.705657
0.680068
0.667623
0.641797
0.761658
0.675786
0.662817
0.698905
0.725956
0.623038
0.654676
0.795814
0.649035
0.645535
0.745526
0.694637
0.659268
0.726883
0.658262
0.685371
0.72891
0.641263
0.74085
0.717614
0.703051
0.62087
0.751793
0.679768
0.675151
0.74107
0.691459
0.66501
0.715514
0.709557
0.690664
0.700191
0.700217
0.667087
0.77491
0.703453
0.6161
0.745699
0.738584
0.665514
0.683886
0.770718
0.663552
0.707961
0.699759
0.734191
0.704529
0.718244
0.641852
0.714293
0.713026
0.659716
0.704404
0.727299
0.672518
0.704261
0.738044
0.687915
0.64285
0.760901
0.685906
0.682407
0.729572
0.687839
0.699279
0.626955
0.750646
0.684062
0.712974
0.712872
0.692777
0.730974
0.718734
0.647313
0.795335
0.683129
0.680354
0.641249
0.809468
0.622195
0.698606
0.762052
0.711813
0.634948
0.748658
0.643636
0.738091
0.717136
0.660298
0.761152
0.739778
0.638488
0.688253
0.762072
0.695927
0.611046
0.801203
0.62442
0.737023
0.674912
0.722889
0.687819
0.737464
0.665228
0.719894
0.688212
0.690509
0.668051
0.727119
0.704934
0.721503
0.708623
0.737929
0.660215
0.689759
0.695311
0.711577
0.732704
0.734418
0.635952
0.745025
0.678398
0.704908
0.649771
0.7511
0.668511
0.721364
0.701114
0.70476
0.667707
0.742805
0.643289
0.703362
0.717401
0.657896
0.695501
0.723092
0.692068
0.703055
0.70589
0.700766
0.702666
0.680991
0.704024
0.703303
0.671712
0.715746
0.697386
0.688574
0.660145
0.689094
0.659478
0.689703
0.672549
0.732019
0.71716
0.626914
0.720504
0.630126
0.714735
0.706573
0.652426
0.681034
0.703103
0.681967
0.708549
0.637697
0.773517
0.615831
0.734789
0.657582
0.746413
0.689572
0.656725
0.694963
0.73836
0.662786
0.66526
0.765545
0.644836
0.677121
0.693159
0.719974
0.70365
0.638268
0.652272
0.755238
0.00614313
0.409516
0.105781
0.501825
0.127474
0.319936
0.261568
0.239489
0.137112
0.236105
0.246179
0.366426
0.100462
0.249327
0.318896
0.170213
0.263802
0.291408
0.303423
0.198986
0.295971
0.392511
0.138444
0.326024
0.210527
0.284127
0.272862
0.150308
0.223304
0.443505
0.133863
0.23988
0.194854
0.674231
-0.0865704
0.433965
0.138815
0.268332
0.322008
0.229893
0.378043
0.311032
0.0686454
0.188374
0.298334
0.223
0.0841771
0.352955
0.205216
0.168103
0.259686
0.345388
0.104188
0.137141
0.310863
0.153234
0.342662
0.17033
0.305608
0.138012
0.689997
0.714455
0.65189
0.767492
0.58735
0.765144
0.637778
0.740538
0.606493
0.744187
0.581435
0.773456
0.662728
0.697884
0.675796
0.711954
0.59288
0.699153
0.692803
0.692797
0.692201
0.68502
0.677458
0.727399
0.648813
0.705103
0.682725
0.681099
0.680465
0.680485
0.716234
0.667011
0.671922
0.695683
0.619849
0.772191
0.625634
0.722574
0.715853
0.722615
0.59631
0.754052
0.668766
0.697575
0.609324
0.797804
0.644737
0.652262
0.731557
0.70208
0.693739
0.688404
0.635098
0.782301
0.663301
0.681805
0.695197
0.740679
0.623038
0.654676
0.795814
0.649035
0.645535
0.745526
0.694637
0.659268
0.726883
0.658262
0.685371
0.72891
0.641263
0.74085
0.717614
0.703051
0.62087
0.751793
0.679768
0.675151
0.74107
0.691459
0.66501
0.715514
0.709557
0.690664
0.700191
0.700217
0.667087
0.77491
0.703453
0.6161
0.745699
0.738584
0.665514
0.683886
0.770718
0.663552
0.707961
0.699759
0.734191
0.704529
0.718244
0.641852
0.714293
0.713026
0.659716
0.704404
0.727299
0.672518
0.704261
0.738044
0.687915
0.64285
0.760901
0.685906
0.682407
0.729572
0.687839
0.699279
0.626955
0.750646
0.684062
0.712974
0.712872
0.692777
0.730974
0.718734
0.647313
0.795335
0.683129
0.680354
0.641249
0.809468
0.622195
0.698606
0.762052
0.711813
0.634948
0.748658
0.643636
0.738091
0.717136
0.660298
0.761152
0.739778
0.638488
0.688253
0.762072
0.695927
0.611046
0.801203
0.62442
0.737023
0.674912
0.722889
0.687819
0.737464
0.665228
0.719894
0.688212
0.690509
0.668051
0.727119
0.704934
0.721503
0.708623
0.737929
0.660215
0.689759
0.695311
0.711577
0.732704
0.734418
0.635952
0.745025
0.678398
0.704908
0.649771
0.7511
0.668511
0.721364
0.701114
0.70476
0.667707
0.742805
0.643289
0.703362
0.717401
0.657896
0.695501
0.723092
0.692068
0.703055
0.70589
0.700766
0.702666
0.680991
0.704024
0.703303
0.671712
0.715746
0.697386
0.688574
0.660145
0.689094
0.659478
0.689703
0.672549
0.732019
0.71716
0.626914
0.720504
0.630126
0.714735
0.706573
0.652426
0.681034
0.703103
0.681967
0.708549
0.637697
0.773517
0.615831
0.734789
0.657582
0.746413
0.689572
0.656725
0.694963
0.73836
0.662786
0.66526
0.765545
0.644836
0.677121
0.693159
0.719974
0.70365
0.638268
0.652272
0.755238
0.00614313
0.409516
0.105781
0.501825
0.127474
0.335638
0.231088
0.247387
0.102658
0.234036
0.222492
0.359268
0.0825868
0.27285
0.289319
0.18258
0.233369
0.289589
0.287838
0.166825
0.285568
0.383999
0.103662
0.320713
0.177244
0.270474
0.237108
0.131685
0.211766
0.411217
0.12875
0.196917
0.203184
0.65059
-0.138594
0.424779
0.114759
0.22228
0.282275
0.213374
0.38189
0.299545
0.0348172
0.170803
0.284343
0.197046
0.0193665
0.389859
0.173963
0.114046
0.258792
0.325994
0.0791803
0.103102
0.282699
0.154386
0.31962
0.146983
0.327142
0.124982
0.721786
0.616533
0.771916
0.735136
0.622259
0.722447
0.695646
0.736573
0.60587
0.767108
0.659566
0.741739
0.648049
0.716379
0.730175
0.712311
0.600308
0.723899
0.722787
0.66016
0.676239
0.720049
0.666484
0.712752
0.659185
0.714518
0.698608
0.66877
0.679551
0.684307
0.704089
0.682445
0.66506
0.731587
0.616891
0.764881
0.622974
0.725961
0.705204
0.72046
0.614297
0.75077
0.668221
0.692081
0.623066
0.777575
0.643892
0.656704
0.723764
0.71142
0.687484
0.698599
0.62749
0.782733
0.662898
0.681927
0.695197
0.740679
0.623038
0.654676
0.795814
0.649035
0.645535
0.745526
0.694637
0.659268
0.726883
0.658262
0.685371
0.72891
0.641263
0.74085
0.717614
0.703051
0.62087
0.751793
0.679768
0.675151
0.74107
0.691459
0.66501
0.715514
0.709557
0.690664
0.700191
0.700217
0.667087
0.77491
0.703453
0.6161
0.745699
0.738584
0.665514
0.683886
0.770718
0.663552
0.707961
0.699759
0.734191
0.704529
0.718244
0.641852
0.714293
0.713026
0.659716
0.704404
0.727299
0.672518
0.704261
0.738044
0.687915
0.64285
0.760901
0.685906
0.682407
0.729572
0.687839
0.699279
0.626955
0.750646
0.684062
0.712974
0.712872
0.692777
0.730974
0.718734
0.647313
0.795335
0.683129
0.680354
0.641249
0.809468
0.622195
0.698606
0.762052
0.711813
0.634948
0.748658
0.643636
0.738091
0.717136
0.660298
0.761152
0.739778
0.638488
0.688253
0.762072
0.695927
0.611046
0.801203
0.62442
0.737023
0.674912
0.722889
0.687819
0.737464
0.665228
0.719894
0.688212
0.690509
0.668051
0.727119
0.704934
0.721503
0.708623
0.737929
0.660215
0.689759
0.695311
0.711577
0.732704
0.734418
0.635952
0.745025
0.678398
0.704908
0.649771
0.7511
0.668511
0.721364
0.701114
0.70476
0.667707
0.742805
0.643289
0.703362
0.717401
0.657896
0.695501
0.723092
0.692068
0.703055
0.70589
0.700766
0.702666
0.680991
0.704024
0.703303
0.671712
0.715746
0.697386
0.688574
0.660145
0.689094
0.659478
0.689703
0.672549
0.732019
0.71716
0.626914
0.720504
0.630126
0.714735
0.706573
0.652426
0.681034
0.703103
0.681967
0.708549
0.637697
0.773517
0.615831
0.734789
0.657582
0.746413
0.689572
0.656725
0.694963
0.73836
0.662786
0.66526
0.765545
0.644836
0.677121
0.693159
0.719974
0.70365
0.638268
0.652272
0.755238
0.00614313
0.409516
0.105781
0.494362
0.14365
0.325127
0.264493
0.245428
0.133152
0.239973
0.240469
0.363451
0.101668
0.253947
0.327038
0.157982
0.289098
0.266908
0.324225
0.165028
0.302962
0.397982
0.105728
0.358813
0.193094
0.296132
0.253603
0.132608
0.231253
0.434733
0.141925
0.254971
0.182474
0.71196
-0.129282
0.4729
0.15897
0.235781
0.363987
0.209512
0.399774
0.309814
0.0609553
0.23389
0.29102
0.200559
0.0996182
0.361268
0.253198
0.0985503
0.331486
0.324674
0.0945395
0.187743
0.253731
0.204815
0.271057
0.195104
0.340148
0.133428
0.726616
0.682014
0.707436
0.704404
0.509
0.875321
0.56802
0.747477
0.576757
0.74269
0.61964
0.666137
0.675738
0.711637
0.61126
0.683845
0.607899
0.701824
0.659365
0.620723
0.720435
0.629512
0.642282
0.690566
0.652459
0.675697
0.652134
0.666106
0.674712
0.660773
0.690099
0.650455
0.672561
0.712799
0.610732
0.788634
0.635295
0.730382
0.700072
0.726509
0.598146
0.743421
0.666652
0.714865
0.604535
0.79812
0.638967
0.666564
0.711072
0.702178
0.696674
0.681275
0.643992
0.776531
0.67278
0.674873
0.695197
0.740679
0.623038
0.654676
0.795814
0.649035
0.645535
0.745526
0.694637
0.659268
0.726883
0.658262
0.685371
0.72891
0.641263
0.74085
0.717614
0.703051
0.62087
0.751793
0.679768
0.675151
0.74107
0.691459
0.66501
0.715514
0.709557
0.690664
0.700191
0.700217
0.667087
0.77491
0.703453
0.6161
0.745699
0.738584
0.665514
0.683886
0.770718
0.663552
0.707961
0.699759
0.734191
0.704529
0.718244
0.641852
0.714293
0.713026
0.659716
0.704404
0.727299
0.672518
0.704261
0.738044
0.687915
0.64285
0.760901
0.685906
0.682407
0.729572
0.687839
0.699279
0.626955
0.750646
0.684062
0.712974
0.712872
0.692777
0.730974
0.718734
0.647313
0.795335
0.683129
0.680354
0.641249
0.809468
0.622195
0.698606
0.762052
0.711813
0.634948
0.748658
0.643636
0.738091
0.717136
0.660298
0.761152
0.739778
0.638488
0.688253
0.762072
0.695927
0.611046
0.801203
0.62442
0.737023
0.674912
0.722889
0.687819
0.737464
0.665228
0.719894
0.688212
0.690509
0.668051
0.727119
0.704934
0.721503
0.708623
0.737929
0.660215
0.689759
0.695311
0.711577
0.732704
0.734418
0.635952
0.745025
0.678398
0.704908
0.649771
0.7511
0.668511
0.721364
0.701114
0.70476
0.667707
0.742805
0.643289
0.703362
0.717401
0.657896
0.695501
0.723092
0.692068
0.703055
0.70589
0.700766
0.702666
0.680991
0.704024
0.703303
0.671712
0.715746
0.697386
0.688574
0.660145
0.689094
0.659478
0.689703
0.672549
0.732019
0.71716
0.626914
0.720504
0.630126
0.714735
0.706573
0.652426
0.681034
0.703103
0.681967
0.708549
0.637697
0.773517
0.615831
0.734789
0.657582
0.746413
0.689572
0.656725
0.694963
0.73836
0.662786
0.66526
0.765545
0.644836
0.677121
0.693159
0.719974
0.70365
0.638268
0.652272
0.755238
0.00614313
0.409516
0.105781
0.494606
0.135361
0.339468
0.259441
0.261448
0.119014
0.287496
0.212385
0.416257
0.0827428
0.294407
0.324676
0.192649
0.26204
0.306263
0.310854
0.208444
0.285755
0.435686
0.118913
0.360977
0.227132
0.315392
0.27185
0.169361
0.242567
0.462774
0.133428
0.27648
0.205108
0.711772
-0.082644
0.442571
0.178665
0.290024
0.31095
0.267296
0.402648
0.373575
0.0404722
0.284687
0.288332
0.235865
0.105372
0.365603
0.261923
0.163081
0.268167
0.388493
0.116916
0.163062
0.311943
0.216228
0.306299
0.194445
0.369895
0.151227
0.707949
0.712571
0.713569
0.717359
0.638476
0.707067
0.690545
0.742384
0.596022
0.771989
0.656623
0.741952
0.655295
0.739098
0.684096
0.684293
0.652351
0.698609
0.715831
0.673065
0.707817
0.676725
0.695564
0.619597
0.709834
0.631218
0.779113
0.576412
0.779214
0.655493
0.694196
0.656471
0.637599
0.676268
0.650809
0.693186
0.663581
0.714752
0.669883
0.703573
0.616815
0.733921
0.627407
0.720211
0.628342
0.721132
0.686541
0.623794
0.709206
0.691669
0.565815
0.697609
0.58415
0.755766
0.645221
0.639856
0.74866
0.610083
0.668956
0.548591
0.750376
0.657016
0.558369
0.755907
0.684935
0.580935
0.689754
0.610779
0.634802
0.638758
0.635739
0.697452
0.630827
0.686244
0.583564
0.676889
0.633895
0.598365
0.643481
0.716246
0.563706
0.702142
0.619443
0.770757
0.571049
0.712286
0.62136
0.734961
0.703912
0.582443
0.750473
0.739366
0.590276
0.642489
0.754839
0.630793
0.641017
0.698167
0.701314
0.653577
0.695741
0.639276
0.656047
0.662435
0.641087
0.655664
0.72041
0.629414
0.701082
0.687324
0.687915
0.64285
0.760901
0.685906
0.682407
0.729572
0.687839
0.699279
0.626955
0.750646
0.684062
0.712974
0.712872
0.692777
0.730974
0.718734
0.647313
0.795335
0.683129
0.680354
0.641249
0.809468
0.622195
0.698606
0.762052
0.711813
0.634948
0.748658
0.643636
0.738091
0.717136
0.660298
0.761152
0.739778
0.638488
0.688253
0.762072
0.695927
0.611046
0.801203
0.62442
0.737023
0.674912
0.722889
0.687819
0.737464
0.665228
0.719894
0.688212
0.690509
0.668051
0.727119
0.704934
0.721503
0.708623
0.737929
0.660215
0.689759
0.695311
0.711577
0.732704
0.734418
0.635952
0.745025
0.678398
0.704908
0.649771
0.7511
0.668511
0.721364
0.701114
0.70476
0.667707
0.742805
0.643289
0.703362
0.717401
0.657896
0.695501
0.723092
0.692068
0.703055
0.70589
0.700766
0.702666
0.680991
0.704024
0.703303
0.671712
0.715746
0.697386
0.688574
0.660145
0.689094
0.659478
0.689703
0.672549
0.732019
0.71716
0.626914
0.720504
0.630126
0.714735
0.706573
0.652426
0.681034
0.703103
0.681967
0.708549
0.637697
0.773517
0.615831
0.734789
0.657582
0.746413
0.689572
0.656725
0.694963
0.73836
0.662786
0.66526
0.765545
0.644836
0.677121
0.693159
0.719974
0.70365
0.638268
0.652272
0.755238
0.00614313
0.409516
0.105781
0.494362
0.14365
0.325127
0.26427
0.245877
0.12622
0.256576
0.237905
0.380627
0.0980748
0.281962
0.328075
0.188764
0.276741
0.289325
0.317441
0.18304
0.291934
0.408903
0.122169
0.355978
0.214496
0.290621
0.276129
0.115299
0.27391
0.435412
0.180088
0.249813
0.24174
0.688253
-0.0787058
0.438341
0.172696
0.252535
0.368956
0.214431
0.422021
0.357964
0.0594829
0.22665
0.321171
0.219266
0.0905665
0.387975
0.260547
0.123886
0.32645
0.319861
0.142758
0.163266
0.272296
0.174003
0.349889
0.171905
0.36228
0.164277
0.787025
0.596095
0.749358
0.687867
0.600824
0.756773
0.622779
0.773951
0.628313
0.685936
0.629774
0.729182
0.630741
0.620176
0.718511
0.664727
0.597025
0.703325
0.697088
0.611315
0.648801
0.649691
0.660065
0.663303
0.629561
0.712049
0.666793
0.663544
0.688744
0.711535
0.66599
0.676714
0.685003
0.72606
0.630258
0.771397
0.633586
0.735665
0.687611
0.720403
0.610021
0.741617
0.659472
0.718683
0.61446
0.786699
0.631756
0.670718
0.702671
0.71137
0.691148
0.691038
0.637511
0.776586
0.67297
0.674866
0.695025
0.74096
0.622812
0.654976
0.795814
0.649035
0.645535
0.745526
0.694637
0.659268
0.726883
0.658262
0.685371
0.72891
0.641263
0.74085
0.717614
0.703051
0.62087
0.751793
0.679768
0.675151
0.74107
0.691459
0.66501
0.715514
0.709557
0.690664
0.700191
0.700217
0.667087
0.77491
0.703453
0.6161
0.745699
0.738584
0.665514
0.683886
0.770718
0.663552
0.707961
0.699759
0.734191
0.704529
0.718244
0.641852
0.714293
0.713026
0.659716
0.704404
0.727299
0.672518
0.704261
0.738044
0.687915
0.64285
0.760901
0.685906
0.682407
0.729572
0.687839
0.699279
0.626955
0.750646
0.684062
0.712974
0.712872
0.692777
0.730974
0.718734
0.647313
0.795335
0.683129
0.680354
0.641249
0.809468
0.622195
0.698606
0.762052
0.711813
0.634948
0.748658
0.643636
0.738091
0.717136
0.660298
0.761152
0.739778
0.638488
0.688253
0.762072
0.695927
0.611046
0.801203
0.62442
0.737023
0.674912
0.722889
0.687819
0.737464
0.665228
0.719894
0.688212
0.690509
0.668051
0.727119
0.704934
0.721503
0.708623
0.737929
0.660215
0.689759
0.695311
0.711577
0.732704
0.734418
0.635952
0.745025
0.678398
0.704908
0.649771
0.7511
0.668511
0.721364
0.701114
0.70476
0.667707
0.742805
0.643289
0.703362
0.717401
0.657896
0.695501
0.723092
0.692068
0.703055
0.70589
0.700766
0.702666
0.680991
0.704024
0.703303
0.671712
0.715746
0.697386
0.688574
0.660145
0.689094
0.659478
0.689703
0.672549
0.732019
0.71716
0.626914
0.720504
0.630126
0.714735
0.706573
0.652426
0.681034
0.703103
0.681967
0.708549
0.637697
