149.706
124.641
69.4629
140.589
131.672
96.6947
114.097
105.572
145.14
62.3046
133.137
152.466
82.5939
89.7317
129.256
126.606
74.6871
135.055
162.805
65.5617
96.118
172.427
66.7778
119.985
107.134
145.359
71.6556
116.887
143.682
103.478
100.067
114.052
139.668
80.878
123.188
144.511
95.7894
92.6889
145.651
117.087
66.2987
145.257
144.247
53.4736
139.352
140.328
90.1945
102.883
127.856
121.357
78.5973
107.548
190.889
46.7428
114.809
141.754
111.352
85.3631
117.479
164.339
99.7032
85.5015
152.645
99.9104
106.64
74.9874
176.645
67.4859
91.9176
160.434
102.53
65.5229
163.499
98.2641
60.3475
147.907
103.985
105.977
109.919
144.122
116.96
71.7308
194.797
62.2178
123.857
104.767
135.539
144.839
78.7777
152.02
175.529
18.5259
104.776
169.353
49.7006
119.251
135.542
132.782
37.6316
127.937
175.41
26.8641
159.149
131.988
59.8974
175.728
20.9501
217.793
38.4628
126.599
163.254
66.8053
102.642
185.483
95.9845
64.331
136.643
145.272
37.582
105.751
187.354
61.5887
91.1028
173.409
92.2086
149.19
51.299
160.938
104.505
74.5423
150.773
145.233
113.997
103.238
146.755
141.385
25.9256
197.93
63.2143
94.3545
149.666
97.5483
105.991
179.901
58.0062
84.0627
114.145
81.7775
92.4908
94.1339
155.865
102.128
113.773
125.447
118.279
137.742
23.7606
154.505
144.517
52.0583
151.246
151.112
91.0144
76.5294
141.114
136.773
61.8014
119.969
146.221
99.8894
79.6368
138.709
150.371
49.9582
112.197
156.49
80.348
98.5472
149.114
137.84
56.1233
120.143
146.174
64.6894
126.832
125.509
109.409
111.973
87.1628
191.663
96.2231
92.666
155.89
72.5083
100.419
147.764
116.847
124.534
148.486
117.233
71.1864
113.063
145.512
66.8221
112.537
111.72
123.621
88.0788
120.363
135.101
106.552
59.2158
138.389
132.801
64.2088
132.094
164.474
50.9796
157.863
123.726
125.827
65.2264
134.289
129.053
81.79
123.878
177.259
88.8924
91.4043
103.153
155.979
35.4504
121.47
163.289
54.4819
135.973
121.763
134.884
58.4653
135.725
126.864
62.1416
115.533
184.024
58.7951
122.341
94.3412
149.93
95.1391
57.1027
213.501
52.551
91.2981
155.63
68.8086
135.852
99.9301
133.907
56.7824
144.056
167.684
34.1351
135.741
155.222
47.6692
161.839
60.6418
174.82
84.4622
121.821
121.422
121.834
83.883
138.362
91.1954
124.617
35.5062
258.518
57.6594
112.016
122.02
115.264
51.0859
126.453
91.8236
178.083
29.9499
182.234
61.5254
153.183
124.811
58.4198
132.164
144.606
50.6247
185.918
92.3984
173.344
101.735
112.536
137.112
112.103
135.642
46.2896
187.215
139.496
33.3016
216.292
122.929
-14.8464
125.518
91.951
108.361
86.074
151.571
115.735
66.168
104.093
142.759
118.701
99.396
125.267
128.855
110.597
90.6796
190.964
94.2597
89.4194
144.763
98.8487
115.941
135.163
179.325
60.751
127.932
107.375
82.972
74.1216
148.384
50.692
161.742
65.4552
132.098
124.657
151.617
31.52
182.949
43.5543
173.641
87.0823
137.769
138.062
114.916
75.5162
112.963
134.845
104.134
65.6803
165.226
101.122
110.206
101.646
214.708
46.1384
88.0772
116.712
135.02
106.067
112.173
159.207
149.174
40.8395
97.0925
163.954
120.602
-18.6601
222.196
95.6036
57.3659
115.867
197.926
29.3578
148.748
87.0351
113.492
115.437
88.8514
100.055
130.341
124.895
108.831
128.081
179.852
18.2394
167.163
80.8427
99.6923
159.552
57.7148
136.815
141.687
104.391
80.3302
180.925
103.259
48.5344
128.338
159.872
59.8642
83.7356
186.98
77.5391
108.025
112.398
123.915
109.688
61.3279
122.843
169.918
66.4918
119.522
147.884
129.443
66.8891
166.077
126.914
113.317
69.9603
174.916
53.5408
199.583
116.469
74.6908
157.358
95.2765
60.1471
100.734
155.399
81.7538
87.4354
139.293
109.63
122.527
85.9547
127.424
115.083
55.3539
101.691
190.218
58.4792
65.535
169.132
91.6621
95.0432
123.316
159.807
142.287
-11.533
180.873
96.0274
149.081
75.7277
182.048
85.1766
126.001
92.8511
152.173
117.554
95.9781
100.429
90.3809
142.123
132.951
91.152
145.472
60.9184
144.286
34.3264
230.134
73.6175
94.6495
118.336
109.337
146.345
78.3995
181.776
137.187
39.7664
112.812
137.223
149.874
-6.81305
202.66
93.6193
95.2809
90.2255
211.717
49.384
132.84
80.9514
108.273
126.565
87.2787
143.232
84.6514
132.128
119.152
87.9028
163.752
44.454
158.942
55.4525
157.122
146.026
70.0655
138.482
97.8614
137.083
40.8758
180.966
115.714
75.1928
116.322
157.427
132.014
24.2387
189.067
104.721
60.4469
146.945
116.416
104.681
121.806
91.2941
138.001
87.1625
94.1985
152.173
65.8874
110.011
160.678
120.688
104.44
110.995
152.025
40.7179
120.708
175.282
35.7598
169.567
70.8364
143.844
110.23
95.8009
181.335
60.8539
94.2342
163.703
76.195
94.766
161.513
103.916
181.828
18.5021
235.981
26.4515
150.806
122.793
110.509
130.924
171.913
44.8854
149.85
48.3033
130.954
55.6384
118.024
135.559
103.897
80.784
145.256
105.498
132.567
38.72
208.018
64.4973
45.2727
207.901
83.3724
104.895
156.97
90.075
133.792
41.4207
193.5
79.9948
147.911
62.7285
122.446
164.01
84.804
78.6718
251.182
-12.0122
131.926
88.6832
138.245
106.297
95.1249
101.415
123.473
94.2661
123.013
101.007
173.805
44.0166
115.076
110.434
135.877
105.439
120.952
106.036
122.283
92.282
99.8369
150.455
122.508
73.0845
116.987
145.668
121.085
52.753
158.133
136.534
57.8571
118.258
163.053
109.071
86.5573
131.432
116.382
84.3131
140.499
126.354
90.1957
148.228
103.751
90.5281
144.999
56.5693
155.717
61.6914
119.915
162.668
66.9477
131.626
110.94
123.265
60.6664
135.466
152.737
64.246
120.049
166.614
69.7189
115.67
121.938
132.357
70.1603
129.885
137.14
104.055
82.6502
125.796
132.104
68.7562
121.247
173.801
66.3964
111.397
135.643
119.625
70.7096
146.017
118.59
72.1828
122.764
171.867
65.9226
139.572
92.5484
134.347
71.7574
125.985
159.288
115.024
64.6378
144.627
114.666
73.9596
108.14
169.324
62.6814
113.926
140.555
108.296
93.6774
139.973
104.254
73.3992
139.532
131.945
106.69
98.777
126.443
137.394
52.0039
201.994
87.7868
107.467
81.4254
151.996
120.877
73.0573
174.922
151.077
17.0956
126.491
138.845
83.6265
78.8852
133.697
135.784
67.8611
96.9604
215.51
26.8605
121.434
116.746
96.9934
108.296
119.304
163.5
72.0159
125.463
145.563
68.6729
137.126
95.4209
148.713
59.1647
145.807
147.138
89.047
90.378
142.345
111.727
50.5662
162.563
138.944
100.341
87.1765
155.142
105.341
72.2593
170.293
103.243
94.3766
122.86
110.273
106.661
100.717
116.448
125.856
65.1709
109.871
151.481
67.4386
135.237
128.953
114.748
82.4204
136.346
137.696
55.854
159.363
126.636
75.7265
143.882
91.0129
153.963
69.3265
125.487
156.301
79.2404
86.9753
136.388
119.693
56.7984
154.89
139.87
73.5965
107.195
166.523
76.5151
100.118
142.545
108.378
104.367
94.1628
148.283
107.183
84.9848
130.012
141.857
70.4261
126.952
136.843
97.9067
94.4551
128.849
120.115
66.6209
157.149
118.19
59.4157
170.212
101.883
87.7275
162.511
61.6687
162.567
46.943
155.593
134.892
71.9042
141.932
123.325
99.9266
92.7745
99.3753
186.999
34.4027
138.668
170.173
35.6782
135.097
111.207
131.103
78.5799
104.245
130.764
121.037
105.649
89.7725
156.916
88.333
94.4646
134.841
135.056
84.017
106.609
143.072
67.0032
143.349
106.298
112.875
177.857
17.0544
170.956
141.925
62.0225
137.869
84.686
160.005
81.5629
96.3879
195.794
114.463
61.0861
132.701
85.0078
176.481
39.8889
122.699
169.938
44.7742
151.073
93.6964
135.317
139.747
-0.236103
227.565
17.4737
146.884
90.7905
148.7
159.417
53.2479
146.885
204.878
2.12721
156.474
90.8304
161.437
57.738
142.02
153.623
146.488
27.0263
134.052
99.0741
45.5277
118.136
107.953
120.318
133.852
109.18
140.909
114.589
108.042
81.7647
122.665
92.7417
119.999
100.647
193.016
71.0372
139.071
103.309
94.0985
138.271
26.9671
168.093
138.705
43.8842
170.164
109.958
83.3624
107.746
88.1346
165.938
18.4611
209.245
63.0553
135.868
91.62
148.013
80.5187
195.216
26.0682
175.917
67.1014
104.366
123.302
117.072
129.195
116.028
98.853
133.01
96.4854
163.1
63.9639
154.354
106.612
81.6615
101.075
161.118
107.36
70.0557
146.245
168.57
23.6772
136.95
112.105
106.901
84.8573
123.445
193.902
114.283
78.5038
133.916
90.0575
109.545
88.6119
122.907
138.825
61.7625
152.521
111.484
134.491
110.204
127.974
80.8824
81.964
130.032
86.8587
126.316
160.129
52.7549
123.994
187.96
44.0512
96.6805
161.143
140.075
37.3937
130.114
196.603
50.9754
120.147
107.958
137.645
125.568
43.9268
155.152
123.834
63.8723
79.4258
185.111
101.76
55.0585
201.35
93.5329
64.205
144.529
85.6124
117.311
88.6591
119.717
108.411
161.234
74.0361
126.046
127.398
172.447
20.487
173.408
108.014
93.7523
175.67
82.3352
189.056
134.893
3.71971
173.48
94.5774
73.1902
92.2183
189.741
94.9781
32.6503
148.247
154.235
34.8907
97.8853
127.892
65.6057
93.4964
115.545
210.031
78.198
137.304
107.492
101.039
110.57
94.9651
159.094
145.436
50.6976
198.215
74.7202
141.319
96.7527
123.699
89.0237
115.536
140.702
103.07
127.139
135.903
40.283
146.64
111.842
122.198
87.903
129.613
108.002
86.2633
133.477
203.513
34.9439
130.005
80.4581
160.164
58.0419
147.009
150.279
118.248
79.5384
93.1757
156.477
97.3575
41.9257
181.517
43.1979
138.791
115.918
87.5882
125.506
103.4
74.3705
132.557
105.989
161.407
70.8264
123.629
108.697
111.955
107.204
117.258
110.374
120.463
114.17
156.179
69.8132
155.873
74.7443
153.264
98.7213
116.165
129.738
150.001
65.8509
143.14
86.4771
119.733
88.0973
104.025
109.414
160.046
98.217
107.014
134.33
77.5774
95.5151
135.358
71.7527
162.058
84.2491
141.397
69.8313
197.32
82.864
78.1032
165.496
57.7054
118.078
128.323
105.299
152.977
56.9969
203.319
79.0919
128.269
73.6573
149.421
125.984
91.7189
133.97
208.278
55.0627
88.6197
143.8
82.5072
36.5473
165.686
68.8179
121.489
121.33
150.331
9.87564
237.974
42.3038
75.5682
152.807
113.59
77.5333
157.026
91.6859
170.891
123.705
130.901
51.9977
173.527
41.9368
144.483
121.726
144.695
69.0798
182.788
26.8399
158.48
101.206
91.4122
57.7804
180.374
45.9312
146.08
78.8619
188.806
24.5722
154.691
145.712
67.6842
106.806
180.811
28.3369
172.06
93.6681
217.015
74.2007
118.495
70.9434
160.193
54.2597
126.159
130.749
174.301
0.445534
173.519
132.94
89.4677
56.2039
183.293
22.2822
138.317
96.0108
141.153
66.6805
200.656
35.2984
131.546
93.081
155.212
62.9451
142.763
121.751
123.809
113.898
161.238
53.7377
180.9
67.2066
153.652
102.732
109.441
82.2216
193.088
9.64957
188.005
110.712
101.788
40.995
175.508
61.1027
96.7837
106.536
185.936
12.4401
175.803
84.4503
119.952
74.5086
200.502
30.0498
171.878
104.467
150.898
73.454
147.43
73.2766
165.434
54.4397
105.689
176.571
88.4125
50.1883
195.395
80.1488
117.527
38.0971
213.793
47.9492
106.968
152.527
68.1619
103.762
171.295
46.6857
184.966
97.42
104.423
146.274
79.1522
118.844
143.866
103.926
155.755
68.8414
186.304
68.2789
145.207
147.777
-10.5883
229.438
76.9431
68.2978
131.243
165.896
58.378
59.4395
195.405
97.7892
52.3516
138.352
110.571
90.0379
114.243
107.62
188.458
78.6489
100.028
151.801
87.417
113.915
135.639
136.209
98.8454
95.7748
195.673
17.7821
177.9
102.601
79.2208
117.019
106.189
120.04
50.3445
203.5
84.9568
76.271
149.341
115.497
86.4266
66.2338
166.813
126.963
53.1644
127.277
163.738
63.5725
99.9758
115.23
180.695
45.9068
114.978
171.851
72.0144
101.794
141.824
110.551
134.425
1.61558
255.157
25.541
109.747
206.393
29.3788
154.376
92.5337
113.571
99.8498
104.692
161.09
38.6473
160.153
110.04
84.4825
164.735
107.889
99.1783
131.033
77.9916
136.016
119.601
109.741
137.298
139.216
74.5289
120.152
120.946
104.733
20.387
247.368
39.126
102.22
134.677
128.103
85.1011
109.3
132.748
134.485
64.8789
121.48
125.348
132.744
57.1154
174.828
111.444
80.0011
105.506
180.068
49.0264
112.566
178.655
58.5384
141.318
131.419
104.672
105.094
93.1339
151.159
88.863
133.094
137.726
87.3044
82.6542
160.503
117.755
133.092
78.5602
182.185
87.1033
8.88603
206.991
53.5324
111.19
70.3395
140.065
152.63
50.7865
177.013
132.749
38.5812
153.83
46.7354
171.037
65.5971
119.627
155.657
99.0131
149.861
120.364
57.463
167.619
52.452
174.095
61.2669
188.267
171.04
-8.73991
172.487
101.821
42.0282
98.7852
95.7357
160.081
35.9542
164.481
184.361
58.4946
103.765
123.998
85.6067
117.724
95.2603
194.839
53.0133
111.458
194.42
30.8421
150.939
100.854
117.191
69.7428
115.024
160.467
63.976
154.382
126.941
97.9857
130.02
66.6664
194.238
24.3795
171.811
100.675
118.412
87.8985
120.713
146.111
47.8387
144.616
165.805
47.4898
115.358
133.049
105.128
68.8352
181.804
115.767
78.9722
97.8942
164.866
49.7825
149.021
119.997
111.556
103.774
99.236
144.859
97.5977
110.313
148.848
73.1022
119.474
71.03
204.81
15.6166
166.614
130.882
77.1829
108.535
142.763
113.721
48.1113
136.55
187.331
25.459
157.386
133.264
89.0788
65.3396
141.251
151.294
104.811
97.5264
170.338
81.7259
93.4649
121.63
156.267
83.9171
87.9344
154.922
89.6241
104.76
152.858
99.521
113.749
81.4556
157.705
52.46
157.205
140.097
67.8421
113.408
174.536
66.512
91.8896
146.659
157.57
58.1417
124.74
179.441
99.2793
72.5786
116.683
151.953
58.3137
89.3225
160.179
93.1579
75.7863
126.126
167.548
55.0886
109.026
166.782
53.1982
115.019
130.923
120.695
88.2505
113.196
145.426
70.3392
137.317
134.475
99.1009
116.582
131.254
109.433
93.6276
122.33
136.8
94.6149
91.9549
175.526
101.795
63.1027
131.285
148.839
62.937
103.188
177.063
89.9085
78.2802
129.232
150.123
73.8368
89.549
163.936
86.2195
89.4131
141.265
136.514
77.0661
100.332
167.972
68.9425
111.244
148.677
121.022
76.6811
114.096
144.982
81.9746
117.23
126.518
112.305
86.945
136.593
126.155
73.4723
135.073
134.083
84.1823
105.042
157.244
118.048
34.5464
161.854
142.475
64.7041
98.9587
168.859
88.8636
74.4925
140.257
150.31
64.0419
105.807
154.015
99.1991
98.0156
144.992
155.991
56.9469
88.3543
184.822
50.4084
100.151
151.612
140.188
50.6541
132.801
143.375
69.4949
115.643
125.4
103.855
134.047
109.17
121.006
74.3835
126.449
113.029
105.438
110.411
157.262
107.084
89.8074
105.918
162.287
59.9932
107.787
166.976
84.223
101.903
143.563
133.649
67.6517
113.676
181.009
47.1559
120.155
142.968
147.414
72.4706
117.814
186.965
81.3646
67.7059
154.448
88.8621
78.5165
70.2997
193.632
54.3203
101.617
157.336
95.0085
74.7615
142.114
107.996
84.43
118.392
132.623
112.603
103.757
180.066
107.034
76.7422
125.665
105.135
90.0752
100.484
169.516
114.092
75.9972
157.15
99.553
62.4014
127.371
113.729
108.887
60.9731
204.05
114.512
61.9614
139.997
118.935
49.0073
102.12
153.205
129.249
81.083
120.555
200.59
21.4287
133.17
137.657
86.1868
102.216
91.0712
186.793
89.3362
107.771
170.312
49.7805
126.716
111.244
121.501
97.6028
116.535
127.153
93.028
113.215
158.921
95.7034
88.0034
133.716
102.991
68.561
145.679
129.718
89.3151
83.8925
199.013
63.2476
87.8437
146.385
134.648
83.1209
124.71
159.684
137.897
48.397
112.281
155.261
38.895
116.556
157.362
93.0564
76.5363
125.117
169.607
27.9314
151.236
158.832
38.0567
129.138
136.769
98.6246
104.859
110.614
154.148
63.7644
112.717
174.69
80.1865
108.098
117.467
130.838
68.2625
105.254
176.242
74.3697
104.237
172.821
86.9606
109.352
115.174
137.61
65.1417
131.172
144.628
106.776
105.966
134.594
118.417
50.5883
135.158
135.053
86.8989
91.1374
145.932
122.138
60.4368
154.631
132.233
67.8801
108.21
150.759
92.1032
102.368
119.019
151.031
51.914
130.617
154.734
82.9625
100.499
126.547
121.384
79.6125
120.074
169.342
62.6602
110.459
157.931
90.6906
95.0071
132.796
129.755
69.651
129.838
146.009
105.808
88.5512
125.009
133.236
55.8727
139.292
140.607
88.0257
61.916
166.146
108.098
71.3828
147.448
137.339
62.4383
122.475
130.837
119.188
92.3972
124.991
142.335
68.0142
120.883
167.588
82.0946
99.7306
109.091
155.108
55.7452
132.389
173.375
48.5707
116.168
153.247
80.0559
108.105
116.593
132.88
58.5924
170.848
122.867
106.955
91.3615
119.766
120.423
76.4481
122.964
185.278
59.6718
86.5853
164.07
105.162
57.6246
162.871
124.915
61.473
110.764
177.978
82.9545
103.701
116.031
127.251
62.567
121.018
146.528
100.282
86.4321
131.231
140.997
121.161
80.334
191.315
43.4616
115.398
157.932
101.434
121.246
142.222
104.027
56.5569
132.905
146.315
55.6822
123.721
117.307
105.016
76.7467
154.434
133.495
86.0144
89.1549
148.521
109.01
67.7053
165.356
119.049
71.0423
131.62
147.405
100.722
81.0121
141.379
121.512
60.1457
136.767
137.515
88.1119
64.9126
143.71
140.379
62.8976
136.867
165.06
50.7325
109.427
153.138
95.9314
107.192
112.853
141.625
75.2646
124.681
162.39
82.6028
114.794
101.571
137.569
69.3567
123.187
165.557
74.7832
99.7661
165.574
97.521
80.6177
134.079
127.55
59.7467
141.779
145.198
105.238
89.8703
137.525
114.15
60.1891
142.411
133.693
86.5781
84.1306
136.568
134.175
64.7307
149.976
142.199
62.7017
106.707
147.573
100.755
99.9073
121.671
155.519
51.8028
129.393
163.513
71.3611
109.705
115.331
134.41
78.4396
115.351
164.37
102.011
63.8798
181.384
72.3621
104.754
103.81
155.983
66.1139
149.579
132.208
96.1356
107.822
123.95
93.1952
90.5251
120.353
139.749
84.1073
122.314
124.627
123.575
62.7721
131.941
133.748
71.3057
134.21
135.408
115.348
83.1759
131.392
185.342
18.3302
154.811
124.629
88.5014
118.981
134.764
161.694
83.661
86.7866
159.697
49.2691
108.202
144.542
95.4722
84.7269
102.756
146.36
93.2277
93.6593
175.477
67.3671
86.4599
136.616
118.339
107.423
99.4922
156.363
95.2231
98.2655
127.541
141.552
67.9795
128.131
139.243
110.152
83.1595
171.299
64.167
96.0569
161.587
115.197
81.9604
182.163
74.2925
86.7868
95.9507
134.845
104.503
104.275
117.861
153.705
76.1505
114.182
154.242
104.041
77.317
103.537
171.564
39.8275
93.8121
206.62
51.4426
114.331
125.355
112.913
79.5089
95.3484
135.173
114.809
104.616
160.734
116.199
100.57
114.223
132.396
83.3615
105.654
166.693
91.1792
85.3822
143.862
128.525
54.6607
155.079
117.003
122.422
81.7825
108.478
157.501
72.6536
111.464
168.695
65.5846
99.0137
138.005
111.071
83.4598
144.701
137.821
43.4934
153.625
131.178
78.5724
120.102
134.676
103.571
87.4475
175.796
106.14
109.341
82.7707
169.864
108.868
75.8124
143.117
175.249
30.6761
64.5734
192.121
76.9415
78.1893
115.504
150.284
25.8351
117.338
156.437
88.6362
117.992
137.137
96.5682
114.922
86.8801
178.512
60.6004
162.582
75.8999
160.961
72.4237
141.15
134.11
72.7171
121.512
138.379
52.8807
154.271
85.3918
169.675
46.5829
136.609
158.476
90.8355
39.5195
264.456
2.66467
128.314
110.473
150.725
25.9995
166.792
134.079
54.6819
138.616
128.522
63.8082
151.595
57.2801
181.335
56.9491
152.854
66.6605
167.385
40.8944
129.322
144.705
115.548
35.9774
256.399
9.28829
124.896
170.043
77.7927
71.7496
207.29
32.0833
127.897
119.291
133.333
73.5492
135.853
125.826
97.0788
137.71
72.3217
120.106
125.587
80.3563
132.606
157.347
75.2262
105.514
160.582
80.7257
107.71
133.621
170.546
-10.8555
217.77
80.6508
71.1193
175.777
136.488
51.4584
186.926
81.2947
103.984
120.673
103.89
115.786
106.189
107.058
122.907
91.9444
170.094
34.2143
192.092
70.3706
107.011
141.821
76.6975
145.838
109.298
154.01
72.7204
115.41
267.291
-47.8153
193.168
143.185
105.915
100.319
230.324
34.9659
172.808
40.1786
88.8869
120.355
106.411
99.1634
135.773
110.663
24.2685
144.917
189.986
-16.2793
176.65
120.283
45.0431
113.476
156.144
118.493
81.4501
141.933
48.2371
165.025
126.666
108.573
112.673
152.533
93.0702
80.9686
211.161
62.9717
117.166
80.4301
138.519
124.168
113.718
99.642
170.642
72.4105
7.53044
200.256
120.989
24.3114
117.326
162.468
85.0131
89.3859
168.999
112.658
61.1634
74.3584
149.643
145.232
58.0748
205.737
105.926
101.985
88.3996
162.912
71.1106
97.5148
147.693
115.989
114.575
136.162
134.407
69.4219
100.373
103.734
127.069
79.4078
123.22
127.484
117.196
90.6117
160.154
114.074
71.8468
139.347
97.1283
125.593
183.307
84.1161
110.359
125.382
95.2938
103.028
82.3516
171.778
93.4924
75.5316
129.002
130.091
97.9243
84.4431
112.688
146.117
22.6154
156.356
142.582
75.5116
132.43
100.886
134.161
63.3419
128.384
152.077
75.1756
110.621
139.776
179.037
27.2892
140.583
154.036
40.2058
158.904
142.283
108.847
127.5
109.301
96.2718
78.8738
140.873
115.563
89.8607
98.2623
130.46
118.24
96.117
107.738
168.281
95.3918
38.4544
209.229
83.1812
99.1353
123.409
140.733
78.5046
145.256
133.554
75.3734
109.764
109.906
78.8046
115.768
106.731
142.011
70.2097
139.743
111.437
134.713
93.6652
113.984
143.723
41.1235
149.18
138.794
92.9959
94.4385
153.775
89.5981
81.276
157.375
122.048
88.8675
60.5795
143.492
133.789
59.8934
151.843
148.413
67.5017
75.6213
152.184
109.505
90.5518
138.22
131.204
83.7204
135.525
138.178
98.0069
96.8512
112.685
138.599
72.1895
120.733
172.659
97.429
78.0442
146.129
122.273
54.9393
140.172
138.188
71.0768
147.776
140.489
79.9508
112.107
126.59
91.9809
114.923
85.9941
160.373
70.4475
131.64
115.516
139.692
78.2312
113.443
147.478
59.2863
117.694
175.932
64.834
124.702
122.929
163.016
26.9623
188.796
85.0152
118.991
104.751
128.563
161.043
95.6188
84.6982
157.738
56.9298
121.942
84.6684
199.987
-10.9023
169.658
98.9459
95.7313
136.543
146.907
67.5454
112.141
103.119
112.528
88.3627
164.486
109.168
102.024
85.2564
141.241
122.6
120.393
55.7871
211.476
30.4494
113.625
181.28
60.5865
95.0361
148.776
93.3563
121.703
81.6446
187.53
31.3705
108.856
112.461
142.967
95.9894
134.538
129.882
93.5056
87.4243
178
87.461
103.062
119.802
130.512
64.2423
161.161
121.237
109.003
70.7264
136.931
119.473
74.1726
134.374
131.692
87.3659
94.3147
119.748
144.079
65.0496
116.698
143.921
65.6879
144.208
145.096
95.6215
111.313
125.893
113.636
83.1804
157.062
135.299
71.5014
119.172
130.58
130.015
69.2406
129.482
147.929
99.013
60.3079
193.452
91.3761
84.0448
113.372
138.053
68.2191
149.812
135.705
87.2007
100.466
140.453
81.9684
100.026
117.523
140.775
63.6754
135.255
121.266
141.758
82.6632
117.739
146.692
51.328
139.842
140.054
100.815
94.2095
133.572
162.638
31.8669
170.134
126.742
81.8285
91.0936
120.2
160.197
109.759
78.328
160.704
55.2101
79.9139
117.029
110.285
108.421
128.944
107.74
115.44
133.772
127.707
83.8018
99.9289
140.103
88.3327
117.006
131.467
170.209
66.6684
94.0249
148.609
121.971
58.8771
149.468
130.983
62.4113
89.272
182.013
95.7021
67.9133
162.593
90.1919
78.3737
115.348
139.452
104.953
110.692
96.9457
151.131
89.0165
107.816
155.013
85.7245
110.461
133.979
109.834
109.916
122.796
132.894
59.1894
158.926
112.144
89.6131
127.849
99.7943
144.417
63.0319
137.496
147.761
67.905
100.509
146.122
123.66
57.4982
156.371
130.22
54.6132
140.463
146.601
76.1837
119.067
118.614
113.187
84.4496
130.075
151.166
84.3005
96.8973
134.534
131.426
74.7772
114.491
181.047
46.7324
120.447
159.047
80.7498
108.601
117.828
125.796
62.1931
156.191
140.358
81.54
111.947
120.695
117.63
69.7607
128.957
147.35
101.79
62.9372
174.295
98.7511
68.5646
143.352
123.969
62.9937
164.981
135.699
80.8744
121.499
130.591
75.2202
111.117
113.944
150.93
74.8689
117.78
128.129
122.039
114.653
78.3207
161.188
64.3567
104.983
162.131
85.5646
114.013
147.573
134.597
35.3398
191.193
108.139
80.98
99.8888
151.997
121.17
109.931
114.686
124.174
62.7932
92.4348
99.0578
150.26
72.8846
136.117
121.149
104.406
115.078
137.837
119.459
49.4949
144.424
131.028
92.8895
133.607
155.284
98.7199
107.061
84.5195
147.528
102.785
96.5695
121.625
90.4167
144.427
93.0632
95.5998
133.424
99.9482
102.101
88.8254
174.095
109.94
64.8697
147.75
91.6028
118.288
85.4345
152.113
143.56
44.987
160.077
132.328
78.8358
125.862
91.5534
158.727
47.5375
120.847
155.606
86.1395
98.1068
143.9
88.6754
141.625
40.7681
188.86
82.7045
111.675
115.089
116.295
130.457
115.375
86.2535
172.476
81.2948
62.8689
128.301
135.527
79.3262
120.429
143.958
137.712
51.8797
162.345
86.3401
113.916
124.051
89.8593
137.952
154.424
57.9008
176.169
79.523
144.846
81.0952
174.426
105.08
103.408
114.06
128.749
102.61
153.941
29.8936
201.095
66.6569
45.5342
191.644
66.1938
103.187
118.022
108.118
116.231
103.614
104.293
105.024
108.629
92.5806
93.1331
146.68
103.531
98.6508
143.178
133.528
124.1
130.225
98.0667
115.825
117.664
72.1998
123.907
180.197
41.4101
105.601
173.139
103.879
115.512
77.7973
176.685
47.234
91.5884
152.715
79.4457
165.873
52.3664
108.639
126.822
96.3189
117.684
126.298
121.146
101.006
106.973
165.903
90.044
113.133
97.7241
116.535
137.177
97.5559
110.001
193.268
92.5404
58.088
146.738
137.585
52.7503
57.6587
223.945
63.8784
111.79
140.878
116.27
77.4557
100.191
108.756
148.352
79.5686
132.482
118.192
128.546
93.43
141.453
159.342
45.3247
114.416
163.477
65.634
145.818
180.592
60.5744
160.785
141.249
38.8266
104.75
119.516
97.9759
60.0535
180.11
108.705
107.819
127.185
94.0484
115.979
112.395
41.5089
181.805
72.6285
105.914
101.063
198.943
29.1948
138.05
133.208
75.5648
95.0951
191.145
32.8999
125.902
140.386
124.796
63.99
191.902
93.117
112.908
101.169
132.963
92.8258
146.313
62.4209
176.115
94.596
109.124
106.619
187.166
4.78436
143.933
130.166
62.389
77.0354
202.037
29.3787
125.594
137.355
100.602
59.6615
196.125
48.7496
123.13
117.839
180.254
77.1294
153.116
112.499
185.38
52.289
90.2208
154.892
127.12
36.4742
112.279
197.451
25.554
78.6706
207.772
44.066
122.049
102.85
130.949
83.7446
92.8744
115.948
95.7075
124.407
121.059
106.566
162.447
91.9146
92.648
140.268
108.555
98.9254
133.538
99.7606
144.494
109.862
101.614
99.3247
223.716
43.565
72.4147
229.14
65.7982
76.4725
137.268
142.176
90.4082
110.033
120.04
121.915
88.7457
93.7459
131.733
127.556
81.9838
131.622
154.13
40.3337
104.204
188.318
22.3455
123.949
157.544
74.9944
98.2496
167.628
91.0109
76.5278
191.207
90.8137
86.8978
142.921
140.597
82.185
124.81
151.439
141.455
122.921
71.1036
161.179
99.6773
62.8928
103.503
178.694
21.4771
83.9045
172.035
60.2516
117.51
131.687
79.2709
82.2729
127.791
126.316
75.5595
193.553
73.3136
82.0145
163.508
97.4418
143.496
131.915
102.872
132.465
87.9387
133.905
146.082
96.0581
100.84
83.3912
138.047
51.3759
102.132
185.634
40.0971
73.9396
162.894
91.5028
119.363
75.7294
147.155
75.8704
104.7
160.801
99.1443
145.757
100.811
143.919
175.416
43.3672
192.473
127.59
63.1745
66.1947
183.616
79.6542
89.4342
113.92
124.807
79.6286
144.566
86.2577
127.666
114.484
87.3274
116.233
176.118
67.5197
182.367
68.1608
124.331
117.42
99.5937
112.385
129.147
85.7463
78.5219
177.415
122.807
72.0203
117.889
187.979
42.7319
66.3395
233.332
63.2047
100.432
63.9557
183.357
67.2208
117.57
92.5491
162.946
97.5836
45.2094
170.582
132.585
44.9037
151.456
96.0569
143.368
48.811
174.771
54.0753
170.947
68.9554
100.191
169.784
101.78
70.231
133.323
157.965
55.7127
118.96
141.538
128.312
88.9926
41.3379
247.542
35.531
106.351
72.3633
229.715
64.9886
30.0863
218.305
68.4297
110.075
65.9082
174.064
143.745
67.1042
157.693
69.671
167.647
22.6725
167.609
125.97
85.5132
136.9
101.699
141.234
83.4293
143.199
70.6229
158.581
68.2897
117.982
154.324
86.1817
131.789
42.3604
226.034
78.8152
94.0637
123.881
111.344
142.946
6.52903
239.343
126.006
113.723
85.6184
114.956
121.89
33.1555
169.421
121.577
110.638
82.9947
159.617
88.1445
125.698
93.3911
111.217
113.02
68.1021
175.539
98.355
113.978
144.864
54.1157
141.54
66.0956
174.281
23.4588
194.805
91.6462
83.5639
116.949
141.158
95.0302
57.3343
180.354
104.934
84.1628
143.765
99.8893
126.869
29.6498
210.012
109.124
134.235
40.8894
212.781
43.6679
118.89
124.562
141.384
108.056
72.3253
154.58
94.1593
119.273
152.02
68.3614
117.392
70.7441
187.973
26.8958
157.092
149.173
57.9732
100.264
156.846
107.029
73.7824
92.9661
171.239
43.8571
174.493
126.604
142.355
50.9216
154.982
87.1802
165.795
43.548
190.063
55.4968
138.959
66.303
175.577
98.9315
126.524
81.5389
109.211
115.885
154.737
67.9056
155.307
82.6379
129.994
62.4167
136.164
162.942
62.9708
67.7358
219.327
29.1759
147.698
84.0434
158.737
79.4526
80.8157
171.507
149.709
46.4801
172.219
66.4582
170.228
20.6127
176.27
132.648
133.376
34.2179
209.884
90.1418
96.9011
105.522
140.01
42.8598
132.356
103.689
113.734
92.7419
152.424
80.8639
128.62
71.6025
151.748
60.5852
171.057
77.1681
150.428
75.5118
142.566
121.89
81.246
121.382
186.652
4.18066
172.432
98.4799
161.077
38.7108
185.823
116.583
66.1783
84.6493
182.347
29.4065
157.317
80.0481
154.64
20.868
211.12
111.187
102.905
92.0839
191.824
16.8903
156.438
79.6166
190.692
50.7151
164.14
76.6221
149.868
15.6742
203.038
49.5682
156.767
29.7004
233.223
7.33523
147.404
130.584
103.785
54.4267
202.589
70.9863
148.944
68.0625
183.31
62.106
157.177
85.8635
184.263
34.6267
177.165
45.2718
153.157
91.9535
131.135
144.696
68.1127
97.735
175.818
12.2336
186.908
76.7411
135.835
37.3371
208.699
87.9366
104.747
105.327
162.152
27.836
157.627
115.773
123.317
93.3766
150.899
101.949
116.352
77.2297
162.418
44.9544
115.775
81.3012
175.572
48.6212
145.187
139.372
80.4114
139.969
110.25
124.481
81.358
115.163
139.593
91.1132
175.388
118.049
125.272
42.9705
203.068
69.5268
106.389
101.013
145.521
61.3096
135.554
111.614
161.869
54.0773
133.011
87.4633
97.0786
102.53
143.721
96.806
110.773
94.2721
166.408
65.7827
134.329
149.325
59.3803
138.806
106.45
137.214
89.4427
104.786
151.819
59.1135
139.822
133.652
84.3456
105.559
132.814
98.6903
106.66
125.903
140.543
65.2324
126.687
104.009
160.899
36.7881
166.907
124.523
82.2858
105.482
142.63
110.704
56.7161
139.063
122.08
80.1478
154.797
120.07
98.9535
103.571
131.738
131.452
76.3857
111.774
159.687
63.1126
109.113
147.934
128.642
81.48
116.789
132.91
78.4819
116.414
148.458
81.6123
124.567
110.604
140.327
68.3718
141.022
134.075
77.6386
112.124
119.517
140.335
57.2541
131.955
162.307
46.7527
141.296
146.479
73.8066
108.619
123.386
122.308
82.1706
141.884
152.63
72.2759
115.807
118.169
132.76
62.0221
107.281
180.694
54.2153
108.566
170.49
102.37
78.0355
121.89
127.401
69.2019
125.169
149.251
91.258
121.187
130.938
93.0375
108.623
108.069
125.478
88.3282
110.094
144.469
124.758
94.6956
130.751
141.116
60.2536
118.467
157.631
75.3314
105.444
143.813
107.653
89.2361
129.682
148.139
67.4927
111.31
129.784
106.869
71.8838
133.558
149.548
81.8729
90.5244
144.921
110.649
55.3611
122.483
131.594
94.269
130.543
138.221
112.832
104.234
143.259
102.212
78.6021
144.388
124.397
90.224
109.554
155.619
114.809
73.1674
133.562
146.779
70.7944
118.395
123.292
121.198
86.1583
124.34
151.932
61.9196
128.849
151.707
64.0118
118.451
134.689
129.049
51.5213
138.217
153.593
58.9897
139.168
123.466
110.786
95.1818
112.594
141.638
87.607
139.46
119.962
101.15
98.9388
146.305
112.705
60.2791
139.15
149.491
42.7962
107.626
165.503
117.711
46.4076
151.535
136.897
67.0575
115.874
150.406
95.3515
121.684
108.37
138.219
94.4874
102.001
150.93
80.4772
104.217
138.202
120.583
82.2092
117.086
153.751
57.6706
119.844
132.044
119.8
82.4001
135.049
124.121
83.6086
147.371
148.651
76.6811
127.564
129.925
110.177
63.5773
175.919
130.71
73.3661
98.2502
127.263
120.853
55.1062
126.228
142.68
104.208
76.0667
144.983
116.466
80.9799
125.367
137.9
62.1295
164.483
157.065
40.5059
143.411
134.831
82.4349
92.2825
130.768
153.927
58.6964
149.045
115.521
97.0189
120.945
85.5931
143.069
80.0643
111.785
154.363
92.4316
95.2484
141.647
166.503
4.99245
159.436
146.249
63.1853
117.443
160.225
122.842
111.254
106.668
108.276
93.686
107.833
66.0026
141.024
120.048
77.2111
151.661
108.851
101.343
143.936
88.379
77.4505
158.345
91.5042
90.8116
135.965
178.801
36.9517
165.504
111.311
88.6678
124.642
115.128
118.766
106.21
106.368
145.838
71.1803
126.06
119.73
125.47
65.2641
117.395
152.242
67.2278
89.4435
168.338
94.8845
86.8191
125.823
148.402
64.9303
137.038
110.046
114.431
103.371
146.878
112.18
119.973
108.848
145.163
77.679
95.8619
119.121
145.64
57.923
125.868
161.875
79.6206
102.841
152.193
98.9468
97.213
104.619
159.458
86.7748
122.424
150.398
84.5926
106.943
135.399
122.595
86.4716
114.946
145.298
60.9887
126.223
123.788
128.678
79.3352
124.3
115.809
93.3335
133.723
127.506
96.6846
96.4809
138.948
120.613
61.3628
152.384
138.584
58.0358
82.4381
210.777
74.2185
84.4571
122.025
144.525
70.5819
105.528
155.029
135.317
80.0199
98.5958
164.202
83.1964
78.1352
174.366
78.3217
88.7854
107.813
172.593
47.5586
133.557
130.418
53.1908
143.815
108.944
123.852
113.226
119.201
118.45
92.8496
204.816
79.518
131.001
95.5492
141.04
103.198
84.7092
143.37
186.153
20.4771
85.4955
168.345
95.569
16.7619
159.096
131.307
50.4787
116.384
169.554
80.6801
114.527
65.4832
164.093
77.6521
105.17
180.939
84.6315
102.849
125.349
141.036
76.1462
114.931
174.468
51.7386
136.656
120.231
125.645
104.575
111.597
120.81
99.5432
111.713
148.117
94.3901
104.831
142.06
99.1305
100.308
99.7781
158.02
63.4645
100.612
174.208
97.8716
105.469
134.338
117.161
71.8906
125.812
121.49
94.7183
131.34
94.2846
153.056
56.3505
161.617
125.832
82.2018
95.2295
120.756
137.934
54.0531
122.678
170.459
41.0333
130.096
145.389
103.191
106.235
121.324
124.945
75.4979
143.82
126.964
102.55
106.46
148.538
94.7272
94.5141
99.8389
160.883
61.3086
84.2834
181.879
91.4363
110.871
107.024
152.271
50.1608
131.246
108.95
112.317
81.2075
155.047
106.01
104.553
117.857
168.315
49.4348
94.7257
140.278
117.597
102.218
103.787
197.034
53.3113
107.276
148.801
93.2318
88.6226
133.509
100.339
108.628
104.416
182.91
54.3457
110.93
146.486
66.8732
106.743
98.5442
167.584
67.8059
128.283
136.064
143.845
54.3871
142.917
109.961
77.682
139.406
138.462
104.359
111.6
143.747
94.6678
78.4877
164.902
104.951
93.5467
122.935
130.032
120.797
65.2528
146.745
105.685
99.6122
95.7788
138.912
114.122
79.4775
131.947
149.493
71.9904
111.441
159.093
63.7132
98.4808
145.246
131.209
69.4152
122.298
156.45
67.8828
129.232
140.77
126.133
86.7137
99.8742
144.056
89.4968
114.254
149.029
86.898
147.58
52.9102
170.406
33.5134
126.323
146.96
47.1116
118.811
179.19
54.8276
131.855
85.8656
173.804
25.4078
190.846
111.246
99.7697
108.246
151.228
73.9588
124.146
107.39
165.538
79.1159
75.6642
193.935
85.376
59.6287
149.108
113.808
126.543
2.73748
243.154
79.0555
111.437
93.3435
139.462
66.4866
117.541
101.385
166.756
44.5793
223.513
10.8409
180.935
70.4589
144.918
24.1409
210.552
12.2697
187.576
97.6504
146.965
122.464
67.1657
149.847
102.202
108.278
118.75
145.954
132.261
30.9735
176.788
141.055
73.5675
54.5428
199.519
74.5622
72.2698
151.759
147.837
86.5925
120.51
94.5392
133.997
65.6222
140.472
63.7521
197.696
54.4053
163.303
115.212
146.252
42.4214
172.178
40.8226
180.124
129.792
59.9072
175.99
115.54
59.0259
103.533
140.59
80.8261
59.1542
178.492
82.2855
117.489
100.928
164.477
84.717
59.0792
149.512
112.71
70.0575
103.764
129.181
143.918
66.4035
148.616
163.31
117.167
13.4117
193.221
70.6557
127.562
70.2352
209.762
55.4727
141.091
120.91
56.2117
185.208
76.9132
84.7177
133.54
99.2909
147.256
71.7911
198.22
74.0826
135.8
73.6647
106.177
160.937
48.6119
159.848
143.686
68.5881
97.8057
167.884
82.4328
77.9342
104.179
183.606
17.8602
117.531
179.99
80.1949
145.425
74.7886
151.83
149.146
54.6694
128.357
109.869
138.93
90.0871
149.302
148.282
114.694
126.895
44.6061
131.144
172.906
39.3745
113.092
194.166
50.1224
72.9304
151.545
148.851
72.4967
70.5757
213.02
26.8201
154.133
57.9996
185.074
147.117
45.2969
180.638
168.286
28.5162
117.944
104.548
85.126
70.4118
131.661
89.3978
113.682
138.773
113.347
122.071
159.668
20.2247
114.663
145.013
88.5307
147.874
108.657
175.862
89.4862
61.2984
118.816
148.774
75.4139
45.0466
177.051
110.682
123.224
54.7294
214.168
73.7962
65.0083
94.9035
142.305
125.23
85.6255
133.311
125.846
103.595
134.421
84.5032
