0.0496807
0.0885316
0.118945
0.154043
0.0377501
0.0907209
0.127798
0.17586
-0.0143919
0.109332
0.116562
0.129507
0.0564916
0.0712585
0.116512
0.141099
0.035244
0.066821
0.0961503
0.147311
0.0662009
0.0242979
0.178664
0.0430587
0.155532
0.0327356
0.102935
0.146427
0.101715
0.0527467
0.129083
0.0748318
0.172655
-0.0368265
0.144461
0.1202
0.105983
0.0361492
0.102255
0.126941
0.173898
-0.00260136
0.146938
0.125287
0.119014
0.0481804
0.0951575
0.206296
0.0637512
0.107289
0.154641
0.112721
0.11496
0.0627369
0.0799026
0.185034
0.0291728
0.141589
0.104549
0.126645
0.0571617
0.121531
0.0903061
0.0851399
0.0861591
0.116307
0.0601925
0.125766
0.136586
0.0910687
0.146784
0.0869162
0.0706783
0.138128
0.044456
0.116888
0.111552
0.108196
0.052361
0.0829317
0.128913
0.0868148
0.0408558
0.15698
0.010096
0.181549
-0.03052
0.12236
0.170821
0.104217
0.0225283
0.114094
0.110741
0.0759194
0.059483
0.161937
0.0652931
0.141594
0.0603118
0.107021
0.155107
0.0969614
0.036512
0.0996377
0.127015
0.0681728
0.139678
0.0723726
0.0950299
0.143908
0.114796
0.031584
0.155344
0.106797
0.0791781
0.0714782
0.161928
0.045511
0.226936
0.0170034
0.125356
0.157187
0.10375
0.077368
0.190979
0.0842443
0.091509
0.126061
0.0982659
0.0896706
0.219483
0.0164712
0.130798
0.104981
0.0338249
0.120487
0.107918
0.0610121
0.116761
0.104685
0.098689
0.0594852
0.163596
0.070201
0.130271
0.0929704
0.0489938
0.1702
0.110102
0.0560734
0.0976535
0.132061
0.0936291
0.0114196
0.0750163
0.11887
0.0337625
0.147117
0.049291
0.126991
0.162033
-0.0160085
0.135652
0.154692
0.0823598
0.117261
0.0753994
0.0940571
0.158332
0.0776807
0.0605664
0.110898
0.185352
-0.0231659
0.0783936
0.194681
-0.00521728
0.18793
0.0554887
0.0957659
0.120595
0.1216
0.0238031
0.176396
0.0235334
0.161346
0.0553186
0.157432
0.0665651
0.14129
0.0647797
0.0425208
0.1344
0.120166
0.0412011
0.0951717
0.117967
0.000806164
0.191469
0.00725034
0.134676
0.0449193
0.123764
0.0995058
0.110515
0.0894216
0.142344
0.0567857
0.130409
0.0342684
0.195745
0.0801038
0.0164401
0.138133
0.100448
0.0964662
0.0746694
0.154607
0.0929918
0.103796
0.0449012
0.14216
0.125154
0.123788
0.00243245
0.148444
0.122652
0.0260937
0.0616682
0.164172
0.0241694
0.144629
0.0409792
0.107944
0.118365
0.0352969
0.1135
0.0670447
0.147403
0.035416
0.141126
0.0969741
0.0690618
0.10377
0.107259
0.0053724
0.17102
0.0755421
0.096371
0.0439855
0.139161
0.0832568
0.126581
0.0466544
0.0454655
0.227304
0.00799044
0.0791836
0.148804
0.145369
0.0551836
0.0726878
0.152977
0.0920824
0.111071
0.0674383
0.0893548
0.22923
0.0224779
0.0811419
0.151791
0.0152613
0.175321
-0.00820407
0.176484
0.0681436
0.112214
0.0784311
0.0476335
0.210126
0.0722846
0.0392228
0.0926541
0.0838653
0.051786
0.159548
0.0267967
0.151696
0.0751137
0.069968
0.0785995
0.134654
0.115164
0.0869011
0.0682889
0.0992929
0.109483
0.12176
0.05834
0.0491647
0.225943
-0.0531785
0.116483
0.136897
0.110492
0.120904
0.00335032
0.141183
0.0816904
0.162563
0.0416489
0.191004
0.0900906
0.0999958
0.0706162
0.218312
0.0527258
0.191417
0.0219375
0.107768
0.10511
0.166675
0.0804166
0.128803
0.104612
0.0195833
0.177461
-0.00326814
0.185773
0.0703163
0.138894
0.068233
0.14582
0.106862
0.165693
0.0983425
0.126349
0.0743967
0.1589
0.0596928
0.153953
0.125165
0.0592284
0.0889574
0.0387899
0.181875
0.0343587
0.17986
0.050937
0.165776
0.0709534
0.136267
0.117142
0.163392
0.101506
0.075875
0.101707
0.185572
0.0863471
0.146124
0.100682
0.0809398
0.0906086
0.0209195
0.214279
0.0889772
0.104114
0.0294153
0.132636
0.0908698
0.0940662
0.142835
0.0923296
0.116451
0.0289987
0.135837
0.15334
0.0860121
0.0957613
0.0506088
0.0559673
0.139182
0.014778
0.147172
0.0334496
0.126963
0.0305694
0.0354751
0.159804
0.0251678
0.161366
-0.0128811
0.130651
0.11427
0.127354
0.0892543
0.138063
0.0502978
0.195499
0.024283
0.185359
0.0815938
0.161538
0.0280815
0.0885111
0.177558
0.107558
0.0824297
0.155949
0.123916
0.0660761
0.103234
0.0886227
0.184592
0.0747015
0.117701
0.100433
0.175764
0.103775
0.128006
0.114199
0.123846
0.0860543
0.156821
0.0334215
0.150735
0.157587
0.00123874
0.0714432
0.159616
0.0650419
0.10131
0.0528673
0.132711
0.118753
0.109268
0.056814
0.206881
0.0748312
0.0201894
0.1272
0.128145
0.0379188
0.140398
0.0521429
0.0879652
0.111808
-0.00267971
0.125264
0.104901
0.0662703
0.0571184
0.166084
0.00113351
0.175147
0.0268758
0.139907
0.0841674
0.119151
0.0489637
0.148693
0.0516794
0.127124
0.104686
0.0377466
0.0710086
0.12089
0.135912
-0.0140462
0.124101
0.0896119
0.142811
-0.0117822
0.108633
0.144467
0.177301
-0.0623685
0.156878
0.135293
0.121846
0.00204949
0.106413
0.123066
0.0788076
0.092501
0.0806204
0.129049
0.103662
0.0224974
0.0889055
0.190419
0.00330228
0.192492
0.0167313
0.160601
0.0787738
0.0875905
0.045648
0.180832
0.0516868
0.120108
0.0217295
0.201543
0.031803
0.145628
0.0336021
0.136461
0.115179
0.0865008
0.0553646
0.140346
0.130516
0.0901156
0.0367629
0.184048
0.0745499
0.0774289
0.0590525
0.131795
0.134486
0.091595
0.0441927
0.163243
0.095854
0.0655193
0.0795022
0.139492
0.103192
0.110284
0.0785443
0.119578
0.13154
0.11866
0.0477262
0.115822
0.128256
0.0533775
0.110866
0.1064
0.129392
0.0739519
0.0783957
0.129853
0.123083
0.0755855
0.0512261
0.167444
0.113653
0.0574176
0.120164
0.111581
0.100044
0.0967078
0.0853227
0.0965211
0.112603
0.0863545
0.0344167
0.149065
0.097528
0.103857
0.0661421
0.091693
0.110709
0.0961399
0.0247836
0.180723
0.0935055
0.130709
0.00307281
0.142192
0.150244
0.0793106
0.0413978
0.143188
0.116721
0.130768
0.0228513
0.113454
0.205509
0.0487313
0.053296
0.135762
0.200228
0.074067
0.0161091
0.138449
0.148134
0.0785486
0.089853
0.0876652
0.196976
0.0524476
0.0578925
0.194222
0.106801
0.130334
0.0704798
0.114534
0.169566
0.0777538
0.126728
0.0659834
0.171685
0.0831904
0.0575621
0.0921277
0.142298
0.0643154
0.148968
0.0605106
0.145973
0.0665479
0.117575
0.0369405
0.216719
0.0368016
0.134659
0.0424689
0.178587
0.0705235
0.101993
0.0481754
0.122089
0.0939622
0.0840447
0.0520184
0.188615
0.060989
0.0613502
0.0830226
0.0786447
0.118089
0.0356024
0.163683
0.0593353
0.140126
0.10312
0.112286
0.0653824
0.134734
0.0950996
0.0824889
0.0297851
0.148735
0.115168
0.0898647
0.0393752
0.175561
0.0766103
0.00592168
0.144701
0.114454
0.103807
0.0212521
0.122956
0.135263
0.108374
0.114913
0.0445152
0.127655
0.105972
0.0193702
0.19227
0.0720568
0.10866
0.0615888
0.0937756
0.141715
0.0883092
0.0597457
0.134935
0.0923993
0.0438447
0.0734966
0.138292
0.128769
0.0424814
0.15966
0.112043
0.0675423
0.130797
0.144528
0.0735632
0.101353
0.0795776
0.162399
0.0492798
0.107962
0.143689
0.120865
0.0439056
0.0474138
0.131315
0.1257
0.0465511
0.130488
0.111025
0.136309
0.08562
0.105172
0.109151
0.0789177
0.126601
0.061299
0.120265
0.180992
0.0381443
0.117003
0.105939
0.0358659
0.172265
0.0858281
0.0613089
0.121354
0.0738232
0.155627
0.026914
0.144695
0.0761207
0.184941
0.0687296
0.0369851
0.18249
0.154284
0.00227182
0.168612
0.074586
0.131276
0.106552
0.0513061
0.158994
0.126414
0.0951544
0.0596075
0.142188
0.0437394
0.149433
0.0566559
0.142686
0.0816759
0.152985
0.0734947
0.0774789
0.100492
0.127128
0.106605
0.0929615
0.0793896
0.10274
0.127851
0.0366167
0.128683
0.0718256
0.166114
-0.00228755
0.0780835
0.0737335
0.134434
0.0550258
0.0950419
0.102501
0.107976
0.0606721
0.0991339
0.113554
0.0627514
0.121598
0.0389017
0.128877
0.0379994
0.147755
0.0556556
0.1041
0.0692865
0.128778
0.0590383
0.0516453
0.0905459
0.137886
0.111974
0.044164
0.136714
0.0576126
0.174429
0.0203957
0.154447
0.0827881
0.147884
0.0392686
0.135022
0.079533
0.123624
0.059258
0.174859
0.0596515
0.0820362
0.112326
0.0578757
0.146998
0.039955
0.187781
0.0747246
0.0836783
0.0438023
0.170798
0.0529667
0.1117
0.0918821
0.193637
0.00875169
0.111334
0.131842
0.0913636
0.136546
0.0392143
0.115707
0.066048
0.0866312
0.112462
0.104513
0.0234862
0.105409
0.089489
0.0738242
0.0296775
0.149953
0.0884222
0.0476418
0.10069
0.0581165
0.206199
0.0457432
0.0667833
0.105331
0.121639
0.0159059
0.0847019
0.110879
0.0950327
0.0195811
0.0959205
0.0713365
0.122282
0.050221
0.0559424
0.127684
0.0546616
0.125022
0.129677
0.0673198
0.0687463
0.144015
0.118492
0.0531231
0.12537
0.192721
0.0433893
0.0562485
0.117592
0.0907415
0.133275
0.0438057
0.0902798
0.191946
0.0294283
0.0775511
0.187575
0.101639
0.091768
0.091036
0.143289
0.0846368
0.116469
0.138838
0.0334099
0.151718
-0.02543
0.123248
0.131692
0.0127558
0.0796446
0.189006
0.005047
0.0961867
0.0677935
0.187832
0.0267739
0.111451
0.0610774
0.170167
0.0495765
0.0888675
0.10449
0.132061
0.00174552
0.0568292
0.114149
0.0620217
0.0737372
0.140517
0.0559107
0.0753419
0.094685
0.104756
0.112774
0.0640751
0.127649
0.13852
0.112333
0.0947589
0.153023
0.191013
0.0284706
0.127988
0.151082
0.140513
0.08448
0.116326
0.119206
0.11444
0.0209042
0.161273
0.119322
0.0995045
0.067321
0.142132
0.175639
0.0910379
0.0800043
0.144952
0.123561
0.0248408
0.125317
0.132187
0.102928
0.0502501
0.129369
0.0462802
0.122157
0.0407052
0.0715289
0.106943
0.0691375
0.0483524
0.104595
0.108599
0.0600943
0.1367
0.0194235
0.0685472
0.0954603
0.134928
0.00729031
0.110623
0.0635542
0.130746
0.015048
0.0776543
0.111076
0.127493
0.0293793
0.0420093
0.15773
0.105779
0.0428117
0.123722
0.168034
0.0404228
0.0938152
0.103259
0.138995
0.103536
0.0769361
0.100132
0.150979
0.0543061
0.0764029
0.150665
0.0726518
0.0595593
0.103534
0.231999
0.0134037
0.136567
0.0907813
0.14697
0.0791895
0.0612887
0.128214
0.157522
0.0380651
0.0799885
0.129589
0.182835
0.00122082
0.0807457
0.135988
0.00884611
0.146413
0.0767944
0.141736
0.0909317
0.0540446
0.0957616
0.103413
0.0595253
0.0854187
0.0942638
0.099607
0.0259473
0.117351
0.194858
-0.00431697
0.110397
0.0679759
0.102143
0.108544
0.0571916
0.0944559
0.12836
0.0573522
0.0770841
0.0914166
0.142692
0.0193425
0.0769803
0.117086
0.00476741
0.115306
0.13653
0.0504755
0.0969938
0.0294889
0.113716
0.101026
0.0218653
0.0785139
0.0871785
0.128694
-0.0307058
0.124509
0.135889
0.0241014
0.0902537
0.0731224
0.0454624
0.189459
-0.00275732
0.141891
0.0960752
0.0854237
0.0537703
0.0663994
0.0841231
0.102432
0.0536363
0.0833347
0.0614642
0.120805
0.114809
0.0165806
0.159317
0.0391745
0.134386
0.1045
0.117006
0.100543
0.156265
0.0848012
0.133859
0.0769106
0.209385
0.021685
0.141965
0.107879
0.0685254
0.14281
0.0490534
0.165965
0.111798
0.0591142
0.104259
0.105417
0.105131
0.102823
0.0303031
0.16928
0.0556829
0.109517
0.0549834
0.14793
0.105186
0.0697366
0.0731609
0.0440946
0.146522
0.0449539
0.0585029
0.117724
0.0538395
0.0718088
0.103562
0.0722491
0.0845297
0.0903334
0.0692228
0.0348734
0.131155
0.125175
0.0728564
0.0532844
0.0670037
0.0940912
0.123297
0.0156472
0.108842
0.178649
0.0162985
0.0986893
0.136975
0.0988048
0.118651
0.0159879
0.146883
0.118891
0.118134
0.076538
0.07302
0.18379
-0.0200798
0.0778269
0.162471
0.0482945
0.143023
0.0514035
0.0768205
0.139361
0.0664916
0.130101
0.0515062
0.129648
0.0200689
0.137465
0.0748532
0.14767
0.083097
0.130495
-0.00555473
0.184009
0.0214318
0.0776643
0.0623342
0.152542
0.0513887
0.137795
0.041924
0.157733
0.0719994
0.0502721
0.0904808
0.051175
0.166632
0.024979
0.135502
0.0468442
0.112772
0.13812
0.0341427
0.0362528
0.155529
-0.00151828
0.124442
0.0409074
0.153767
0.120219
0.00319305
0.119358
0.0555681
0.181703
-0.00221428
0.0877654
0.122916
0.138912
-0.010556
0.0991042
0.125408
0.120223
0.0218972
0.0604094
0.103693
0.12635
0.0557717
0.0778884
0.159722
0.0338766
0.109604
0.0868189
0.1794
0.0317799
0.208725
0.0513574
0.132375
0.0879205
0.167252
0.093078
0.104929
0.0786805
0.136094
0.154895
0.0746442
0.110233
0.164932
0.064391
0.0535164
0.177975
0.125023
0.151188
0.0385693
0.155297
0.102375
0.183849
0.0478216
0.0943673
0.20509
-0.0125325
0.0815851
0.146775
0.0899198
0.113602
0.036161
0.10138
0.0800635
0.0945013
0.10025
0.0893541
0.12716
0.00431938
0.130826
0.142344
0.0429189
0.123338
0.114187
0.0263957
0.071461
0.132762
0.0956418
0.0516801
0.0651794
0.0388693
0.163109
0.0399322
0.0933105
0.132393
0.156585
-0.0031065
0.081167
0.172202
0.103301
0.0996302
0.0545908
0.149365
0.0999103
0.0924537
0.0584059
0.180606
0.0995181
0.0123615
0.0847056
0.13559
0.0481709
0.176999
-0.00633407
0.167974
0.0318766
0.0371162
0.164161
0.0412137
0.102007
0.0585873
0.105158
0.0810463
0.0996731
0.111696
0.0506405
0.0562887
0.138623
0.0252404
0.180016
-0.0176266
0.117815
0.111869
0.00317767
0.25679
0.207161
0.208735
0.542786
0.0812563
0.224759
0.33761
0.215984
0.325864
0.172094
0.380141
0.328683
0.228405
0.287008
0.295338
0.275489
0.269476
0.160174
0.41384
0.118598
0.301905
0.3499
0.118589
0.31088
0.206869
0.299136
0.151966
0.348164
0.206664
0.462668
0.14957
0.409237
0.311056
0.62402
0.0513914
0.391651
0.362941
0.310538
0.350994
0.414303
0.332249
0.531013
0.134715
0.216367
0.48753
0.112297
0.356406
0.280642
0.451364
0.1567
0.468181
0.393175
0.39766
0.309886
0.297103
0.349031
0.483701
0.177277
0.485966
0.279297
0.0904355
0.107354
0.0915865
0.173023
0.0405844
0.116958
0.11311
0.162484
0.0437538
0.131681
0.0597394
0.104205
0.147009
0.165182
0.0950271
0.141414
0.0994156
0.148311
0.147052
0.0985453
0.175192
0.11479
0.062847
0.118467
0.130494
0.172819
0.0978088
0.0857135
0.126031
0.0807833
0.0712827
0.15528
0.118782
0.166793
0.0245545
0.097692
0.146188
0.0688712
0.114333
0.110246
0.115073
0.105266
0.0192344
0.163501
0.0839186
0.14407
0.0399662
0.0346405
0.107479
0.102195
0.0460539
0.130462
0.0408161
0.110003
0.0352786
0.151074
0.0598917
0.124361
0.0443545
0.0625175
0.130774
0.099188
0.055383
0.120546
0.0997964
0.0291098
0.144262
0.0735782
0.140162
0.118095
0.0816317
0.0971406
0.113511
0.103237
0.134666
0.109091
0.112497
0.0583475
0.114577
0.150335
0.090493
0.129614
0.0791178
0.126741
0.0779782
0.162056
0.129345
0.122401
0.145468
0.032925
0.147184
0.136352
0.0702603
0.154498
0.147172
0.00737473
0.128437
0.144492
0.099312
0.138811
0.141302
0.00547247
0.189384
0.130841
0.0313534
0.18274
0.0645789
0.0801681
0.166978
0.111229
0.0587591
0.179066
0.0737992
0.0574555
0.14692
0.119101
0.0465193
0.172876
0.0615321
0.0659145
0.123261
0.122752
0.0531405
0.165408
0.0262733
0.0716077
0.119349
0.136603
0.0472724
0.123572
0.0585809
0.0362008
0.209302
0.0579784
0.0749581
0.114573
0.0852015
0.0314456
0.125952
0.065645
0.0990887
0.0936482
0.124254
-0.0213884
0.112274
0.0963677
0.00986364
0.174225
0.00425832
0.0710198
0.151218
0.0759677
0.0535558
0.109669
0.0433416
0.041904
0.145351
0.0695508
0.0775696
0.133126
0.0792557
0.0405841
0.223183
-0.0164876
0.128665
0.104433
0.0702522
0.0777649
0.160994
0.0584058
0.118259
0.0941013
0.0817546
0.110503
0.123691
0.107828
0.0935123
0.191883
-0.0136812
0.17233
0.137856
0.0821303
0.118747
0.150748
0.0398547
0.185629
0.0813759
0.109624
0.102467
0.163769
0.0441428
0.101185
0.135272
0.0893617
0.154015
0.0788486
0.0861313
0.183982
0.0917999
0.0258795
0.18002
0.0447112
0.0344401
0.149571
0.119999
0.0676278
0.103971
0.0705138
0.110313
0.112196
0.00655191
0.143435
0.173452
0.0408799
0.0754882
0.156795
0.0867152
0.118126
0.0639859
0.107444
0.139825
0.0651715
0.0756707
0.114147
0.0913476
0.039683
0.0658514
0.121544
0.131662
0.057884
0.114745
0.167878
0.0782235
0.130648
0.122539
0.0688368
0.1633
0.111088
0.089545
0.0958615
0.0995739
0.159792
0.117787
0.0499909
0.0781358
0.118618
0.0820273
0.0596633
0.156524
0.0531668
0.0983641
0.0836828
0.117639
0.0840057
0.0950076
0.0794992
0.103278
0.149681
0.068204
0.103772
0.110831
0.113171
0.0793095
0.0686711
0.0819268
0.169417
0.049329
0.150818
0.0251165
0.134724
0.0248938
0.122867
0.0574916
0.0945223
0.0915468
0.0940886
0.0705143
0.145127
0.0670163
0.113893
0.06191
0.0871494
0.107453
0.0755998
0.0901588
0.153078
0.0757441
0.0535339
0.057994
0.137486
0.0527475
0.0693412
0.127926
0.0508788
0.12794
0.137388
0.03707
0.0988674
0.0692327
0.081571
0.117726
0.085161
0.104242
0.124208
0.105445
0.0424303
0.153659
0.141274
0.0181489
0.156593
0.0999949
0.0699654
0.158785
0.0740054
0.110372
0.188243
0.00953214
0.106189
0.142726
0.124374
0.0822596
0.138546
0.108004
0.108851
0.0994867
0.142288
0.104836
0.114417
0.0415902
0.168635
0.0909369
0.0172639
0.127364
0.061572
0.136851
0.0722329
0.0721999
0.132088
0.0678565
0.0462469
0.117741
0.0132645
0.115938
0.0863902
0.0733524
0.0294695
0.0936495
0.0813992
0.0403024
0.0687215
0.046529
0.120743
0.0518972
0.0569572
0.0881551
0.125889
0.0239572
0.0659037
0.109849
0.0979534
0.0712393
0.124066
0.0653491
0.117802
0.0909902
0.121524
0.0702577
0.094139
0.0570372
0.0879853
0.107912
0.0974712
0.121464
0.129093
0.0213939
0.125787
0.0544499
0.0597241
0.144459
0.109078
0.091125
0.114139
0.0854195
0.0960658
0.101009
0.0750154
0.0816213
0.0788908
0.080778
0.124403
0.0566142
0.0611447
0.0740457
0.0698679
0.0740174
0.0782053
0.0833182
0.0811828
0.0671104
0.101366
0.0822177
0.12182
0.0332345
0.152995
0.0570552
0.071541
0.131805
0.0753529
0.100552
0.130632
0.0143647
0.118562
0.0990822
0.080896
0.109946
0.111799
0.115281
0.04339
0.0890952
0.101065
0.102398
0.119447
0.0514132
0.145322
0.123863
0.00989131
0.183633
0.0853837
0.0381386
0.0820829
0.125139
0.011446
0.171665
0.0755875
0.0678005
0.0679098
0.0979084
0.0497104
0.160211
0.0666406
0.119267
0.1307
0.134992
0.032372
0.180162
0.0398865
0.0312134
0.162572
0.0644248
0.0366075
0.177007
0.0661983
0.113022
0.0761538
0.110657
0.0821805
0.173919
0.0561735
0.152885
0.172168
0.134486
0.0860148
0.232128
0.121698
0.0929977
0.137594
0.0990889
0.168475
0.130807
0.0971836
0.122882
0.191319
-0.0379082
0.157806
0.127832
0.124651
0.0787756
0.206963
0.116453
0.106767
0.15243
0.172179
0.108213
0.152279
0.0671336
0.206072
0.0875987
0.0430094
0.122401
0.10474
0.00890286
0.0741711
0.144592
0.108483
0.0345255
0.148264
0.0729713
0.128219
0.0776712
0.126835
0.0928154
0.147566
0.0069575
0.135476
0.0996008
0.0757081
0.0618988
0.164859
0.0391884
0.112299
0.0782856
0.117259
0.101962
0.056284
0.0919784
0.122895
0.0935322
0.0236608
0.173911
0.0688063
0.0759337
0.0528139
0.175326
0.0111307
0.135148
0.0733788
0.108167
0.0935342
0.161397
0.0659693
0.162332
0.0217589
0.0794708
0.100198
0.120494
0.0910634
0.121004
0.0664425
-0.00202396
0.105021
0.115105
0.0418133
0.1095
0.0528483
0.0988807
0.134634
0.0240759
0.121861
0.106947
0.121606
0.002635
0.10429
0.115966
0.137757
0.0702525
0.0480056
0.144114
0.0982203
0.0574268
0.0956988
0.102272
0.0892353
0.0921215
0.0897765
0.173523
0.119503
0.0804438
0.0524402
0.157486
0.0301119
0.165976
0.0861392
0.109101
0.156489
0.0440583
0.150551
0.100666
0.150427
0.102909
0.16497
0.0564684
0.124373
0.187792
0.127031
0.0557137
0.183843
0.0390195
0.17409
0.0728875
0.0920593
0.126136
0.110259
0.0566137
0.0838459
0.13983
0.109825
0.0717177
0.153563
0.129495
0.0653981
0.0997235
0.122827
0.102503
0.117233
0.102581
0.0456453
0.175969
-0.0179383
0.0936139
0.130464
0.0317689
0.0285286
0.148923
0.104583
0.0613287
0.107557
0.0749128
0.0845644
0.139694
0.0653131
0.102172
0.144408
0.00308503
0.0961639
0.138046
0.0745478
0.0848918
0.108005
0.067001
0.116968
0.0838668
0.121159
0.0740363
0.111281
0.0957807
0.0557692
0.1079
0.141611
0.0466309
0.205531
0.0142482
0.107617
0.126149
0.12087
0.0520077
0.14121
0.0847697
0.0595964
0.107187
0.152689
0.0741853
0.0854651
0.0958869
0.0691934
0.201099
-0.0188447
0.144496
0.125597
0.0997856
0.0421644
0.126711
0.114465
0.10346
0.054748
0.144582
0.0220304
0.187919
0.0728104
0.0632809
0.154347
0.0319465
0.125934
0.113854
0.114186
0.0598854
0.169279
0.0249982
0.109175
0.0884298
0.169289
0.00685148
0.188087
0.0461469
0.136914
0.0724093
0.145865
0.0626392
0.148477
0.0431342
0.154714
0.123596
0.0935804
0.0997884
0.0738082
0.142441
0.0198049
0.163533
0.138224
0.0666078
0.0957459
0.0781454
0.0617464
0.147635
0.0731862
0.136325
0.0614396
0.0943555
0.0845358
0.0730101
0.0984097
0.0944095
0.117826
0.0628723
0.0787158
0.105139
0.157377
0.0272907
0.063537
0.112511
0.0787789
0.0696585
0.128834
0.071193
0.156907
0.0740952
0.0808596
0.0901403
0.122054
0.0463755
0.116706
0.126566
0.00538942
0.146964
0.135785
0.0447144
0.105918
0.0916218
0.0579799
0.152683
0.0804531
0.117108
0.133545
0.0797384
0.0508289
0.180144
0.06216
0.07084
0.180862
0.0605058
0.0614385
0.116889
0.157994
0.0559977
0.12528
0.0352758
0.108499
0.116191
0.0628689
0.0957158
0.189154
0.0297674
0.060511
0.130147
0.103496
0.0573001
0.131129
0.0951951
0.0675784
0.0905345
0.0614392
0.157704
0.0804515
0.0109255
0.10684
0.145638
0.0332063
0.0889257
0.122218
0.0726269
0.058389
0.0859801
0.102806
0.128998
0.0149485
0.100407
0.126652
0.0859551
-0.000623945
0.139557
0.0293484
0.147317
-0.0127706
0.150354
0.0898957
0.101063
0.0407553
0.158871
0.0746927
0.0856483
0.0820245
0.118898
0.0937872
0.0573979
0.113753
0.075298
0.200369
-0.0225644
0.149357
0.101705
0.0964403
0.0933459
0.185058
0.0033235
0.187294
0.0551661
0.157231
0.0638445
0.16826
0.0735661
0.145049
0.129903
0.0347528
0.160619
0.167706
0.0278903
0.141299
0.115947
0.0737182
0.175486
0.0695193
0.121606
0.135697
0.0725012
0.0595694
0.186901
0.0977997
0.0545345
0.0991503
0.173792
0.0253288
0.296466
0.202128
0.23116
0.588814
0.0598456
0.255053
0.349166
0.232823
0.354247
0.175314
0.369512
0.34017
0.244629
0.300726
0.275609
0.303281
0.260666
0.178099
0.42767
0.0876866
0.35777
0.313027
0.138598
0.323947
0.233901
0.291437
0.184111
0.352007
0.214805
0.463709
0.166763
0.421944
0.310476
0.635404
0.0685688
0.4137
0.367903
0.291359
0.349983
0.441477
0.321298
0.53813
0.118767
0.242812
0.477736
0.126612
0.364218
0.266688
0.478121
0.145466
0.461221
0.414875
0.371848
0.353119
0.285614
0.304312
0.524112
0.153428
0.50037
0.268411
0.0770231
0.193867
0.0415221
0.130056
0.0790031
0.113188
0.104427
0.178952
0.041866
0.156048
0.0526707
0.0949157
0.0561504
0.218686
0.0412269
0.131157
0.0873171
0.130955
0.158335
0.119243
0.0651918
0.184752
0.0815909
0.0792381
0.170477
0.0927714
0.201566
0.0615404
0.135349
0.0735613
0.101078
0.141946
0.0755276
0.116435
0.124163
0.0704826
0.153093
0.100736
0.106221
0.125721
0.0617143
0.184905
0.0479229
0.200417
0.0695087
0.139742
0.108107
0.104592
0.086161
0.0956562
0.0574033
0.175669
0.0724978
0.106837
0.0930065
0.120478
0.0958446
0.0877514
0.099378
0.0582577
0.131758
0.150208
0.0853742
0.0328046
0.140215
0.0741027
0.084373
0.0661093
0.0799627
0.0987725
0.0758948
0.0548977
0.095043
0.127143
0.0353374
0.137554
0.064988
0.0925408
0.125192
0.0897933
0.0725168
0.14491
0.0243278
0.198689
-0.00213991
0.123715
0.0792482
0.10725
0.0726369
0.0571902
0.0881793
0.148806
0.0387376
0.101291
0.111714
0.152486
0.06391
0.04468
0.205199
0.0727735
0.126
0.0513314
0.173976
0.0971305
0.0635017
0.0897239
0.179307
0.0437461
0.162461
0.0986296
0.121899
0.123949
0.0558985
0.142562
0.084586
0.128687
0.0910754
0.0819478
0.0919039
0.0854934
0.144958
0.0870463
0.087249
0.102922
0.0641586
0.0694635
0.113335
0.13299
0.154885
0.028132
0.108891
0.0740537
0.173105
0.0258257
0.0705047
0.109924
0.11861
0.0277092
0.0786824
0.12076
0.0973646
0.045674
0.0582553
0.0938389
0.0910359
0.100251
0.0864086
0.0996262
0.0681252
0.118762
0.114787
0.0998856
0.0953645
0.112173
0.0903138
0.0408595
0.110687
0.161272
0.0794728
0.0447675
0.116823
0.0448545
0.177691
0.0373357
0.11464
0.123482
0.0522217
0.122373
0.0733734
0.0929201
0.163455
0.0258097
0.110501
0.0499422
0.089045
0.175643
-0.0172844
0.161241
0.025006
0.104137
0.0805196
0.0751055
0.132867
0.0584459
0.113179
0.109725
0.054524
0.153578
0.0259706
0.123187
0.0952563
0.0541956
0.157119
0.0476087
0.0858158
0.104995
0.0819276
0.124654
0.0783902
0.128384
0.121608
0.0611112
0.136141
0.0946036
0.106387
0.139868
0.0946482
0.135726
0.0852904
0.0726742
0.117991
0.196417
0.0686684
0.0823326
0.093009
0.16346
0.040734
0.113452
0.160035
0.144957
0.0826977
0.0168641
0.113001
0.164079
0.020044
0.102523
0.123894
0.0651171
0.0859384
0.0582968
0.161676
0.055883
0.0876272
0.077421
0.0685975
0.0868308
0.162065
0.0551287
0.0890269
0.0647359
0.0580114
0.184946
0.0174823
0.0831053
0.162533
0.0861929
0.0334856
0.121045
0.105778
0.0902916
0.0444999
0.14839
0.0556264
0.165654
0.057567
0.0705761
0.188109
-0.0329037
0.124674
0.147034
0.0713866
0.105731
0.0719617
0.0889007
0.127736
0.0347576
0.134856
0.0863375
0.0778447
0.103249
0.0604584
0.168761
0.04712
0.140562
0.0872337
0.0719683
0.0653893
0.157895
0.0415873
0.11625
0.0538533
0.135368
0.0729428
0.0598409
0.114053
0.0591742
0.0941505
0.0321347
0.127179
0.0811588
0.0383636
0.0967286
0.0912397
0.0671276
0.115539
0.0761762
0.0807868
0.107042
0.103529
0.145452
0.0580038
0.102253
0.129581
0.120184
0.0255301
0.16265
0.0798168
0.11793
0.0293424
0.112274
0.0928122
0.074752
0.0904381
0.0792648
0.117723
0.0623177
0.127054
0.111446
0.132173
0.0488064
0.136933
0.104179
0.186984
0.00542306
0.170496
0.104935
0.139707
0.0645735
0.159813
0.0807094
0.112004
0.0705802
0.122962
0.0787259
0.0796926
0.0820089
0.144758
0.0589526
0.0662313
0.116743
0.166884
0.0289949
0.0868883
0.118043
0.0376576
0.0964151
0.16318
0.0406466
0.086962
0.124049
0.0423621
0.156168
0.0835989
0.0729297
0.113492
0.150529
-0.0228275
0.176046
0.0552576
0.0546982
0.115315
0.138602
-0.0214719
0.131782
0.0872916
-0.00451583
0.175009
0.0250367
0.0462408
0.144976
0.118462
0.017857
0.120119
0.0654291
0.10592
0.109879
0.0960096
0.0633721
0.133618
0.106012
0.0370491
0.152688
0.0330619
0.0667104
0.115069
0.135128
-0.0108428
0.149971
0.0419625
0.0881082
0.110722
0.0808688
0.092175
0.112308
0.110218
0.0687036
0.155696
0.0752795
0.10648
0.105312
0.132401
4.01878e-05
0.250331
0.00153112
0.157674
0.0346307
0.103188
0.0499252
0.107275
0.0988192
0.105319
0.0953617
0.0708134
0.104798
0.0991891
0.167809
0.0315268
0.163586
0.0755522
0.153034
-0.00179465
0.213035
0.00829279
0.153238
0.0185523
0.123831
0.0891992
0.135886
0.0252169
0.0799053
0.100728
-0.00518229
0.212045
0.0962377
0.0633526
0.111648
0.133068
0.0291741
0.181127
0.0716887
0.130145
0.0524181
0.0995412
0.0791436
0.175341
0.0539381
0.0520349
0.148944
-0.00154982
0.0784699
0.12079
0.115509
0.033646
0.118589
0.103065
0.0980265
0.145468
0.108422
0.132099
0.133956
0.0177431
0.16294
0.198043
0.123161
0.0847395
0.110151
0.12956
-0.00507648
0.151638
0.116628
0.135031
0.0624889
0.0908962
0.107628
0.20026
-0.00429349
0.133709
0.0917873
0.119344
0.0515636
0.180498
0.132057
0.123697
0.0513205
0.175017
0.0970627
0.159404
0.0856496
0.108321
0.159631
0.027341
0.119212
0.116416
0.160839
0.0366597
0.0674113
0.106483
0.0916929
0.0860467
0.127915
0.00524055
0.172771
0.0899553
0.072572
0.10096
0.124868
0.118973
0.150551
0.0927501
0.105016
0.119157
0.172224
-0.0022521
0.150874
0.0781855
0.0669934
0.126944
0.135421
0.0231805
0.144639
0.0193998
0.0943242
0.102516
0.0842002
0.0989428
0.0620187
0.147496
0.124406
0.125207
0.070158
0.136416
0.104983
0.120594
0.0232001
0.167418
0.130701
0.0933932
0.0334746
0.127119
0.0589592
0.07829
0.137317
0.0671196
0.1253
0.0565169
0.10324
0.0903761
0.214945
0.0156237
0.123465
0.0927825
0.0911756
0.0967116
0.123135
0.0475524
0.136779
0.112425
0.0662522
0.0875631
0.15247
0.0587962
0.0899876
0.123186
0.0267756
0.113101
0.188674
0.0199796
0.108678
0.101729
0.0296878
0.118251
0.157848
0.0131763
0.139967
0.0805568
0.0508698
0.131488
0.114745
0.0587126
0.130186
0.147996
-0.0151826
0.221133
0.106953
0.0576514
0.160525
0.100533
0.00703901
0.190141
0.0898843
0.104624
0.150953
0.0549336
0.0465332
0.189189
0.0557241
0.0674235
0.167186
0.0599556
0.100886
0.160649
0.116463
0.0733125
0.166897
0.0461242
0.0709232
0.167325
0.0553675
0.0962089
0.170079
0.0649304
0.071984
0.10855
0.0930346
0.0558536
0.118364
0.0614712
0.129048
0.144025
0.0558872
0.128862
0.1505
0.0261363
0.100516
0.161029
0.0557389
0.0898986
0.175787
0.0507808
0.12023
0.0823205
0.0434654
0.138549
0.0985392
0.0273614
0.113376
0.0371753
0.104275
0.113211
0.100846
0.0368432
0.138
0.119468
0.0780121
0.0990888
0.0736069
0.0839812
0.157136
0.0164516
0.0814806
0.0925786
0.132288
0.0278966
0.086661
0.0678528
0.0918817
0.0393672
0.117909
0.0584372
0.0739631
0.0754212
0.0609217
0.140817
0.0915387
0.086109
0.115965
0.0986592
0.112134
0.133272
0.0471038
0.0898329
0.0821977
0.184627
-0.0128885
0.159222
0.129177
0.0548172
0.144317
0.0406343
0.120846
0.109899
0.0809648
0.169699
0.0709279
0.0465753
0.194077
0.0487474
0.181071
0.0150431
0.158585
0.104771
0.0362963
0.14591
0.107061
0.0698701
0.110196
0.0665683
0.149306
0.0772416
0.0458087
0.1922
0.0138695
0.257257
-0.00887834
0.17114
0.0794003
0.108757
0.0578315
0.178859
0.0372063
0.198611
0.06205
0.177691
0.0392335
0.0772522
0.174546
0.0506764
0.154286
0.0453807
0.160013
0.145202
0.121937
0.0660137
0.213008
-0.0128999
0.1475
0.0965896
0.145797
0.0601944
0.121138
0.133121
0.129687
0.110548
0.0463531
0.200396
0.0841368
0.0948794
0.0734096
0.190235
-0.00100882
0.177015
0.0401996
0.130386
0.0872382
0.0887608
0.0927695
0.157653
0.0431955
0.0424469
0.187914
0.0288467
0.166544
0.0666246
0.0938233
0.106075
0.162862
0.00306299
0.167384
0.100544
0.0840484
0.0825373
0.153631
0.0392703
0.133447
0.146468
0.00564455
0.158144
0.038181
0.11924
0.144379
0.102601
0.0488283
0.129483
0.0724332
0.0782983
0.116583
0.0912241
0.0449182
0.123896
0.148285
-0.0168793
0.141399
0.102509
0.0546358
0.130975
0.0947341
0.0720213
0.14269
0.107534
0.058979
0.124323
0.0370386
0.0915411
0.149438
0.107803
0.0108379
0.165417
0.0395862
0.127027
0.0492899
0.104889
0.0489691
0.15062
0.0601605
0.0833772
0.153647
0.0845783
0.0477492
0.134982
0.102863
0.0841025
0.123481
0.142319
0.0881332
0.0584576
0.113423
0.105225
0.139805
0.0509446
0.0921624
0.159027
0.0209771
0.0789093
0.185887
0.0693113
0.0618959
0.141351
0.112094
0.123456
0.120545
0.0811957
0.165952
0.0824442
0.0955314
0.123217
0.134424
0.0608027
0.0969921
0.15203
-3.16928e-05
0.282479
0.20658
0.214063
0.564605
0.0498274
0.233451
0.374309
0.184193
0.346082
0.164722
0.37788
0.348907
0.22391
0.277038
0.277277
0.283221
0.250445
0.180101
0.403579
0.0877605
0.327577
0.320472
0.103252
0.338211
0.220052
0.283984
0.148368
0.336436
0.231451
0.460916
0.151964
0.402663
0.300732
0.624774
0.0548376
0.40824
0.366342
0.284863
0.344902
0.426564
0.319455
0.556488
0.11723
0.237586
0.481919
0.135049
0.356642
0.283251
0.468466
0.148854
0.46043
0.42918
0.384566
0.361822
0.302988
0.327567
0.536002
0.150208
0.51938
0.295935
0.109526
0.167264
0.0834824
0.173602
0.101957
0.16878
0.127729
0.117775
0.0676271
0.145358
0.109474
0.0871759
0.115559
0.190614
0.081754
0.128271
0.0572957
0.143394
0.144249
0.0899526
0.0974065
0.171067
0.0922498
0.0560769
0.128851
0.102037
0.160022
0.0486044
0.0607801
0.142611
0.0417339
0.0979734
0.135
0.0711686
0.12598
0.0697836
0.127272
0.0736609
0.113528
0.0842158
0.162823
0.0940159
0.0522293
0.191511
0.113473
0.0604874
0.152646
0.0681948
0.0987884
0.120908
0.0920169
0.125895
0.110635
0.0610469
0.0990362
0.227109
0.0168512
0.115947
0.115152
0.0929836
0.0904872
0.107039
0.106142
0.127348
0.0735118
0.068251
0.0852561
0.101604
0.0496491
0.0752055
0.12563
-0.00426822
0.0943387
0.114568
0.0853384
0.0528416
0.0987999
0.044194
0.09945
0.0766039
0.112562
0.0767136
0.0364637
0.0932106
0.0557455
0.130051
-0.00432283
0.158218
0.0808383
0.06704
0.0472516
0.189632
0.0227932
0.111086
0.0857994
0.139282
0.0740523
0.131943
0.0800725
0.16136
0.109741
0.033395
0.17555
0.145646
0.0576436
0.116917
0.13139
0.0503365
0.171614
0.104469
0.110923
0.119999
0.0739182
0.0922495
0.185674
0.0689727
0.096675
0.149754
0.0967019
0.0637716
0.1462
0.112913
0.109509
0.0768449
0.0584333
0.160322
0.0388103
0.0382531
0.101117
0.05333
0.0989614
0.0243845
0.0875727
0.0796389
0.085839
0.0820358
0.061988
0.102636
0.0369071
0.132751
0.0725857
0.0644601
0.0888954
0.0800809
0.0391841
0.163405
-0.00117233
0.160879
0.0318282
0.0769174
0.0872135
0.134358
0.044979
0.0944501
0.0746131
0.124556
0.0690668
0.0652212
0.125646
0.120717
0.122499
0.00734543
0.189662
0.0913836
0.140217
0.0411352
0.176948
0.0532679
0.164219
0.0598553
0.198585
0.0474515
0.123684
0.0679121
0.096383
0.132432
0.0548371
0.107366
0.121752
0.0557234
0.0697562
0.150671
0.0335323
0.134365
0.0513533
0.158328
0.0574883
0.103015
0.0784531
0.140212
0.092281
0.0568968
0.0612752
0.140045
0.0506164
0.0769697
0.083875
0.0733068
0.0465974
0.0767235
0.0590983
0.0880253
0.0576982
0.0886166
0.0802267
0.144211
0.00979649
0.1021
0.0782357
0.0758063
0.114883
0.0736761
0.0945129
0.057859
0.123077
0.0239155
0.154556
0.0372654
0.111155
0.100619
0.12005
-0.00434259
0.159869
0.107835
0.123625
0.0325121
0.0961649
0.099098
0.103672
0.0600752
0.103694
0.15118
0.0428225
0.0709322
0.125379
0.155731
0.0382661
0.0815256
0.178805
0.117711
0.0826323
0.110669
0.138633
0.149002
0.0569923
0.0906187
0.117485
0.163727
0.0231906
0.100364
0.100414
0.0364631
0.133698
0.119178
0.0283683
0.120601
0.0310332
0.0920305
0.13163
0.0644503
0.13149
0.0572613
0.0777899
0.0486542
0.142146
0.039188
0.0502628
0.0946665
0.105782
0.0535273
0.0749415
0.0937385
0.101377
0.0790492
0.0478418
0.0812365
0.115394
0.103751
0.0620442
0.105296
0.0777344
0.0507507
0.140036
0.0790603
0.0941958
0.107586
0.0903365
0.0849528
0.185014
0.0459644
0.198681
0.0851226
0.0702936
0.100512
0.129612
0.156836
0.099025
0.119103
0.0940813
0.109724
0.0811055
0.158325
0.105199
0.0942037
0.0218516
0.212554
0.0596973
0.139497
0.0753259
0.120427
0.0859908
0.0350471
0.105652
0.13736
0.118849
0.0534334
0.0916191
0.0993316
0.0931763
0.0591332
0.0934796
0.0716312
0.0817378
0.0462702
0.145382
0.104861
0.0613282
0.111275
0.0152397
0.138274
0.0424761
0.160216
0.0630713
0.115167
0.0266683
0.178926
0.0161003
0.0725597
0.132397
0.126586
0.0321944
0.0787915
0.133298
0.106948
0.112997
0.0416174
0.15538
0.0500622
0.13305
0.0457203
0.231898
-0.0148213
0.124031
0.0772422
0.137481
0.0611709
0.096174
0.071563
0.101744
0.0972457
0.0364937
0.102319
0.106117
0.0936198
0.0736876
0.136154
0.0302584
0.132388
0.103647
0.111215
0.0858752
0.0697493
0.0969884
0.149009
0.056652
0.0691472
0.115846
0.0681271
0.103102
0.0328576
0.117262
0.0736127
0.0523141
0.151001
0.109542
0.147637
0.0827644
0.0939976
0.112071
0.13529
0.0810849
0.121273
0.102255
0.127869
0.00722094
0.156191
0.0851001
0.0758385
0.0760401
0.128627
0.115212
0.0631634
0.113858
0.146461
0.123969
0.0353266
0.122704
0.135514
0.160965
0.0496773
0.116071
0.116111
0.0630892
0.0568268
0.137219
0.0665769
0.132921
0.0556259
0.0974332
0.174873
0.0396043
0.0897225
0.121491
0.106611
0.0618079
0.180774
0.101309
0.16202
0.0895427
0.0943654
0.0749661
0.112895
0.0342218
0.163994
0.0417064
0.0703123
0.122766
0.120517
0.0537769
0.129387
0.0900092
0.0479751
0.0949892
0.0993668
0.149833
0.0787884
0.0626561
0.115073
0.149512
0.0433237
0.0817366
0.108878
0.113105
0.0424634
0.126776
0.0711597
0.0979639
0.124404
0.0574015
0.107411
0.0962255
0.0268978
0.117189
0.139261
0.0389292
0.0802525
0.152796
0.0395218
0.119447
0.0911443
0.110469
0.110387
0.142437
0.0325457
0.217169
0.0131533
0.0608811
0.110496
0.131489
0.035568
0.0997063
0.103229
0.109916
0.0614961
0.074233
0.114053
0.104025
0.0622193
0.0514189
0.168451
0.0205292
0.092253
0.0822297
0.16396
-0.0112378
0.0568603
0.126395
0.0594129
0.0933944
0.0606928
0.0711823
0.1126
0.0665694
0.0338187
0.0959409
0.0908176
0.0501564
0.0762457
0.172551
0.039889
0.133582
0.0908855
0.0845836
0.115169
0.056683
0.0827407
0.115487
0.111316
0.00379377
