93.3359
97.1227
111.93
98.2522
127.895
49.5912
59.1167
127.285
75.432
102.56
49.0652
100.085
117.81
79.2605
120.49
108.267
71.4117
122.418
52.8096
102.34
106.831
85.3843
81.3767
76.23
75.3531
112.739
68.1409
93.3916
90.1095
101.904
110.604
65.8847
116.271
97.4351
93.9978
75.0811
110.01
111.61
67.8949
65.9842
99.266
139.516
114.837
67.7263
47.9914
151.307
139.505
63.1293
88.4622
91.3108
121.536
34.0512
92.0991
134.079
105.565
36.9036
98.4638
54.1994
162.078
70.446
111.112
76.143
99.0594
117.47
104.305
128.676
65.7784
96.0214
78.853
80.4113
87.6377
129.748
59.2282
65.5102
82.3485
143.44
138.187
35.4578
132.343
85.9956
120.245
61.5462
112.587
107.337
99.4977
28.7005
98.4064
112.267
116.998
53.7064
96.9145
81.1904
140.439
70.8753
113.419
95.8178
68.5436
123.025
96.4444
85.9508
81.3345
88.8601
104.151
65.7724
105.471
120.346
61.7991
81.5119
111.476
119.823
94.7032
80.036
137.964
64.3336
76.8021
99.8432
127.956
72.601
73.4511
94.0258
129.069
71.3185
105.789
89.608
95.6862
66.5973
98.2287
112.953
61.6351
95.2652
86.8916
105.472
86.5129
77.7867
122.011
70.3448
65.3878
83.3846
76.137
114.22
62.5592
77.2843
92.1045
86.9576
65.9362
92.6167
116.886
79.3877
49.9729
101.008
97.0875
50.3272
90.9204
129.978
74.7878
42.4135
127.39
101.728
89.5457
69.5063
123.958
91.6375
50.2854
140.956
113.908
68.1835
72.5554
103.054
102.529
79.8567
88.2833
140.041
80.0501
62.7295
86.4089
100.319
127.06
66.2249
114.45
42.0593
110.839
106.977
99.9467
102.392
65.1718
80.3885
105.657
105.462
93.2972
54.156
87.0759
101.117
40.8339
152.279
67.4176
77.7154
103.444
94.9866
95.5394
74.0953
135.553
106.199
55.3899
50.2658
131.874
87.0804
95.4256
65.7189
129.373
53.904
125.801
104.475
85.1493
94.9654
74.0622
110.274
124.565
47.2521
101.327
124.243
58.2975
100.271
101.408
106.258
63.2306
118.844
112.112
101.58
91.7508
79.5984
115.415
99.6713
82.4088
66.5088
119.734
81.568
87.6746
56.6894
155.479
75.1711
105.416
54.081
101.051
100.816
100.725
78.7535
124.571
62.2902
85.9558
117.393
98.1337
119.223
84.2487
107.006
89.4399
93.4068
103.782
101.524
60.6896
71.631
82.7885
86.6471
91.5403
54.0701
104.045
61.5552
123.668
65.603
128.376
99.7442
111.993
77.2435
124.456
109.642
80.8816
86.0387
131.477
82.3696
35.0623
121.639
72.8634
94.0337
52.5519
122.292
101.851
36.2394
82.8412
131.507
51.8319
106.536
75.4122
120.779
71.6923
70.7406
120.552
117.762
106.301
53.3055
99.3139
89.0497
104.396
95.8359
77.971
75.4512
97.227
70.1369
107.86
117.96
44.1127
121.155
68.4877
108.306
103.198
95.0981
113.16
58.0325
73.499
135.561
79.4239
99.5382
114.351
84.9228
73.3358
89.2238
114.715
100.344
97.6365
67.1844
81.7617
86.3992
129.072
98.9622
85.5463
84.7125
110.051
75.4315
111.519
100.884
82.0967
81.468
80.9052
85.2774
107.595
80.4643
83.7477
76.1802
124.548
79.5461
99.0409
114.367
75.9785
100.646
90.2895
94.9506
96.9554
78.1011
119.949
57.2986
92.3096
106.731
96.8726
113.584
50.5924
88.8824
145.533
61.2484
58.8519
109.547
82.3073
93.2409
63.0585
130.893
98.7339
68.9208
105.696
102.892
117.728
53.3991
97.9429
119.541
58.8973
111.077
69.1224
112.558
125.75
65.7689
92.1189
99.909
92.9876
87.1555
44.4374
112.28
107.059
47.3998
110.06
80.5523
124.018
86.5163
96.9009
99.2417
85.1287
87.2332
122.705
53.8213
82.2895
95.8402
77.3992
80.59
107.693
88.4168
61.0916
105.212
94.9146
80.9973
105.328
84.8414
87.425
45.0137
101.169
124.958
108.537
43.4448
128.682
58.6003
103.707
108.225
91.8563
96.2895
79.3839
99.397
103.845
96.9549
101.648
124.016
63.5595
104.398
91.5104
120.141
97.0711
62.9149
80.77
67.9297
131.823
76.6316
94.2687
58.466
112.492
51.4694
143.371
59.8524
121.477
53.6215
142.627
64.317
115.572
90.9317
79.1188
64.8791
120.757
63.2512
87.4756
82.9681
76.527
102.519
71.6203
91.6503
113.684
118.935
106.982
59.7986
93.6789
124.576
102.974
45.5994
77.28
118.148
96.4178
76.8694
98.2078
70.7671
103.778
122.734
87.1903
97.9731
95.1398
121.46
85.0113
117.781
72.8405
85.5817
117.079
72.7826
77.4318
89.3359
87.2842
77.4638
103.074
61.3536
124.399
79.4746
87.2188
93.0302
122.208
85.1706
89.3686
109.159
73.9811
100.42
99.7637
75.5759
113.539
76.2892
37.186
97.4624
104.543
103.232
117.08
39.5837
97.7921
132.379
102.584
95.8287
80.8084
99.721
84.4606
72.6725
113.585
117.695
99.8236
79.4381
44.9329
150.335
113.538
77.6283
109.483
53.7562
90.7789
85.3065
126.847
90.8437
76.1269
64.4901
119.277
72.1636
107.97
75.7584
141.763
15.9782
118.986
128.827
90.2932
126.325
79.9386
90.8788
111.421
100.863
74.1645
111.542
66.3415
82.8745
34.3221
166.46
73.3361
58.478
106.194
69.7966
113.324
78.3844
107.373
119.345
65.7418
102.624
132.777
53.2154
119.799
83.9547
145.711
75.8916
61.2759
124.016
82.1389
93.3553
68.7288
123.66
114.362
47.9857
86.5713
104.063
64.2447
99.747
78.8679
110.722
73.5443
68.8777
150.936
85.6933
109.665
73.235
100.695
119.596
79.9095
90.9162
105.901
59.9729
98.3181
52.6733
159.692
103.864
85.899
102.402
97.7047
105.424
116.964
89.3026
106.768
67.4294
82.1967
112.017
80.4493
131.785
107.611
64.7096
54.4971
126.89
92.0526
103.756
83.6002
87.6269
98.3501
88.5743
116.165
99.6822
97.7805
79.9312
87.8924
94.8024
150.091
84.3587
78.4578
71.8558
120.018
88.1826
109.052
92.4256
62.1132
79.9573
131.294
53.248
112.382
68.3213
114.924
40.2765
82.7624
129.076
93.671
64.0518
105.235
64.9315
143.944
74.7912
107.913
118.269
56.2863
105.302
88.8591
108.889
73.9626
77.3194
82.6897
96.4336
82.4569
87.429
101.919
75.9096
103.423
91.5511
127.366
58.2414
98.9139
69.52
132.691
82.4029
81.0637
102.677
114.127
90.0439
116.91
86.6488
110.812
73.7671
104.645
134.766
87.7277
79.8705
123.342
118.264
56.9525
112.877
106.544
105.442
70.9545
89.7946
119.364
90.7247
108.341
94.6108
91.0502
80.2769
93.536
111.428
124.572
39.8401
100.856
62.036
154.765
61.2782
91.1932
82.0042
126.448
37.0046
135.555
65.2215
104.841
54.0306
84.7761
95.8231
56.3708
94.6094
113.395
94.7723
77.6372
119.449
93.5261
139.622
80.5204
80.414
90.4698
113.279
51.9894
98.7944
64.958
63.1683
121.967
80.233
121.221
91.6298
83.9676
107.104
128.507
59.8991
132.38
98.7963
105.127
49.5458
113.556
130.091
84.8777
52.7357
100.541
100.689
64.9738
99.2889
82.7616
107.298
70.219
73.333
107.288
161.333
64.4734
98.5846
81.4513
134.759
102.223
63.7661
117.129
110.606
39.3296
67.4561
119.337
84.5211
80.5457
92.9445
89.8861
102.184
113.279
91.8403
101.071
92.7188
60.8579
119.47
111.964
58.5552
82.8806
115.948
104.396
36.4202
112.715
117.447
76.9017
40.5225
104.565
122.11
109.471
43.2286
121.852
94.294
80.9982
71.9111
127.916
78.1923
78.4209
82.5293
93.2993
95.9299
124.341
45.1447
130.429
83.8816
74.5283
118.201
113.133
82.5678
93.8992
91.7018
97.4053
97.2126
86.3873
128.44
106.717
69.6262
83.3119
151.357
96.0058
38.4209
154.125
88.5194
75.9639
59.2983
155.798
65.9373
75.8489
77.8799
131.506
45.1471
120.143
79.3229
149.182
38.3551
115.206
123.964
84.9969
111.433
94.6753
72.8713
84.3758
94.7323
81.4205
106.769
72.5739
84.5781
76.2636
128.401
77.6885
72.0904
139.5
78.0853
71.276
50.6493
158.987
101.881
63.135
94.6995
109.94
67.7502
86.9854
95.5898
135.814
67.557
83.208
93.6356
91.2478
110.006
105.114
84.9014
101.176
55.8145
86.38
104.276
77.4142
83.1903
98.6026
91.5153
85.9224
100.707
112.368
111.008
77.8126
73.3512
114.994
76.8126
81.7465
91.6618
68.1895
77.9773
112.395
55.0074
119.688
106.445
103.739
64.3176
107.069
88.4501
94.1506
79.2753
52.6796
101.188
66.9975
92.3016
77.9945
93.8991
129.801
97.99
65.0169
105.7
105.43
103.822
102.178
50.2333
126.684
76.8576
84.5495
111.519
78.152
93.7203
94.9234
69.593
94.5405
142.633
52.3683
109.18
93.26
135.102
63.8791
108.892
69.3138
110.13
93.619
76.8594
110.864
88.1846
85.3948
122.556
61.5857
73.841
125.858
99.2613
87.192
47.1631
118.96
143.267
45.2441
78.5772
130.552
106.082
74.6202
77.1663
107.264
100.847
73.3128
63.5924
132.752
122.066
72.1255
91.9514
118.423
99.3597
105.84
98.108
104.595
90.6841
64.6425
104.44
64.8357
79.4968
91.9573
115.65
77.3968
76.8953
119.584
73.026
87.661
108.065
113.452
82.4315
72.7419
100.875
135.422
95.99
55.7921
88.6333
138.218
87.6883
36.1419
118.993
122.852
56.1136
63.3356
95.939
113.355
82.3842
93.9742
70.6876
100.095
73.8086
114.039
101.477
81.8134
93.6349
103.249
73.199
159.114
77.9566
74.3675
55.6076
88.1398
88.3173
84.9691
79.0462
76.1332
74.6043
116.767
85.7525
100.196
147.198
82.9571
103.839
60.0792
124.711
122.325
53.7734
84.7609
86.5112
83.0202
99.3888
79.1074
86.2525
74.2484
87.9631
142.314
60.3298
137.638
87.2064
94.772
94.3979
103.336
134.867
86.5779
69.3332
100.187
88.3742
83.8356
86.1015
57.1134
168.087
30.0556
95.5429
96.1878
122.364
98.1984
53.523
85.3615
164.016
46.2962
106.757
83.3031
82.4067
98.0475
113.252
108.395
61.2033
92.8622
109.904
73.511
85.3999
75.3716
136.104
91.172
81.01
105.801
113.558
96.3452
78.6578
76.4823
150.306
59.1598
83.4776
89.6665
125.394
82.0777
36.4618
119.418
138.432
56.9556
61.3767
121.544
99.2606
71.6235
98.3634
107.444
89.9662
136.133
89.2044
97.383
79.6256
98.6162
125.383
102.844
39.448
120.32
94.9413
72.6548
91.381
92.8818
118.031
32.0571
97.9894
133.21
124.526
66.9879
87.3948
105.473
147.511
27.2206
98.3495
156.156
102.4
51.156
57.5008
151.917
125.655
58.8999
83.1804
115.712
98.7368
71.718
107.009
122.025
33.3836
110.395
100.83
88.1253
104.171
99.2796
114.261
58.3379
78.462
137.794
84.9211
88.3145
66.5908
100.479
125.696
45.5458
75.2107
120.2
96.2142
63.6616
67.2375
149.752
105.941
46.2673
94.7158
97.8939
109.56
102.348
62.4873
118.918
71.9531
92.2101
86.5989
85.6322
94.4977
108.094
98.5988
76.035
84.9536
110.263
62.9664
92.3253
86.1817
107.378
98.8969
82.1069
68.2301
112.562
58.3351
111.492
83.709
107.462
67.2643
98.5602
74.8015
110.684
104.323
104.563
71.3173
103.188
109.871
73.5857
115.701
66.9981
86.1167
87.4511
90.0104
64.2449
126.718
54.2529
103.045
77.8271
98.5774
112.109
107.737
91.135
73.8067
108.718
95.7656
125.894
86.4779
86.3033
62.5531
131.636
80.7741
124.251
68.575
67.8862
84.6131
59.1987
132.594
56.8098
97.7112
94.7166
92.9654
71.0323
124.324
52.6008
132.093
75.7962
80.546
128.517
72.639
114.588
74.8053
84.4422
51.5016
130.826
89.6313
113.827
34.8169
119.756
84.0131
125.512
63.4381
106.595
110.793
99.5918
64.8303
107.225
106.888
83.6766
44.3533
113.585
108.078
75.8708
75.2733
139.664
72.6712
109.962
67.7467
125.869
111.225
95.7652
94.1231
74.3901
128.606
106.203
90.8261
98.2427
99.4468
80.6204
107.506
64.9005
129.101
65.385
92.5177
108.117
62.1826
133.838
95.5248
72.4559
80.3098
111.641
105.817
82.4404
100.775
156.853
38.861
99.4556
83.6467
101.42
102.164
48.9592
103.736
56.8516
65.9311
115.329
62.9712
98.5051
77.2779
68.3171
133.864
116.207
74.8915
98.0147
79.0465
118.91
44.8793
108.303
105.039
68.7075
69.2316
90.5919
103.829
93.7506
97.0826
116.05
37.9694
86.2655
116.639
102.414
81.8232
79.7975
99.186
108.212
83.216
115.559
76.4582
86.4733
51.4575
111.765
114.73
90.5864
50.2054
114.433
75.2682
124.233
76.3723
124.621
81.8724
108.562
69.093
114.585
103.814
69.7451
76.7108
100.782
57.9641
102.179
113.524
70.8179
63.9237
80.2855
139.028
77.9323
69.8317
110.445
128.819
69.749
58.9417
157.917
105.166
32.9305
81.4444
127.929
75.493
82.4642
56.6653
128.481
100.756
66.6677
91.6663
123.757
76.0772
75.0273
91.1204
119.014
55.8334
88.9872
114.008
106.794
68.2301
80.2208
111.935
97.6522
61.1046
135.374
103.1
86.1786
72.0868
120.543
108.397
54.737
95.9978
110.246
74.861
76.5858
67.3144
139.412
84.4814
32.924
114.886
121.748
66.0436
95.722
100.67
96.9947
60.8668
78.5659
137.47
88.3784
69.6421
67.619
147.588
67.5145
43.6635
126.777
79.9883
99.4478
41.3441
92.4454
128.134
64.0781
65.124
128.881
80.9542
123.033
59.9171
159.924
58.5705
82.325
105.581
103.434
98.5018
73.8326
84.0856
87.2462
73.5932
94.7281
112.516
72.6391
108.403
73.805
146.058
84.5466
102.213
152.677
64.0688
100.704
75.5299
118.003
102.802
55.6024
89.1677
114.733
57.7227
85.0294
81.156
150.405
77.7169
72.9526
97.2018
120.502
129.215
31.4966
105.093
126.126
55.7828
69.1041
95.3126
72.0344
110.451
57.5319
108.384
85.0336
101.953
97.9813
76.4704
127.852
95.72
76.3033
58.5708
127.633
97.3762
72.6301
74.2465
135.718
54.6294
83.3435
120.471
120.268
92.1419
100.209
106.696
92.9694
88.7866
124.062
90.0181
54.1457
85.4252
113.076
92.4471
126.18
74.6483
105.092
61.2213
105.152
111.882
135.066
50.3183
93.2227
72.57
151.183
77.818
89.3066
108.058
93.9883
52.9715
73.5868
137.24
73.1111
54.2722
97.1265
109.934
101.014
75.9443
91.5946
111.849
127.822
49.3799
123.696
110.23
76.2648
64.0278
135.337
88.373
81.0378
78.8902
146.61
72.5846
77.598
125.623
135.704
77.4105
46.8667
140.56
103.253
71.9516
58.2163
122.96
69.0231
82.9224
101.344
117.969
91.993
51.5114
126.921
132.196
84.0798
39.8573
142.342
89.8773
69.2583
42.8663
140.357
78.9594
83.769
74.6998
116.633
93.4499
70.4658
67.3852
159.906
61.413
58.7545
92.9165
138.694
88.7306
71.5712
89.886
121.727
66.1362
90.2217
103.838
123.872
73.2235
79.488
106.793
62.8399
114.374
129.957
98.0333
70.1691
65.4475
123.193
103.77
99.9045
80.0547
52.2479
95.8923
71.9098
100.751
128.849
27.993
89.9005
82.3389
106.636
101.762
88.4994
85.4748
106.311
76.0959
100.789
117.236
124.12
76.4269
65.1547
90.3065
102.587
107.947
70.5957
70.1852
87.4788
40.1489
105.832
101.106
90.4658
49.9762
99.0273
83.9298
136.846
92.585
108.11
82.6178
103.843
74.487
137.739
95.223
90.8881
82.8323
70.7138
72.1056
90.0614
101.991
83.3957
78.2086
82.3217
87.0401
98.1953
116.215
85.7526
96.1377
77.7254
103.853
93.4633
112.577
70.7349
89.0383
89.953
114.706
75.9157
115.958
64.0075
126.31
59.9725
100.617
153.799
39.195
87.9778
113.234
96.4194
74.7957
78.0787
83.402
110.565
71.5405
104.631
82.1726
90.6349
79.5231
89.0901
100.123
61.7527
117.428
75.8083
77.9596
117.806
81.8128
102.298
87.361
101.092
87.0713
63.9908
121.717
89.2991
58.4312
117.703
57.2373
130.935
63.32
79.2797
100.659
63.2372
106.361
112.325
68.6215
98.8115
63.4333
103.43
113.316
98.347
109.914
69.0117
130.081
91.8737
51.7785
130.716
72.3056
100.887
40.9227
93.5001
119.574
74.7538
47.5728
136.632
64.3724
121.552
86.7975
99.4223
61.7773
89.979
122.758
70.09
111.235
77.1127
90.9469
66.7872
99.966
93.7783
124.181
60.3815
101.198
78.1874
113.789
95.0153
73.8354
121.379
74.6447
83.5964
72.0564
122.645
114.783
64.3414
57.9581
134.306
102.682
92.0444
83.7846
101.948
114.007
71.8744
81.2847
105.953
90.8254
52.7769
115.653
66.1605
77.5378
80.4365
88.6966
81.968
124.184
99.2219
103.115
59.6939
102.703
120.696
87.9052
80.5616
92.9469
102.737
57.7671
73.2334
88.4595
116.877
72.4632
52.9234
95.9705
161.228
72.7866
84.9431
74.2426
123.283
80.4858
98.3033
113.181
108.328
85.7168
48.9543
93.4565
130.109
89.6562
85.5536
76.9803
53.2116
108.71
95.982
68.7796
110.981
105.062
75.7034
81.4047
127.533
109.465
96.8725
72.1121
74.9534
120.991
127.794
86.865
85.6191
70.9658
93.5354
104.502
64.7898
97.0179
100.953
71.6836
74.7762
102.889
95.7589
92.2481
100.855
70.4404
98.2829
101.105
115.756
75.2683
85.9801
82.3839
95.4519
99.526
122.004
95.7422
62.0761
103.609
105.444
106.766
52.8549
72.411
97.4352
59.7799
102.514
90.9806
82.2402
60.8521
125.804
83.5778
105.316
87.2945
112.107
69.0199
78.725
110.496
102.477
99.0475
74.9637
104.017
49.5634
101.431
101.984
104.036
63.137
78.8009
106.29
111.981
81.4636
89.7252
95.3068
80.9277
114.556
84.6268
109.085
87.3921
82.5124
71.2975
98.4177
99.0395
69.8956
91.4003
103.969
90.4811
81.5884
97.8275
81.453
106.917
88.493
74.3008
75.6835
100.714
114.76
81.0554
67.8811
76.6948
117.802
70.9448
65.5761
61.7373
89.0539
98.6368
70.6831
103.732
92.6909
93.789
92.2622
107.016
106.775
54.3982
103.293
130.735
58.9158
67.3703
93.4536
117.225
103.294
83.0482
80.0385
123.797
88.264
95.0379
115.295
74.055
74.4675
120.512
115.49
60.0259
78.6918
132.35
99.6499
50.4974
87.9195
136.845
67.0408
77.3241
77.842
161.859
43.2213
93.0376
126.329
120.911
66.3314
88.2359
93.5105
184.021
27.7307
75.107
102.898
126.814
69.9502
45.3547
136.96
79.4904
39.5578
144.819
85.9368
104.476
80.4405
106.86
103.58
89.1841
113.62
133.367
75.5562
79.6588
92.6397
155.537
56.2425
64.2152
145.501
92.5698
93.1077
88.5474
104.638
121.901
44.1382
82.7279
158.154
55.4196
75.6565
90.1889
128.352
59.1162
98.1517
128.062
84.5969
67.8101
103.707
95.7272
135.7
47.7621
72.9786
135.731
90.7805
93.2665
98.9554
104.934
65.3295
77.7018
108.853
138.405
86.7822
68.7426
54.5308
142.558
79.8302
65.4193
131.125
71.3648
102.157
91.2073
112.815
106.913
100.078
79.2359
107.585
85.3032
105.168
104.704
124.749
59.8452
108.008
131.811
78.9384
127.724
108.723
85.5449
94.0392
77.1134
87.3413
103.584
66.258
98.9146
66.5343
143.196
48.1074
91.7319
116.568
78.3471
98.8369
77.7568
81.3534
117.96
43.911
120.281
92.8005
78.1851
79.8269
98.2003
139.076
76.8825
74.4641
124.259
91.4801
70.5267
92.2572
102.398
121.527
14.8423
102.533
91.466
61.3531
90.5913
103.833
110.707
59.5388
86.2895
140.914
82.0138
122.192
96.3654
79.1607
115.128
111.661
70.2927
98.1568
81.3874
115.023
46.7618
124.748
103.109
113.888
57.3846
129.129
94.7211
98.1873
48.2156
112.105
99.1831
59.9996
76.2859
98.5701
114.94
113.878
70.0908
61.3457
151.822
103.916
57.6804
91.1407
106.344
109.696
50.4169
132.961
107.732
78.6328
74.7397
134.148
104.477
61.5241
99.6138
117.919
38.9468
56.3777
136.507
81.2819
83.2757
39.2679
137.113
120.52
64.8595
117.309
94.2354
105.532
76.2621
89.8704
114.33
97.1082
71.7141
86.0094
79.89
141.297
105.852
96.0718
92.0319
86.0363
126.844
81.3227
110.959
72.2521
87.2659
75.4967
62.6657
99.1331
107.243
75.4492
67.3668
72.8035
134.24
122.591
40.4464
105.948
85.5848
97.2248
47.0412
119.575
109.666
82.3625
51.0572
94.557
121.997
91.0211
57.6115
101.413
73.411
92.603
84.5173
61.6248
95.4197
87.2961
84.615
81.811
98.8476
114.958
73.9368
101.365
82.1847
109.309
94.934
84.9211
77.7942
118.402
104.814
101.707
100.093
76.2716
89.6456
126.615
86.9883
65.3009
102.714
93.1722
101.608
103.852
59.3133
131.431
51.8457
103.012
81.0017
101.846
115.636
72.7605
69.2616
95.0335
98.2738
122.044
104.521
91.4309
89.7188
81.2741
98.5895
83.8331
85.0068
75.496
105.635
87.1888
83.2703
97.9514
75.9518
98.5358
106.93
112.293
100.264
69.9273
94.7968
134.038
75.7026
72.5382
109.336
107.524
61.2514
82.3595
130.591
71.8028
67.3407
72.1477
139.062
88.3026
82.5345
123.538
110.211
72.3879
87.8903
97.286
152.335
71.8998
53.1893
80.2047
154.118
70.3098
69.21
101.144
107.429
48.0908
101.689
112.188
129.274
41.858
98.8037
127.166
91.4783
88.1718
132.163
127.836
28.5377
89.7794
124.225
104.498
34.7746
109.307
103.057
104.595
38.0969
98.4817
137.47
98.8585
54.052
114.362
128.923
65.9767
96.9995
112.574
98.5396
99.4008
44.9522
129.244
86.7521
45.0051
95.6706
156.369
46.3769
62.2489
109.354
131.897
74.0483
75.2518
133.872
83.7489
81.851
87.1186
150.613
103.71
36.7417
104.63
165.798
76.5391
43.2303
136.622
88.7794
63.397
71.5062
145.154
69.3155
83.1196
77.6846
142.229
74.6848
64.7783
131.438
131.739
16.636
111.895
113.662
107.351
80.1939
50.0347
147.186
100.263
59.4562
85.0976
136.045
75.9581
78.7781
101.556
163.541
39.6735
76.5205
134.875
74.6693
90.4725
64.8753
135.91
66.9261
62.7358
95.3494
118.646
80.6512
101.344
68.3192
154.337
99.4815
89.065
105.581
114.434
100
68.7528
98.2833
137.102
22.9704
73.2562
91.904
76.8536
80.7976
116.618
99.7512
92.2791
63.4068
128.916
91.2995
149.184
67.8524
85.3869
85.2693
84.9317
102.825
73.984
91.5449
91.081
57.7006
112.834
134.443
103.523
77.7799
113.084
108.901
82.6664
66.9842
130.886
86.0774
65.8606
46.9361
102.692
107.499
111.941
61.6766
87.6264
76.7875
93.6936
111.085
110.585
66.295
129.347
72.1066
110.467
108.84
99.6184
110.343
85.3484
62.2933
84.4251
106.752
103.408
68.6635
78.0114
112.718
84.6944
108.425
61.25
116.332
104.5
51.4891
94.6681
88.4654
108.374
56.2783
100.24
97.8939
106.478
93.1323
103.951
79.962
161.08
48.3722
94.7867
109.961
105.704
87.3975
93.6861
115.683
65.2284
76.6866
80.1498
83.8185
105.57
61.497
85.9459
102.641
72.6898
111.793
112.998
87.6537
93.0795
90.211
110.211
84.1056
91.85
102.558
93.6795
100.665
56.8288
100.88
121.87
61.7539
96.7097
107.318
126.327
48.1208
104.724
119.2
74.5464
91.177
81.4629
88.0994
111.78
74.7128
110.143
99.5443
53.6119
119.769
74.6736
91.0639
114.319
119.178
65.1814
80.3522
99.7521
116.319
131.261
55.4934
66.4791
136.073
83.2728
71.4886
126.688
76.9333
100.433
33.6229
129.308
120.908
49.1619
90.3518
91.7711
138.953
80.1833
108.506
116.028
122.807
73.0287
80.1379
102.346
147.014
51.9518
93.2396
61.6352
87.3931
134.62
74.3275
97.043
94.045
104.089
92.4236
110.923
102.745
107.545
64.3065
136.478
40.4642
147.305
102.468
90.3187
74.3867
99.2249
110.318
76.3907
68.8088
105.696
115.733
37.5929
90.2065
89.0341
167.811
51.6768
91.3129
74.2775
190.991
73.7116
71.2168
88.1328
146.351
43.0027
85.7317
133.052
78.8342
41.4002
98.3102
120.77
88.6338
87.8992
108.053
103.812
104.667
73.9192
113.633
112.602
68.9508
70.0881
133.142
96.9174
83.3336
84.3487
149.342
89.4935
41.7459
145.306
141.83
59.959
36.2728
126.91
117.92
53.393
92.8053
125.974
61.5647
109.174
110.758
119.267
84.6246
89.9206
112.021
136.024
53.203
94.5031
91.5481
116.929
41.3951
116.097
89.5952
93.6071
66.9214
115.072
108.536
119.322
62.8556
101.9
106.711
113.689
63.065
116.549
90.0476
87.9759
30.9459
132.533
78.5719
82.3996
46.0817
118.399
78.7211
83.4452
117.566
129.498
41.7319
123.683
127.451
104.363
108.445
92.1227
115.211
59.6275
85.9646
97.7559
106.67
50.7305
75.6798
90.3612
149.469
56.7299
108.29
128.168
83.0523
90.7543
84.2251
133.692
97.6323
73.0483
97.8921
123.419
76.3529
54.0572
115.085
165.763
72.3964
75.9442
95.5938
161.158
56.9229
82.2946
105.565
132.243
24.3174
75.1512
103.742
126.876
44.4257
112.965
102.947
70.3956
111.224
105.536
99.3696
119.44
83.9917
112.847
88.7896
84.5035
119.08
92.9191
77.2416
80.0444
92.4186
125.22
67.3992
71.2141
83.0459
142.45
52.5522
61.5555
103.625
126.586
31.5199
69.9373
108.216
111.251
50.391
105.4
98.6587
82.5651
67.6626
94.758
122.193
134.586
32.7916
109.362
97.6295
64.316
112.558
103.192
80.4528
73.8028
68.6807
101.169
126.689
59.8154
106.865
84.6819
121.004
74.2198
121.114
90.2467
93.8821
101.226
99.6147
98.8362
85.4575
86.7405
139.201
69.2554
76.3075
114.143
109.622
116.988
25.7275
118.149
113.58
88.3168
126.141
64.0132
73.4582
127.861
73.0522
111.648
82.4183
74.0955
91.6722
99.9648
109.692
98.6694
80.3247
84.0962
103.279
114.297
58.1899
114.654
105.37
68.8643
97.6879
81.9399
123.371
96.4207
102.849
45.6444
91.8784
84.681
103.456
79.8798
104.151
57.4292
76.1417
133.185
116.488
75.9832
73.3401
99.3864
78.1122
117.25
88.4262
115.773
71.1837
80.2736
122.337
80.352
104.571
105.148
107.637
74.4802
58.1893
106.324
131.798
60.4412
91.5637
31.251
174.388
55.8781
81.8595
146.814
57.5302
96.1915
67.6824
127.289
110.308
48.3479
83.8663
117.917
77.0344
106.717
77.1135
121.973
122.876
61.3017
114.677
55.7381
123.826
70.1605
64.9557
85.8808
98.76
84.7136
102.688
45.9823
102.868
110.684
105.718
87.8872
71.9087
142.178
60.9087
97.0851
61.0727
158.117
69.7941
82.7175
86.7036
132.107
79.768
65.4584
99.7431
87.3914
114.429
53.6674
117.221
89.4298
121.425
48.629
105.262
83.3306
131.382
60.7555
94.8612
85.1814
110.579
100.119
82.1144
98.9025
119.274
83.6421
77.1246
118.891
73.1071
116.014
61.6588
104.712
122.415
72.1005
114.004
108.599
81.7264
91.7313
97.4316
79.5677
69.1982
106.163
104.648
64.1507
94.6472
84.6708
102.487
129.566
37.6418
144.772
68.9649
94.5473
84.1831
115.787
104.733
86.403
67.1335
114.148
79.9809
75.8725
89.489
113.842
82.2529
30.5069
113.607
104.314
115.988
55.3925
105.352
82.4935
100.455
105.533
108.894
96.5813
79.7719
94.1526
140.445
74.9213
41.6139
172.244
60.0798
81.8912
52.2468
142.58
110.021
41.1477
82.0998
132.431
90.5455
64.5956
101.994
129.887
58.0493
73.364
128.087
105.671
93.8467
52.8154
117.223
99.1007
83.0514
99.3806
95.8328
106.874
49.6826
93.6818
148.997
62.1823
60.3394
117.427
90.2743
107.366
48.1512
140.072
137.379
28.5313
97.8197
120.471
110.516
76.2157
100.503
96.1583
105.213
68.2963
111.466
103.443
92.5205
54.2252
107.005
106.578
59.9968
99.1436
67.9817
93.7132
57.7343
100.687
112.347
109.095
39.6615
93.0515
108.313
117.541
52.3501
133.998
95.4313
58.4225
65.1455
108.363
102.491
72.8561
52.9704
116.452
96.3362
105.413
69.7642
103.054
97.216
76.7969
66.9611
90.3206
110.911
101.658
65.8183
78.1207
114.159
120.496
84.0931
75.9855
92.3658
120.518
97.8713
99.5254
42.8268
139.917
84.7499
77.9252
94.4217
144.825
49.3837
84.4389
75.6011
126.797
138.33
47.2214
117.944
110.929
102.064
73.9302
154.929
44.0985
106.988
80.9757
101.398
87.6742
92.7299
89.8283
74.4495
76.8469
80.6222
148.184
72.8771
97.6057
64.8309
114.99
94.5964
120.283
117.606
95.2591
68.8034
107.818
105.923
71.6562
131.071
66.8202
49.5586
77.0966
101.053
92.6334
86.801
75.3726
95.1531
113.433
92.5027
111.368
116.095
100.677
93.0452
84.653
101.748
129.266
90.0185
50.8478
101.992
77.4008
64.3076
117.781
98.4151
91.3971
40.5759
125.057
121.437
82.0254
77.8426
89.6095
82.5948
107.418
77.8657
111.328
105.16
65.824
122.291
81.0305
104.401
111.168
91.871
79.744
65.6626
91.5417
79.8734
90.0826
94.9347
72.772
77.1749
98.1972
113.218
149.807
41.6769
100.253
105.981
123.695
84.1448
71.588
97.1503
103.623
85.7091
85.304
85.0755
143.708
97.6849
49.5419
95.8672
111.633
103.24
78.7448
48.3436
99.1435
50.3411
115.471
74.2003
97.9709
49.6264
107.362
65.8721
128.966
103.061
110.093
45.5619
121.758
96.2488
129.565
81.354
76.8225
127.99
74.2204
77.3363
96.9286
93.4975
101.752
116.921
67.2142
102.407
101.934
125.815
80.0937
72.0254
113.011
143.407
72.1339
85.1861
95.5101
110.556
116.629
97.8639
100.238
99.2131
73.9149
129.948
82.2538
127.539
94.932
75.3386
78.7909
138.414
77.7066
97.5049
61.3301
84.6188
51.2744
142.77
70.6935
73.9744
99.6373
116.051
97.5328
71.917
112.708
153.359
69.2645
37.7057
169.845
79.097
97.5136
63.5856
138.943
61.0199
108.512
105.991
123.481
59.1434
77.4769
88.5096
141.878
49.3591
114.172
101.261
87.2116
105.379
85.8409
111.993
61.264
83.4087
129.373
91.7073
82.9582
93.5922
73.135
131.173
89.1869
44.7886
130.985
75.7151
126.086
14.6219
119.288
79.4912
111.939
42.7784
104.247
107.77
86.171
84.3023
134.733
61.9053
90.4238
104.947
78.5981
140.919
69.6031
99.9974
79.3567
78.3825
98.1083
98.3171
89.8344
103.643
79.1729
125.801
64.1196
91.6306
108.598
94.6199
99.8742
52.8241
101.956
112.998
93.5739
79.9114
81.521
108.128
123.902
41.9918
133.826
103.014
97.4824
52.5225
100.269
118.72
57.3636
84.7603
130.107
78.6774
55.9344
96.9504
83.0103
128.39
48.3509
122.148
84.107
98.9931
68.8247
81.6023
147.805
57.0954
87.2771
73.9878
139.44
56.4463
106.206
71.7736
118.224
39.9716
104.428
99.8929
132.354
73.3956
95.844
91.6333
70.5615
101.753
107.79
108.592
61.1181
44.5438
110.609
105.36
71.1966
67.5347
118.491
67.6723
49.4766
105.883
125.441
44.7839
111.968
63.5707
122.179
89.0695
118.996
114.486
96.305
44.2345
115.24
120.831
92.4878
55.9488
80.2159
117.966
79.3327
84.2408
74.1626
124.263
109.689
57.3564
102.667
128.376
72.2139
89.1742
110.202
101.794
87.7618
67.9885
148.699
80.4237
114.733
65.7918
127.736
81.2723
105.142
90.4105
106.606
48.0409
127.463
84.4833
52.5645
82.3332
93.844
105.183
79.2737
42.2893
119.136
91.1345
111.721
46.4606
102.01
128.594
81.4227
79.0759
103.555
136.392
64.869
99.0243
105.386
111.134
60.7829
81.9402
96.0149
117.356
57.2567
75.7654
114.489
100.64
81.3366
97.3592
73.2891
103.443
121.568
94.6453
82.4327
103.558
98.038
126.038
75.5876
87.938
124.589
80.2297
80.7469
78.8949
105.084
81.3374
56.9563
99.5715
111.053
61.5401
97.413
88.272
157.128
44.7768
83.1632
113.849
99.9821
77.6137
57.1849
87.0389
91.3578
82.9045
109.389
85.1348
85.5838
134.021
93.1763
104.179
69.3292
105.027
115.437
51.4399
70.3577
135.13
88.1055
69.4571
73.3414
105.417
117.901
52.2483
117.034
101.314
124.813
28.9649
118.606
98.5991
129.697
62.7544
93.1191
76.6702
128.107
78.7842
85.7603
100.95
67.177
131.51
61.0112
87.5807
104.912
122.058
77.8007
83.8598
78.5682
165.113
74.4757
80.6061
70.5302
143.605
75.3119
75.4073
131.434
98.7631
47.1908
75.9
110.572
101.132
64.1732
85.6926
100.821
61.081
122.638
95.7181
138.038
44.2516
93.3727
136.212
86.3959
56.5996
115.87
109.718
87.9613
30.7504
84.012
160.107
80.6722
48.9883
104.17
119.191
93.4035
65.1998
141.325
77.5674
120.19
64.3063
92.6855
90.2987
101.047
96.2597
140.784
31.3471
111.883
114.854
81.3749
115.436
80.5102
112.842
62.8142
93.6783
99.8913
136.467
74.6296
80.6461
55.1212
171.119
86.0762
53.556
120.72
84.1391
112.35
21.7582
161.302
102.377
68.2943
33.3447
130.155
76.4122
122.598
68.3119
111.051
42.2793
110.948
127.556
89.0096
129.36
79.2233
93.3672
69.0996
109.829
96.0767
93.3232
48.1561
90.6344
63.1451
127.819
83.3862
66.8009
102.863
93.2773
106.189
99.0666
110.339
102.939
63.0677
86.9793
103.045
104.091
94.8764
76.5965
83.2001
101.946
90.6348
83.5968
109.708
78.3902
69.0506
84.9191
121.423
62.1155
79.8394
67.719
98.3935
65.4631
122.563
113.237
89.3435
60.9231
148.34
88.5623
115.045
73.386
93.2857
75.9543
81.1393
79.4785
86.1749
86.5589
62.1263
80.6887
110.288
146.56
57.056
103.982
104.127
83.5394
122.887
95.0583
100.083
78.7024
54.4081
92.7117
116.961
76.2585
114.598
49.6903
112.193
83.4741
100.198
109.098
103.103
57.0761
62.1481
126.35
118.406
70.122
57.3237
89.8924
80.874
98.6991
78.9306
113.201
72.7762
85.5278
81.6204
107.358
115.651
84.9158
76.8008
82.2042
92.1453
117.471
107.757
77.073
84.3774
52.3949
116.402
71.8052
95.8167
82.6474
116.171
70.2115
95.3461
92.9909
157.878
72.1923
57.4858
119.44
126.497
74.3303
52.4726
143.701
105.335
48.0009
74.1257
144.076
