33.9615
34.4518
34.6203
35.2099
33.5598
34.2455
34.4697
34.1806
35.2946
35.5114
35.9734
34.8927
34.3384
34.8616
34.6898
35.124
35.1165
35.9851
35.107
35.2022
35.4364
35.6161
35.4721
35.2914
35.6623
35.253
35.6539
35.3124
35.7289
35.4932
35.5401
35.5231
35.5114
35.5814
35.5788
35.4558
35.6833
35.4499
35.515
35.6262
35.4656
35.622
35.5033
35.5071
35.5982
35.4264
35.6453
35.4412
35.6464
35.439
35.5895
35.5444
35.5227
35.5645
35.5626
35.5656
35.4522
35.5705
35.5398
35.5919
35.4588
35.6532
35.5158
35.4581
35.6293
35.4421
35.6808
35.4239
35.5454
35.5866
35.4374
35.5693
35.5513
35.6277
35.4156
35.5389
35.6118
35.4869
35.5911
35.5513
35.5017
35.5513
35.5178
35.5254
35.6205
35.4676
35.5781
35.5362
35.5361
35.5738
35.6445
35.6508
35.393
36.0817
35.3295
35.729
35.6985
35.6471
35.6523
35.5981
35.7172
35.8878
35.4292
35.6854
35.6483
35.6916
35.3563
35.6049
35.6265
35.3191
35.413
35.7649
35.3537
35.5811
35.5294
35.3164
35.6055
35.2609
35.6786
35.518
35.4293
35.4969
35.4507
36.2581
34.9731
35.7558
35.4779
35.4693
35.4654
35.6105
35.8204
35.7428
35.2402
35.3686
35.5021
35.3121
35.3074
35.5293
35.4763
35.2146
35.5277
35.8717
35.3613
35.4723
35.5249
35.2623
35.6655
35.2546
35.8129
35.4447
35.5292
35.5146
35.5607
35.5465
35.5222
35.579
35.5464
35.55
35.4739
35.5712
35.8441
35.526
35.6354
36.2532
35.4634
35.7281
35.8686
35.7256
35.8595
35.6009
35.8675
36.1238
35.6717
35.509
35.9942
35.757
35.3295
35.5891
35.5864
35.2391
35.4357
35.6645
35.3303
35.5261
35.5052
35.2702
35.4556
35.2267
35.6131
35.5229
35.4059
35.2447
35.5648
36.3893
35.0656
35.5189
35.567
35.2642
35.6385
35.5004
36.0357
36.1497
35.2456
35.3419
35.7817
35.0882
35.2762
35.6799
35.5004
35.2144
35.6091
36.3403
35.6728
35.4143
35.596
35.4425
35.5994
35.0467
35.7919
35.4567
35.2495
35.5833
35.5957
35.3223
35.5713
35.3973
35.4041
35.4138
35.4178
35.5956
35.4891
35.3035
35.4987
35.9867
35.7423
35.1638
35.6345
35.4337
35.5538
35.5633
35.732
35.9324
35.6046
35.1126
35.4186
35.4537
35.1666
35.3276
35.4747
35.225
35.4135
35.6282
35.8253
35.3132
35.5603
35.2827
35.4912
35.8862
35.3276
35.9222
35.3982
36.0373
35.476
35.7954
35.6734
35.9861
35.5685
35.7837
36.0468
36.1409
35.728
35.8634
35.9816
35.7264
35.7168
36.0319
35.7059
35.8318
35.753
35.7369
35.8412
35.4712
35.8474
35.4044
35.4374
35.221
35.5191
35.8643
34.9988
35.4432
35.376
35.7982
34.9902
35.5428
35.3765
35.5649
35.1783
35.3186
35.5163
35.7372
35.3024
35.3799
35.4773
34.9746
35.2828
35.7419
35.4383
35.5859
35.7266
35.4634
35.3014
34.9124
35.1278
34.9423
35.3086
34.9452
35.4174
35.4355
35.539
35.536
35.5371
35.187
35.4064
35.2584
35.4392
35.5045
35.4579
35.6137
35.4739
35.568
35.5171
35.5595
35.4628
35.5749
35.5677
35.5131
35.5793
35.5131
35.5975
35.4783
35.6128
35.5479
35.5588
35.5434
35.4638
35.6201
35.537
35.5607
35.5513
35.5383
35.5446
35.4766
35.6765
35.4076
35.6549
35.451
35.5456
35.5773
35.5043
35.5493
35.4883
35.588
35.4545
35.5742
35.5487
35.5244
35.6237
35.4197
35.6481
35.4609
35.626
35.4036
35.6402
35.4946
35.5048
35.6895
35.4511
35.6282
35.4843
35.4885
35.5927
35.4207
35.637
35.4273
35.6472
35.4214
35.6229
35.519
35.6056
35.488
35.5169
35.5862
35.4908
35.5922
35.4779
35.6254
35.5346
35.4929
35.6275
35.4618
35.7124
35.4173
35.6179
35.5981
35.4512
35.6225
35.5055
35.572
35.5345
35.53
35.5499
35.533
35.5785
35.744
35.6275
35.4653
36.4069
35.1001
36.0054
35.614
35.8184
35.7616
35.5154
35.9227
36.0814
35.4346
35.6883
35.8642
35.7426
35.2319
35.715
35.508
35.2234
35.5329
35.6275
35.2742
35.7019
35.4174
35.2948
35.5012
35.1834
35.6998
35.4663
35.3663
35.399
35.4739
36.6037
34.5916
35.9589
35.297
35.4242
35.6161
35.4535
35.999
35.9711
34.9918
35.2532
35.4506
35.1685
35.1062
35.6195
35.2759
35.0791
35.6165
36.0072
35.21
35.6159
35.2677
35.2261
35.7381
35.0141
35.6221
35.369
35.5871
34.3666
36.0887
35.0564
35.2951
35.2826
35.2238
35.5473
35.0772
34.7736
35.8351
35.348
35.0356
35.3852
35.9256
35.3064
35.5477
35.9176
35.6941
35.1709
35.9369
35.5167
35.6229
36.157
35.6551
36.2494
35.8564
36.0192
36.0881
36.2969
35.8853
35.628
36.6592
35.8891
36.664
36.4529
35.7819
36.1292
35.734
35.7019
36.1081
36.2877
36.2665
36.2589
36.3733
36.7379
35.8359
36.1981
35.8286
35.5652
35.822
35.9757
36.5472
36.6394
35.0563
36.3622
36.4945
36.0468
34.7415
35.4758
35.226
36.1394
34.5183
36.3682
35.399
35.1972
34.6956
34.7136
35.2516
35.2759
34.5378
34.7413
34.9314
34.5234
35.9362
36.7764
34.8272
34.6354
35.1982
35.8003
35.4748
35.749
36.3261
36.0253
35.1111
34.0382
35.5093
34.5269
34.5703
35.0119
35.0327
34.4869
35.5835
36.1258
35.1943
35.1995
34.9349
34.9139
35.2252
35.0321
35.5331
35.5657
35.8238
35.0949
35.6598
35.3048
36.0798
35.1181
35.771
35.5242
35.7161
35.3232
35.3677
35.8067
35.4642
35.1748
35.3789
35.3246
35.2582
35.3339
35.8102
35.3411
35.6123
35.7473
35.9351
36.141
36.0361
35.659
35.836
36.1876
35.7147
36.1788
35.9598
36.4231
35.345
35.475
36.3833
33.3378
36.8166
34.1876
35.212
34.5191
34.703
35.5366
34.5898
33.755
35.8568
34.7935
34.1862
34.9185
36.0246
35.2341
35.3081
35.9654
36.1575
35.3905
36.9116
34.5598
35.8237
36.068
35.4169
36.7237
35.6068
36.5035
35.5637
35.1689
35.2202
32.0282
37.431
33.99
35.4979
35.0652
35.4109
34.6784
35.3318
33.3671
36.612
35.5865
35.0922
36.4986
36.1627
34.993
36.2742
36.5397
35.024
34.0856
36.8559
35.2789
36.1584
36.9594
35.1337
36.5382
35.0065
36.0293
35.8901
36.1409
35.8456
37.3137
35.9552
36.9535
36.9605
37.3501
37.4562
34.8792
39.287
36.5763
37.727
37.3813
37.5496
38.1504
36.841
36.7061
38.3368
37.1607
36.6966
37.3045
37.0572
36.7654
36.9615
36.6452
36.2891
35.3371
36.7224
35.3337
35.9718
35.8263
34.5136
37.1358
34.3433
35.9646
35.2568
34.9075
35.2179
33.7558
36.4963
34.8536
35.3333
34.6031
34.911
35.3807
33.9431
33.8921
34.2571
33.2045
33.4961
34.605
34.8152
35.37
35.2468
34.3263
34.7961
34.0182
34.6574
33.7545
34.1741
34.0569
33.3498
35.1257
34.3606
35.0797
35.4805
35.2551
35.9757
35.2726
36.3164
36.5742
36.5913
36.3991
36.3959
37.0134
36.4036
36.592
36.6795
36.8003
36.5382
36.1212
35.5464
35.8854
35.8942
35.3043
35.3055
35.2408
34.777
34.7467
34.886
35.2478
34.9829
35.3541
34.5355
34.7074
36.1594
35.629
35.6726
34.5631
35.0026
35.7573
36.3872
36.1723
35.8751
35.8961
34.577
34.4521
34.4244
35.3131
35.5055
32.0933
34.5873
33.1552
34.3665
34.1012
34.4774
34.2654
33.1823
33.4194
35.9757
35.2025
33.9594
34.7143
35.5195
34.716
35.2618
36.2927
35.9537
34.714
36.4389
35.3189
35.8448
36.1938
35.6648
36.2963
35.2159
35.7471
35.8797
36.0284
35.6168
32.7292
38.0438
34.7213
36.0195
35.8385
35.4828
35.4084
34.5543
34.2539
37.1703
36.2575
35.7695
36.488
36.8141
35.4591
36.1287
36.7839
35.366
34.2584
36.4083
35.5952
36.0401
36.4742
35.0901
36.7397
34.7239
36.1177
35.4185
36.0589
35.4172
35.7135
35.5465
36.1835
34.5466
36.0688
35.9035
33.3989
37.7455
34.128
35.8406
35.3533
35.0769
35.7575
34.9529
34.1742
36.2213
35.112
34.586
34.3257
36.9522
34.3528
35.2866
36.0049
35.3082
34.4522
36.3516
33.936
36.1503
36.4809
34.2084
36.5214
34.9475
36.2421
35.4786
36.612
35.4204
33.3427
39.1306
33.622
37.5354
35.7729
35.1987
36.5786
33.8845
35.4596
37.3477
37.2001
35.1854
35.1331
38.3421
34.1912
36.7843
36.3051
35.22
34.2905
36.3268
34.1971
37.8484
35.1954
35.7543
36.8903
34.7096
36.0418
36.3094
35.9136
35.064
36.2006
36.6846
33.6163
37.8501
35.1185
35.8926
37.4521
33.9302
37.4501
35.2722
36.4809
35.4805
35.4728
35.9463
34.9229
34.767
35.5247
35.7156
37.613
34.6566
34.2864
36.9205
34.3591
35.3557
35.3056
35.1246
36.1499
34.8011
35.9588
34.9995
36.7503
35.2001
33.0169
37.0581
35.3881
34.3262
37.6565
34.4352
35.8024
33.7849
36.0029
34.5994
36.2145
33.5605
37.3635
33.9065
37.1074
33.2477
38.0694
33.646
35.6497
34.4316
36.2229
33.0844
37.7534
33.6165
37.8441
33.2724
37.1819
35.095
36.3635
34.0232
37.2414
35.4848
36.4911
34.1036
38.1808
36.6781
36.2585
34.8796
38.2595
36.2556
36.1487
34.8722
38.0687
36.2891
35.5681
35.388
37.1882
36.4282
35.4368
34.8936
36.7701
36.0477
35.6365
34.3205
36.6025
35.9924
34.6717
36.331
35.3184
35.7766
35.5437
35.5905
35.3295
35.7724
36.1265
35.813
34.9827
34.7174
36.7914
35.0137
34.3295
35.0925
36.2893
34.1383
34.2548
36.3526
35.1389
33.8874
35.2776
35.0342
35.3424
35.0456
35.0841
35.5437
35.5546
35.8121
34.341
36.5632
36.2044
34.8248
37.3352
35.1668
36.3234
36.4804
35.1354
35.9856
36.7971
35.4577
37.4291
35.7953
35.3125
36.7752
36.5255
33.855
35.859
36.8233
35.2726
33.4025
37.6486
35.2187
35.0654
35.6615
34.7423
36.3721
33.211
35.8638
35.4609
35.9343
34.275
35.379
36.5173
35.01
33.9087
36.9725
33.643
36.6138
32.7682
36.354
35.0547
37.5816
32.1198
37.3626
33.3356
36.3934
33.2767
36.8967
33.397
35.8874
33.8106
36.2529
32.7429
37.0491
32.8323
37.6738
32.2376
37.3891
34.7934
36.4479
34.0258
37.1804
34.1913
36.6962
34.2056
37.2924
35.4609
36.3403
34.4174
37.7698
35.0407
36.7245
34.6005
37.4875
35.6636
35.912
34.8685
37.5927
34.973
36.5038
34.3595
37.506
35.4607
36.2552
34.9528
37.3976
34.2398
36.6697
35.1746
35.9037
35.4437
36.5226
34.3771
36.6581
36.0251
36.0307
35.5173
36.3408
34.7135
36.2323
34.3796
36.5476
36.4389
34.6504
36.7149
35.9547
35.6501
35.8925
34.7266
36.8794
35.1414
34.7401
36.5869
35.5945
36.1182
35.4466
33.6676
37.0636
34.2945
35.7923
36.1455
36.2653
36.3387
35.1636
36.2271
33.5691
35.2987
37.1171
34.6308
35.0004
36.1755
36.9515
35.5097
33.0155
37.0167
35.5692
33.4731
35.7565
35.5741
35.7963
34.9248
33.0607
37.8043
33.0446
35.5581
36.5898
35.8193
36.2941
34.308
35.9158
35.4129
35.5046
36.3936
35.8567
37.3176
34.6643
34.6827
37.444
35.2052
34.764
37.6353
35.4018
33.7991
35.3276
35.7838
35.7025
34.7207
35.1792
35.5792
35.3559
34.6618
35.1045
37.285
34.0201
35.0464
36.6668
35.5961
36.1064
36.5144
35.4296
35.5262
34.7106
35.1911
36.6506
37.2255
35.2924
35.0671
37.4904
34.8493
37.0907
35.604
36.7321
35.8785
36.7338
35.7064
35.7912
37.2603
37.2313
35.0247
36.3587
36.5602
37.6057
35.1883
36.1191
34.2055
36.0889
33.0423
37.0784
35.7989
36.0244
35.8003
34.0762
35.5869
34.1967
34.9073
35.8991
34.8612
36.1805
34.8572
38.0328
34.3808
36.0661
33.4271
35.9561
35.4696
36.3786
36.9465
37.3878
33.5008
34.1969
33.695
34.6478
34.0848
36.1613
34.0544
35.5676
33.8355
36.6939
34.8721
34.889
34.8324
35.3828
35.4314
35.3742
34.5253
35.8992
34.3365
36.2763
34.9315
36.0489
36.8487
35.2964
35.3569
35.7007
35.0763
35.2849
35.7128
35.8817
36.2388
36.5253
34.3471
35.3591
35.6569
35.1364
35.3436
36.7781
36.0497
33.7931
37.0578
34.7016
36.1175
35.7298
36.2559
36.3149
36.732
35.8124
36.4002
37.0537
34.8789
36.4935
37.7251
35.3281
37.451
35.2953
35.432
35.0877
35.9555
35.0744
35.0563
36.9424
34.8811
33.0683
36.4029
34.7909
35.2285
34.4594
35.8048
36.6406
35.6635
33.9944
36.2087
35.9241
35.4906
34.5
37.298
35.6347
35.2169
36.3258
35.4694
34.7395
35.9994
33.4838
36.7652
34.8165
33.5888
36.5718
34.7939
34.2783
34.6771
37.071
35.8395
33.348
36.0059
35.3611
36.8904
34.7899
36.2164
36.2502
35.4685
34.9879
35.5363
36.3331
35.3643
35.8585
35.6838
35.8517
35.473
36.9112
35.3853
33.3468
36.3021
34.1884
37.5006
35.5558
34.6597
37.0872
36.4391
35.0164
34.673
36.921
35.5755
35.2307
35.0847
36.4894
36.7656
36.1343
35.9017
34.8059
35.9515
34.469
36.7019
35.314
36.3292
35.9741
35.0675
35.5682
34.1259
36.6404
35.7613
34.115
36.56
34.7388
36.4177
34.8182
34.3207
35.6379
35.6828
33.1358
36.0672
36.7143
35.3651
34.8583
34.2691
35.4866
34.0643
35.4869
36.0211
37.0781
35.3381
33.7146
36.6091
32.9034
34.6125
36.3018
34.9953
35.5107
36.7982
36.9707
36.2672
34.3528
35.845
34.6336
36.2299
35.6848
37.3806
37.3844
37.1272
33.4599
37.6204
33.9465
36.5118
36.3548
37.1345
35.7122
36.1626
34.8223
36.2032
35.6037
34.9782
34.1581
36.7304
33.7511
35.392
37.6298
34.5195
35.3758
35.5239
35.4782
35.3187
36.1641
35.2763
35.6961
32.9073
35.8844
35.2342
36.81
34.8612
34.7515
36.22
34.3543
34.8296
36.213
35.6415
36.2919
34.1633
33.9946
36.4792
33.6485
35.5871
35.0187
35.7793
34.8789
35.8926
35.8475
34.9714
34.4861
35.8804
35.2125
35.2434
35.5077
37.8547
36.3823
33.8334
36.3425
35.9024
35.161
35.9744
35.8586
36.9714
36.0342
34.0557
36.9423
34.8768
34.8246
35.371
36.515
36.2661
33.9699
36.4725
34.9383
35.3394
34.6345
35.9608
36.4059
35.4678
34.0321
37.7248
35.1927
35.5104
36.6362
36.2374
35.6238
36.444
34.4141
36.0121
34.4176
35.3884
35.1505
36.4009
35.7632
34.1123
35.6322
34.8354
33.919
35.5952
34.1991
36.4301
34.9399
34.6427
36.5655
35.8699
33.7149
36.3656
36.141
35.8644
35.8372
37.3879
35.506
34.2505
35.9463
35.602
36.0446
37.4341
33.7311
37.1413
35.8395
33.8494
37.0425
35.0952
34.9806
36.0802
34.5893
36.6745
34.9932
35.9958
37.2424
34.8605
36.1266
35.1065
38.2339
36.3028
32.8555
37.0782
36.3391
34.3016
36.0061
37.3317
36.8678
33.5099
35.8604
36.1404
34.0325
35.656
35.6724
36.4741
35.2073
32.5406
37.1454
35.8892
33.5624
37.6663
34.3888
36.4837
34.5023
35.5613
37.9729
31.7942
36.6836
34.2046
36.3717
37.4366
34.1294
38.5089
35.8728
32.6635
35.5661
35.514
35.1329
32.747
35.1124
36.3894
35.0985
33.9246
38.1275
35.8466
34.9453
34.1171
35.1041
37.1964
33.7726
37.4166
35.2986
36.9715
36.3765
35.8546
36.3555
33.4915
37.2773
35.3919
34.7772
36.7254
35.9706
36.9726
34.9134
34.5953
35.6154
34.8557
33.9493
35.8834
36.5125
35.6913
35.8548
34.5183
36.5984
34.9218
35.4457
35.3978
36.4158
35.3806
35.2611
36.4397
35.7171
35.3349
36.5074
34.4316
34.9898
36.2963
36.0228
36.3832
34.8337
34.8092
35.9821
35.2016
33.767
36.917
35.4031
34.8369
33.5241
36.1289
35.6513
35.5149
34.5299
37.3783
34.9454
35.5158
34.4156
35.1478
35.767
34.9881
35.6291
36.5982
35.5108
36.5713
35.471
35.9562
33.8689
35.1621
35.5154
35.2952
36.6522
35.5974
36.959
36.0255
33.7009
35.2546
35.5255
35.5886
35.7133
35.51
36.7067
36.2886
34.2407
36.414
35.9924
35.2427
35.6739
36.9854
36.3989
36.2614
35.3775
34.9544
36.3349
34.8559
35.3582
37.9983
34.9005
34.514
36.8737
33.5418
35.4142
34.5874
35.2025
35.9367
35.1161
35.5975
36.0073
35.3476
35.0567
35.8007
36.6647
34.9572
37.2315
35.2795
35.549
35.9397
35.3256
35.8149
35.4055
36.5315
35.2308
34.8021
35.4039
35.6048
35.2118
35.1355
34.5142
36.3879
35.0302
33.7244
36.1969
33.8042
36.0403
35.6624
35.8011
36.2467
35.6861
35.2488
36.1671
34.9729
35.3744
35.666
37.0211
35.437
35.118
37.5824
34.2068
35.4494
36.1664
35.4227
36.4337
34.904
34.2853
37.3567
34.912
36.5546
36.4918
36.9
36.3359
37.0815
36.5792
35.6522
37.7912
37.1223
35.8903
37.9313
38.4007
37.358
37.1651
35.7914
37.0369
36.31
33.8613
37.0317
37.4962
35.034
34.295
35.9178
35.5942
31.9563
34.8349
34.9047
35.1733
34.0378
33.9076
36.5585
32.8373
34.8065
35.5625
35.1233
33.4355
35.2517
37.7652
36.1864
32.7319
36.2406
35.6617
33.7297
34.2879
36.1976
36.9394
35.1049
31.3627
36.4595
33.3785
34.1299
34.6638
36.1932
35.0131
32.466
35.5567
36.1453
34.4197
34.0718
35.7299
36.9794
33.8379
35.1019
37.439
35.5538
34.4812
36.0864
36.6317
35.1515
34.8668
36.4467
36.9784
34.6961
35.6122
35.9769
36.4753
35.802
34.5482
37.6519
33.6005
35.864
35.0901
35.9665
35.6186
35.083
35.5618
35.9156
33.8167
36.1187
36.0345
36.334
35.0943
33.6188
36.9266
34.8333
33.5891
36.6097
34.8612
36.0877
34.5409
34.8047
35.6266
35.6754
33.8485
36.0143
35.3508
36.2147
35.7445
36.3044
34.1471
35.6437
34.312
35.9301
35.3805
36.4633
35.6346
36.5262
34.3613
36.4742
34.9995
35.6296
35.2388
36.0404
36.6679
35.7173
35.1059
36.6702
35.8258
34.6295
36.0678
36.0243
37.317
35.0529
34.7426
38.8289
34.2245
34.9481
36.5933
37.276
36.133
35.1786
35.5723
37.7976
34.6126
35.412
37.1621
36.6084
35.4523
35.1941
36.8048
34.8088
34.7607
36.9635
34.3355
36.3316
36.7835
35.2527
37.3726
32.9629
36.2145
35.5175
35.0169
35.5936
35.9491
38.6185
33.8313
34.1263
36.1464
35.2389
35.2086
35.756
36.9631
37.6944
33.4506
34.5751
35.6778
33.5166
34.0089
35.9012
35.5951
35.4291
34.9145
38.179
33.9188
33.4659
34.965
34.0492
36.3133
34.0139
37.18
36.5153
34.5675
35.5721
34.7664
35.3114
34.2783
35.2052
35.521
35.798
35.4526
36.8097
35.7096
35.4173
34.2891
36.4336
35.7747
35.9725
35.4343
37.5222
35.5952
36.16
36.0907
36.6945
36.0558
34.8971
36.1727
35.7886
35.3395
36.1414
36.3355
35.481
34.284
35.5244
36.0232
35.9971
33.7841
36.4603
35.3448
35.209
36.1895
36.8322
35.8246
35.3994
35.8446
36.3934
36.1599
36.317
34.0825
35.8609
35.5654
36.5632
36.8728
35.6284
34.5479
35.1705
33.3994
34.3565
34.2887
34.1987
34.3542
35.1669
36.0545
36.233
36.5932
36.2279
34.5782
35.769
35.8505
36.1008
35.971
36.5295
35.8222
38.332
35.5903
36.468
36.528
34.6597
35.2112
33.051
35.1933
34.2351
34.2078
34.7487
35.3655
34.7241
34.1657
34.6269
35.0901
34.1711
35.0976
36.7482
34.3798
36.8348
36.4629
36.2894
37.4131
34.7207
37.0368
37.2796
35.3471
37.1369
35.0792
36.7173
33.3211
35.4087
35.102
33.6673
35.4173
33.6588
33.976
34.9552
33.0304
34.5861
35.4329
33.8748
35.6458
35.5643
36.2027
35.7567
36.5114
36.4597
34.2497
37.7563
36.3895
36.828
38.8375
35.2598
37.4125
36.9987
35.9259
38.1625
37.5531
36.1988
36.659
35.681
36.7108
37.0066
37.1982
36.8768
36.6246
36.7935
36.1056
37.0911
36.6876
35.2506
35.515
34.4803
36.9479
35.8369
36.01
35.6567
35.4165
35.0393
34.1759
35.1605
35.9863
35.4042
34.9873
35.8183
35.7188
35.0181
35.8373
36.0288
34.9347
35.2235
36.1268
35.5812
36.2776
35.3952
35.6959
35.7975
34.6237
35.3462
35.0296
34.9303
33.4182
33.6154
34.5052
34.4385
33.6441
33.6803
33.7696
33.4334
32.688
34.3367
34.838
34.6563
35.4971
35.7137
35.789
35.6155
36.7634
36.407
34.3214
37.1892
35.7949
36.715
36.8684
34.8716
35.9429
35.3889
34.5487
35.6536
33.9208
34.0492
34.1061
33.5238
34.2559
34.4615
35.7709
34.6411
35.763
35.8976
34.7536
36.6223
35.1325
34.802
36.48
35.8039
36.0206
36.2232
36.7198
36.0442
34.3528
37.5383
34.3917
35.1235
35.4783
34.9597
35.8406
34.5578
34.7906
35.7605
33.8202
35.592
36.4913
36.3696
36.1289
35.9583
37.403
35.3262
36.3489
36.0954
34.9992
35.906
34.1573
34.7707
36.8805
34.7765
36.0064
34.3612
34.0979
34.058
33.0117
34.2201
34.821
34.4828
34.8562
35.8657
36.4147
34.7298
37.1903
36.317
35.3139
36.3153
36.3254
36.8617
36.6725
36.9979
35.3297
36.5285
35.0075
36.1298
35.5893
35.5453
34.8054
34.8926
33.1066
33.6345
34.7031
34.4473
35.3235
35.8822
35.9203
36.2375
36.3692
36.6592
35.2505
36.4203
35.5625
35.8984
36.6914
36.6226
37.6866
35.8111
36.6243
36.3213
35.4587
36.6548
34.6099
35.7648
35.2539
35.8157
35.311
35.1615
34.7961
35.1291
33.9422
34.5849
36.0844
35.1798
36.6671
35.3515
37.0424
36.2919
36.0825
35.592
35.7285
35.4626
35.4017
36.7905
34.8822
35.6146
36.448
35.3271
36.6063
35.9675
35.9469
35.2311
35.1611
34.5795
36.0972
36.5181
35.8606
36.4401
35.6267
36.1105
35.9147
35.2292
34.9998
33.589
35.7617
34.7184
35.9256
35.4926
35.2034
35.0583
35.6303
33.1607
35.1718
36.4332
33.9509
36.973
36.3042
36.7039
36.5275
35.5961
36.5394
35.3887
35.2538
34.209
35.4505
36.8648
34.5896
36.624
35.5102
35.2964
35.7213
34.3093
34.7443
36.0857
34.9498
35.4524
36.7284
36.2895
36.2852
36.1629
35.6222
34.3101
34.9204
35.7779
33.6366
36.6664
34.3066
36.4641
36.1159
35.0682
35.8002
34.3813
33.6655
34.7624
34.3703
37.0703
35.7184
36.902
35.9196
36.1502
36.2459
35.6883
35.0138
35.6839
33.3307
35.3401
35.0737
35.4397
35.6624
34.605
35.4361
34.4481
33.7691
35.1544
34.5513
36.6115
34.7548
37.3756
36.5924
36.1949
36.3659
36.2766
35.6746
36.2986
34.2759
37.0484
36.3822
36.4416
36.4667
36.3542
35.6586
35.0816
34.4524
34.4792
35.6131
36.3291
36.1267
36.2616
36.5183
35.7654
37.0347
35.1158
35.5699
35.3685
34.9579
36.0487
35.19
36.7592
36.1923
36.1513
36.4525
34.5966
35.6566
34.9892
34.0984
35.563
35.3391
35.7128
35.5115
35.2871
35.275
35.8587
35.2516
34.1356
35.7444
35.3138
35.8448
35.7006
36.7703
35.3535
35.4976
34.9345
35.6061
36.1754
36.4239
36.5877
37.2723
36.647
36.1463
37.4588
36.076
34.2723
35.7291
35.4569
35.5422
35.6141
35.1281
36.0555
33.3976
34.9817
34.1936
35.5963
36.3307
34.0401
37.6737
35.5214
36.3194
37.3205
36.5609
36.8766
35.4378
35.442
36.401
36.808
37.0671
35.2287
36.0658
35.9871
34.7421
36.0415
34.0848
34.5772
34.0471
34.3875
32.9831
36.2922
35.6635
36.9105
33.9433
36.026
35.3593
36.0838
35.7802
32.6564
37.1816
34.7115
35.8506
37.5208
34.0816
37.5842
34.4169
35.1081
34.7561
35.2894
35.0114
34.2244
34.5613
35.3206
35.8624
35.5268
33.8209
35.1557
35.1595
36.5008
32.9509
36.3114
34.2926
36.8627
34.6675
36.9088
36.4979
35.0771
34.8667
34.2945
36.337
36.4473
36.1326
36.5178
35.3678
37.0421
35.4442
36.3691
33.967
34.4428
35.2993
36.0422
37.2415
37.0265
35.5099
35.4264
34.6127
34.6534
35.6663
35.7617
35.7519
36.1969
37.056
38.1861
35.5786
35.8649
35.8837
33.6343
35.3861
33.7619
36.3094
36.2391
34.4524
35.6215
36.158
34.1258
34.8885
34.1864
36.0146
34.0391
36.516
36.5421
36.2475
37.7432
35.3774
36.822
36.2124
35.0288
36.0349
34.1629
35.5563
36.3395
35.095
35.2379
35.7125
34.3649
34.5204
33.8046
35.0126
33.8929
35.2039
36.4468
35.6878
36.0938
36.2033
36.4933
36.2806
33.8032
34.9961
35.701
35.1785
35.5179
35.8687
35.5583
36.8321
35.5749
35.223
36.0337
34.4548
34.4917
35.2566
35.248
36.9967
36.7729
36.4315
36.7845
33.9688
37.8656
35.3009
33.9924
35.8864
35.7032
36.561
34.065
35.409
35.4542
33.3536
34.6637
33.9452
36.2692
34.9121
36.1123
37.0925
36.97
35.5438
36.6798
35.611
35.6021
35.0716
35.3092
36.4161
33.713
37.9718
34.9301
34.0332
36.542
33.5584
36.1761
34.2897
34.0192
36.249
34.9605
35.5369
35.6401
37.2125
35.7981
35.2613
38.2205
35.2818
35.7904
37.8936
35.9264
37.3147
36.3707
32.7375
39.6282
33.5652
34.6594
36.1828
35.9731
34.7405
34.1745
36.1195
36.0097
34.544
35.4593
34.9504
36.5505
35.9744
35.4371
38.5461
35.5604
36.4542
37.8275
35.1376
36.9708
34.4825
36.5951
36.1861
34.0614
36.7665
34.3175
36.3898
35.0304
33.8847
37.7149
32.9798
34.9139
35.3889
35.3674
34.6962
36.1249
36.7155
36.5198
33.0026
36.7788
35.2131
34.2295
35.7145
34.8252
37.0169
34.6836
36.5568
37.1783
34.4299
37.3991
32.8017
35.1822
35.1262
34.8715
36.7418
35.3908
36.6508
36.2468
34.5202
35.9981
34.5351
34.63
34.8711
36.3724
35.7692
35.0956
36.3309
36.5487
32.7182
37.9841
33.5808
35.8645
35.8856
35.8261
37.1003
35.8311
35.5768
37.4365
34.3158
35.3111
34.422
36.0541
35.1763
34.9013
37.0945
34.7081
35.3407
36.2342
34.1323
36.3514
35.907
34.912
37.3315
35.3187
36.9361
35.8801
37.5167
36.7496
33.984
36.8062
34.7412
35.7185
35.9226
35.7144
36.3349
34.5934
34.0821
36.3778
34.9414
34.7824
36.4854
35.4275
35.7149
35.2441
37.1388
36.2043
35.2309
37.0071
35.5386
34.948
36.302
34.7481
36.4581
33.0183
36.3515
34.4494
35.289
35.1368
36.1173
34.8035
36.0483
33.1997
35.5323
35.506
34.6398
36.2631
35.14
36.5535
36.3698
34.9187
36.989
34.9543
33.4158
35.1677
34.6794
35.2325
33.5145
35.5065
35.3288
33.3688
35.6215
34.6759
35.3107
35.2689
34.7025
36.1405
36.7667
34.8839
38.4616
35.1146
35.2018
36.125
35.067
36.4075
35.6959
34.0395
35.2811
35.7728
35.606
33.7894
36.9419
33.3138
33.0279
34.7917
35.7555
35.5063
36.3038
36.6192
35.9404
35.5816
36.0162
37.5662
34.3928
35.033
35.8892
35.7333
35.8749
33.7623
37.4784
34.4009
34.4908
35.5362
34.4133
35.9064
34.6087
33.5337
35.5999
35.4643
35.6436
35.7329
37.1417
37.1588
35.2695
37.4081
37.7524
35.6725
37.1566
36.5831
35.933
36.2619
34.6698
37.9001
33.973
35.7562
36.1431
34.5281
34.2579
34.5344
36.0232
35.6857
34.9088
37.2495
35.2949
36.718
36.7318
36.9885
36.1492
34.9453
35.7088
35.7669
34.836
36.3972
34.5113
36.1261
35.3471
34.987
36.0045
34.5722
35.1303
34.7269
34.4924
36.0604
34.7956
35.2461
37.5389
35.6548
37.3249
35.8801
36.7297
35.6343
34.7907
35.5587
34.3584
35.8325
35.3555
34.7755
36.7345
34.1489
35.4199
34.7657
34.0275
34.8154
35.569
36.1332
37.5478
37.1433
37.6738
37.2364
36.1971
37.0371
35.48
36.6741
35.5753
35.8837
38.0347
34.5894
36.4381
34.9718
34.8091
34.5321
33.7619
34.1309
34.3711
34.2615
36.752
33.5515
37.4297
34.5945
35.3883
35.3112
35.2381
34.6431
35.8788
35.4045
36.9811
35.3299
36.3066
35.6228
34.0316
35.9913
34.8742
35.6847
34.3231
34.5073
36.7574
34.3807
35.1442
34.8825
34.7295
35.3384
33.847
36.0085
35.0044
34.2423
37.0478
33.5323
35.89
35.2596
35.5197
34.8569
34.8213
34.4276
35.2252
34.564
36.073
35.7735
37.1369
35.1127
36.231
36.7181
35.6846
35.5753
35.1331
36.399
36.1767
36.5373
36.385
36.1118
34.5774
35.2551
33.8826
35.1544
34.4828
35.6374
35.8678
36.0582
36.1494
35.8396
36.4102
34.4613
35.1385
36.0558
35.6604
37.6743
35.9974
36.0308
35.6979
35.1989
35.4195
36.1483
35.7881
35.4027
35.3388
36.5073
34.6679
36.8
35.833
34.335
35.4048
34.7998
35.2211
35.5843
34.1777
36.3745
34.9737
35.9174
36.9377
35.8615
36.2789
36.1581
36.7898
35.6729
35.6101
36.9366
34.6795
35.8623
35.5914
35.3082
34.8351
34.1222
34.532
34.0838
33.1067
35.1298
34.682
35.2282
34.419
35.2878
35.7419
35.7457
36.5367
36.2546
35.7021
36.714
35.7164
38.0636
36.3406
35.5745
35.5917
36.4512
35.8202
35.2397
36.023
35.8047
32.7174
33.7813
34.1052
34.6913
34.2799
34.9719
35.8145
35.1212
35.836
37.484
35.6213
37.3908
34.9969
36.3904
37.1409
36.9399
37.6247
36.4856
37.5193
37.7676
36.153
37.3296
34.9819
36.1616
34.5137
35.5856
35.3268
34.5602
34.5948
35.5734
32.9111
35.6349
34.8525
35.837
35.4136
35.1434
37.0342
35.4812
36.6666
37.0651
35.5112
35.9259
35.6638
35.4549
36.7211
35.2145
35.3441
34.6515
35.3094
35.213
35.2443
35.7213
33.314
34.1576
34.2059
33.4177
35.3721
35.3205
36.1515
37.1295
35.971
36.5198
35.314
36.4297
35.3177
36.6553
35.7895
34.9986
36.6525
36.7964
36.2326
34.9608
35.1871
34.3393
34.1779
33.0817
34.9648
36.0644
35.7088
35.5196
35.1057
36.2884
35.1493
36.1911
36.8825
34.6276
35.8314
36.1944
36.5406
36.782
36.9278
36.7801
34.5429
36.0748
34.0872
36.7317
34.4819
34.4704
34.6182
34.6913
34.2118
35.7541
35.8169
35.5948
35.5533
34.942
35.0479
35.6036
35.5469
35.9007
34.5348
35.6793
34.6876
36.5091
35.9839
33.2708
35.8381
34.8892
34.405
34.7206
34.47
34.7485
34.3593
34.0989
35.04
35.6931
35.3665
36.1857
35.4346
37.0067
36.5006
36.6191
36.1299
34.7771
35.9092
36.3467
35.0002
35.5247
35.5926
34.9487
35.1072
35.252
35.8835
35.5677
34.4303
33.7008
34.7314
35.6108
33.8613
35.5933
36.0781
36.7008
35.9089
36.9211
36.4496
35.4967
34.8689
35.3118
34.1338
35.245
36.677
35.9873
36.1675
35.966
36.1718
36.8637
33.0709
35.9559
35.2512
35.5174
36.3201
36.6425
37.0635
36.7701
36.3873
35.609
34.4541
35.111
34.3518
34.9176
35.812
36.9489
36.8105
37.0572
36.2167
37.3781
33.4414
36.1084
35.807
35.5862
38.2803
36.847
37.8975
37.1274
36.4572
36.8247
35.1487
35.4669
34.5228
34.8053
35.1167
34.8501
35.3956
35.4582
34.8524
34.6442
33.723
34.9728
36.8819
35.5985
38.7361
37.5339
37.4521
37.8261
38.1963
39.2398
35.3042
38.6064
36.0003
36.56
37.7129
37.4613
36.9096
34.9417
33.7956
33.1482
31.4743
32.54
34.2812
33.3054
33.2698
34.3293
34.4209
35.4181
34.3872
36.0305
33.9498
34.5896
36.1325
35.713
38.6221
36.0876
37.7079
37.0102
36.5201
37.1695
37.4071
36.5033
34.8185
34.7008
34.3216
34.4223
33.9591
34.3191
34.0826
32.6272
32.6327
34.1324
34.7485
33.3733
35.1134
34.7759
34.5979
35.5749
36.7689
37.0122
34.8412
36.3292
36.9193
35.8298
36.9613
37.3635
37.7258
36.4776
36.1036
36.8206
35.9624
33.1076
34.8409
35.1803
33.7528
33.9172
34.8769
34.866
33.2459
35.2799
34.0736
35.185
35.0803
35.6194
37.0348
35.8113
36.5732
36.7403
37.741
34.66
36.3045
37.3073
36.1811
35.2952
35.4564
35.4621
35.6819
34.4046
33.6538
34.5108
33.4009
32.2446
34.6896
34.9181
35.8481
34.3627
37.1414
35.325
35.8031
39.0493
34.9184
37.3003
36.4821
36.6771
37.5507
36.7967
38.2734
36.5431
37.5345
34.0061
35.9946
35.4984
34.6863
34.3973
34.4818
33.2732
34.4675
34.3735
34.3845
36.2883
35.6546
33.9628
36.6019
34.9667
37.6745
34.1347
37.4182
35.5411
35.7895
36.0502
35.9008
37.626
35.7884
35.6703
35.3439
33.1961
35.1341
34.1221
35.1298
34.0093
33.9653
34.0759
34.0754
33.3509
34.7093
34.6623
33.6706
34.648
35.453
36.0633
35.57
34.3635
35.5187
34.1094
35.3424
35.6468
36.3767
36.5301
34.7506
34.3618
34.3929
34.6976
34.2089
34.6946
33.573
34.3592
35.7425
31.4336
38.069
32.7007
34.3486
33.5092
33.9276
35.4281
33.4387
32.9333
36.2248
34.755
33.8731
34.6889
36.9636
34.8487
35.3106
37.2112
36.0186
34.2049
37.312
34.9877
36.1212
36.9818
33.8411
36.8842
35.0584
30.089
37.9869
34.606
34.3354
28.5937
39.0381
33.726
34.5893
32.1458
36.1883
34.9159
31.2964
32.08
40.601
36.741
35.845
39.8177
39.0555
34.0063
38.7125
37.7025
35.7671
34.9256
37.5479
37.8083
35.9032
37.8409
35.2819
39.2581
34.1145
29.5145
40.4115
34.2848
36.6015
36.7997
35.3014
35.8779
32.576
32.1726
38.6333
38.1712
36.4013
38.5142
38.8334
35.7923
36.721
38.5139
35.3845
32.0774
36.8962
35.4638
36.9523
38.0637
34.7392
38.5155
33.4795
36.136
35.788
35.3754
35.6945
35.8494
35.2866
35.6407
35.6485
35.5589
35.6441
35.573
35.5402
35.9809
35.4535
35.6209
35.7097
35.628
35.2834
35.6549
35.4491
35.4345
35.4743
35.6926
35.3137
35.593
35.4473
35.4197
35.5056
35.3692
35.6595
35.4657
35.4243
35.4935
34.0712
36.0544
35.3703
30.5313
37.9406
33.2523
34.6615
34.2674
34.6911
35.5577
33.4999
32.0465
36.5919
34.507
33.3189
34.6542
37.0191
34.5303
35.5134
37.6742
35.8562
34.2474
37.4958
34.6847
36.6352
36.6674
36.0462
37.3465
34.842
36.5
36.0592
36.9674
36.052
29.5736
41.0434
33.8395
36.9298
36.4464
35.248
35.5509
33.5361
32.9694
38.8252
37.122
35.9556
37.4615
37.9698
35.4143
35.236
38.1607
35.4425
27.3622
39.9595
32.9549
36.4504
35.6627
33.5193
37.7754
31.6608
33.7202
36.1623
35.1267
33.5219
34.3674
37.1241
34.7552
35.4136
37.4389
35.8712
33.8757
37.2424
34.953
34.6964
36.9381
35.6884
32.2492
36.9798
34.1942
35.0564
35.4915
34.5388
29.0449
39.4936
30.0461
38.0769
35.3211
33.3851
34.748
34.9033
32.2035
38.8467
38.9808
36.4291
36.3233
40.1429
34.7339
36.066
39.6052
35.5337
29.2029
39.2458
33.6183
36.4664
37.2294
33.481
32.2779
36.8365
31.082
38.0314
35.1516
33.3361
34.5269
35.2502
32.2904
38.5964
39.1124
36.4158
36.0626
40.1604
34.8344
36.1193
39.6396
35.9385
29.788
39.2555
33.7558
36.8542
37.3242
33.7588
31.8257
37.7289
31.3762
37.9854
35.5488
33.6117
34.4542
35.2289
31.8396
38.9865
38.8711
36.5157
36.1747
40.2257
34.7811
37.3224
39.8456
34.8885
34.5645
36.8118
35.7541
37.2765
38.7311
34.8382
32.3367
38.8934
34.4333
36.9319
35.9891
35.4521
35.6618
33.7387
33.1094
38.5724
37.0664
35.6294
37.3573
38.1422
33.7211
36.6823
38.3706
30.414
35.278
35.3331
34.5608
35.0609
36.527
34.0547
36.535
30.2968
37.6875
34.6566
33.5895
34.7611
36.9988
34.8697
35.4143
37.1807
36.1234
34.1955
37.5132
34.8889
36.1542
36.8849
35.5728
37.3628
34.6923
36.2257
36.0309
36.5451
35.6119
29.8938
40.5131
33.6065
36.8036
35.9129
35.4432
35.4914
33.6448
31.3508
38.2674
37.3728
29.9484
39.4149
34.5264
33.9564
35.7387
31.425
37.7304
28.5911
32.6886
34.6699
35.2442
34.7967
31.8467
36.6775
34.3807
35.6995
35.8108
35.9025
35.7618
36.6789
35.1994
37.8572
38.014
34.2459
40.0029
34.1871
36.5005
37.7969
36.8141
37.8384
27.7274
40.924
34.9021
37.715
36.8773
29.5609
41.0857
30.592
33.4165
39.1925
38.0788
36.2788
36.5652
36.2761
39.0458
38.3079
38.8625
36.1515
34.4262
37.019
32.0121
41.8405
35.6753
31.32
39.1243
32.3685
37.0672
36.1444
31.2408
39.2445
33.1328
34.3954
34.9099
37.1182
34.8699
35.5673
37.2483
36.0714
34.6156
37.3532
35.0668
36.2159
37.0682
35.2816
37.3905
34.6786
35.885
36.0676
36.7398
35.3784
30.1773
40.364
33.5687
36.7056
35.8763
35.5569
35.3453
33.5641
33.0571
38.5769
37.6414
35.3377
37.6712
37.7811
35.2911
36.7461
38.1195
35.3268
33.3426
37.0444
35.2246
36.6022
37.1737
34.3858
37.8548
33.5595
36.2287
35.5945
35.8449
35.2768
35.7317
35.4261
35.287
36.0787
35.1014
36.0392
35.4583
35.6759
36.0025
35.4108
35.8241
35.9736
35.4622
35.6904
35.8466
35.6207
35.8878
35.3587
35.6771
35.555
35.6153
35.4807
35.4965
35.6145
35.3033
35.4237
35.6246
35.2951
35.6426
35.4316
35.3608
35.407
35.435
36.0423
35.1452
35.5524
35.4155
35.4557
36.0991
35.0492
35.9561
35.5939
35.1758
35.4967
35.5134
35.4959
35.583
35.2821
35.3859
35.1409
35.5624
35.5069
35.4273
35.3617
35.2625
35.4422
35.829
35.1658
35.7312
35.3727
35.3404
35.6664
35.3288
35.6829
35.5411
35.4621
35.6421
35.4375
35.6335
35.4989
35.5612
35.5243
35.5398
35.5466
35.5299
35.5973
35.5099
35.5202
35.5981
35.3765
35.6917
35.4359
35.5975
35.5009
35.5609
35.5575
35.4957
35.6255
35.4784
35.5789
35.4829
35.5162
35.6148
35.4695
35.6392
35.4832
35.5445
35.5493
35.6651
35.6205
35.5806
35.9171
35.5625
35.7241
35.6558
35.8006
35.6503
35.6507
35.7649
35.7671
35.8385
35.5333
35.7812
35.7509
35.3811
35.7519
35.3521
35.5744
35.3676
35.587
35.397
35.5163
35.6005
35.3188
35.5805
35.2442
35.5188
35.5684
35.4687
35.3749
35.5026
35.868
35.4412
35.6979
35.3471
35.6482
35.4471
35.5637
35.7893
35.7274
35.7153
35.2886
35.472
35.3005
35.2393
35.6408
35.2859
35.3934
35.4865
35.5886
35.6174
35.4719
35.5076
35.2513
35.431
35.3679
35.5616
35.4522
35.6327
35.4243
35.496
35.504
35.5067
35.5684
35.4927
35.4796
35.5831
35.5839
35.5827
35.452
35.64
35.4234
35.5718
35.6003
35.4737
35.7653
35.4282
35.4831
35.5438
35.3901
35.5227
35.4837
35.5846
35.3973
35.5473
35.6117
35.5307
33.854
33.9547
35.7717
29.9275
33.1812
35.5912
32.4571
33.4536
32.8551
34.8427
33.1604
30.2406
33.5647
35.9424
32.5279
32.8999
36.836
36.54
34.9292
37.7408
38.1755
34.6912
36.2008
36.9785
35.6007
37.9071
36.9842
37.996
36.327
35.2933
36.6824
37.3499
36.9387
28.6304
35.6453
38.647
34.9765
37.8796
35.7602
35.7966
32.4634
30.5167
36.5002
40.9187
37.7383
38.815
40.6183
37.8752
36.5619
39.6774
37.5054
31.7938
34.7079
37.0886
36.8117
39.0698
36.3808
37.6753
35.6112
34.5022
36.6355
35.3754
35.6945
35.8494
35.2866
35.6407
35.6485
35.5589
35.6441
35.573
35.5402
35.9809
35.4535
35.6209
35.7097
35.628
35.2834
35.6549
35.4491
35.4345
35.4743
35.6926
35.3137
35.593
35.4473
35.4197
35.5056
35.3692
35.6595
35.4657
35.4243
35.4935
35.5048
36.1452
35.0311
35.6874
35.4432
35.4882
35.4622
35.7351
35.6368
35.8279
35.2245
35.4041
35.4929
35.3292
35.3621
35.4491
35.4174
35.2795
35.5945
35.8449
35.2768
35.7317
35.4261
35.287
36.0787
35.1014
36.0392
35.4583
35.6759
36.0025
35.4108
35.8241
35.9736
35.4622
35.6904
35.8466
35.6207
35.8878
35.3587
35.6771
35.555
35.6153
35.4807
35.4965
35.6145
35.3033
35.4237
35.6246
35.2951
35.6426
35.4316
35.3608
35.407
35.435
36.0423
35.1452
35.5524
35.4155
35.4557
36.0991
35.0492
35.9561
35.5939
35.1758
35.4967
35.5134
35.4959
35.583
35.2821
35.3859
35.1409
35.5624
35.5069
35.4273
35.3617
35.2625
35.4422
35.829
35.1658
35.7312
35.3727
35.3404
35.6664
35.3288
35.6829
35.5411
35.4621
35.6421
35.4375
35.6335
35.4989
35.5612
35.5243
35.5398
35.5466
35.5299
35.5973
35.5099
35.5202
35.5981
35.3765
35.6917
35.4359
35.5975
