33.55730000
33.44600000
33.44470000
33.33330000
33.44470000
33.44470000
33.44600000
33.44270000
33.33330000
33.55400000
33.33330000
33.44270000
33.44270000
33.55730000
33.33330000
33.44470000
33.44600000
33.33330000
33.55530000
33.33330000
33.66470000
33.33330000
33.33330000
33.55870000
33.55870000
33.33330000
33.44470000
33.44270000
33.33330000
33.55400000
33.33330000
33.44470000
33.44470000
33.44600000
33.44270000
33.33330000
33.55870000
35.22200000
33.33330000
33.33330000
33.55530000
33.33330000
35.25070000
33.33330000
33.44470000
33.44470000
33.44470000
33.44470000
33.55400000
33.33330000
33.44270000
33.44470000
33.55730000
33.33330000
33.44270000
33.44470000
33.44270000
33.44600000
33.33330000
33.44270000
33.44270000
33.55730000
33.33330000
33.44600000
33.44600000
33.44470000
33.44600000
33.33330000
33.55400000
33.33330000
33.55530000
33.33330000
33.55400000
33.33330000
33.55530000
33.33330000
33.33330000
33.55530000
33.33330000
33.44470000
33.44270000
33.44470000
33.44600000
33.33330000
33.55600000
33.44600000
33.44470000
33.33330000
33.44600000
33.44270000
33.44470000
33.44600000
33.44600000
33.33330000
33.55400000
33.33330000
33.55530000
33.44470000
33.55730000
33.33330000
33.44470000
33.44270000
33.33330000
33.55600000
33.33330000
33.44600000
33.44600000
33.33330000
33.55730000
33.44600000
33.44270000
33.33330000
33.55870000
33.33330000
33.55600000
33.33330000
33.33330000
33.55730000
33.33330000
33.55400000
33.33330000
33.55600000
33.33330000
33.55400000
33.33330000
33.33330000
33.55870000
33.33330000
33.55600000
33.33330000
33.33330000
33.67200000
33.55400000
33.33330000
33.44270000
34.77670000
34.45200000
34.21330000
33.44270000
33.44270000
33.33330000
33.44470000
33.44270000
33.44470000
33.55200000
33.44470000
33.33330000
33.55200000
33.33330000
33.55730000
33.33330000
33.33330000
33.55400000
33.33330000
33.55400000
33.33330000
33.55200000
33.33330000
33.55200000
33.33330000
33.44270000
33.44470000
33.44600000
33.44270000
33.33330000
33.44470000
33.44600000
33.44270000
33.44470000
33.44470000
33.44270000
33.88870000
33.88330000
33.33330000
33.55730000
33.33330000
33.44470000
33.44600000
33.44600000
33.44600000
33.44270000
33.44270000
33.44600000
33.33330000
33.44470000
33.44270000
33.44600000
33.44600000
33.33330000
33.55730000
33.33330000
33.44600000
33.44600000
33.44600000
33.44270000
33.44600000
33.44470000
33.33330000
33.55870000
33.33330000
33.44470000
33.44270000
33.33330000
33.55200000
33.44470000
33.44270000
33.33330000
33.55730000
33.33330000
33.55600000
33.33330000
33.33330000
33.66800000
33.33330000
33.55530000
33.33330000
33.55200000
33.33330000
33.55600000
33.33330000
33.55600000
33.33330000
33.44470000
33.44270000
9.09091000
28.80930000
33.33330000
33.44270000
35.31870000
34.34130000
35.11130000
33.44600000
33.44600000
33.33330000
33.55530000
33.33330000
33.44270000
33.44470000
33.44270000
33.44470000
33.55200000
33.33330000
33.44470000
33.44470000
33.44600000
34.23130000
33.55530000
33.33330000
33.44470000
33.44270000
33.44470000
33.44470000
33.44470000
33.44470000
33.44270000
33.44270000
33.33330000
33.44270000
33.44270000
33.44270000
33.44470000
33.33330000
33.55400000
33.33330000
33.55730000
33.33330000
33.55530000
33.33330000
33.44270000
33.44270000
33.33330000
33.55730000
33.44600000
33.44470000
33.44600000
33.33330000
33.55870000
33.44470000
33.44470000
33.44270000
33.44600000
33.33330000
33.55400000
33.33330000
35.67070000
33.44270000
33.44470000
33.44600000
33.55200000
33.33330000
33.55400000
33.33330000
33.44470000
33.44600000
33.33330000
33.55600000
33.33330000
33.55730000
33.33330000
33.33330000
33.55730000
33.55400000
33.33330000
33.55530000
33.33330000
33.33330000
33.55400000
33.33330000
34.12400000
37.66400000
37.88870000
37.65330000
34.34270000
33.33330000
33.55600000
33.33330000
37.66870000
38.55930000
38.32800000
33.66470000
33.33330000
33.44270000
33.44600000
33.44470000
33.44470000
35.58800000
33.33330000
33.55400000
33.33330000
35.33330000
33.55530000
33.33330000
33.55400000
33.33330000
33.55600000
33.44470000
33.55730000
33.33330000
33.44600000
33.44600000
33.33330000
33.44470000
33.44600000
33.44470000
33.44470000
33.44600000
33.33330000
33.44470000
33.55400000
33.44600000
33.33330000
33.44600000
33.44270000
33.44470000
33.44600000
33.33330000
33.55400000
33.33330000
33.44270000
33.44470000
33.55730000
33.33330000
33.44270000
33.44470000
33.33330000
33.55600000
33.33330000
33.44470000
33.44470000
33.33330000
33.55600000
33.33330000
33.55400000
33.33330000
33.55400000
33.33330000
33.44270000
33.44600000
33.33330000
33.55730000
33.44270000
33.55600000
33.33330000
33.33330000
33.55730000
33.55600000
33.33330000
33.55400000
33.33330000
33.33330000
33.55400000
33.33330000
33.55530000
33.33330000
33.44270000
33.44270000
33.44470000
33.44600000
33.44470000
33.44600000
33.44600000
33.33330000
33.44600000
33.44270000
33.44470000
33.44470000
33.44470000
33.44270000
33.44470000
33.44270000
33.44470000
33.44270000
33.33330000
33.44270000
33.44470000
33.44470000
33.44470000
33.44470000
33.44270000
33.33330000
33.55730000
33.44470000
33.44600000
33.33330000
33.44470000
33.44470000
33.44270000
33.44600000
33.33330000
33.55600000
33.33330000
33.55600000
33.44470000
33.44470000
33.44600000
33.44270000
33.33330000
33.44270000
33.44270000
33.44270000
33.44270000
33.33330000
33.55200000
33.33330000
33.55530000
33.44270000
33.33330000
33.55530000
33.33330000
35.66330000
33.44470000
33.44270000
33.44600000
33.44470000
33.33330000
33.44470000
33.55600000
33.44600000
33.33330000
33.44470000
33.44470000
33.44600000
33.44470000
33.33330000
33.55730000
33.33330000
33.44470000
33.44470000
33.55400000
33.33330000
33.44270000
33.44270000
33.44270000
33.44270000
33.44470000
33.55530000
33.33330000
33.44470000
33.44470000
33.44600000
33.44270000
33.55600000
33.33330000
33.55600000
33.33330000
33.33330000
33.55730000
33.33330000
33.55730000
33.33330000
33.44270000
33.44470000
33.55730000
33.33330000
33.44270000
33.44470000
33.44470000
33.44470000
33.44470000
33.33330000
33.44600000
33.44270000
33.44470000
33.44600000
33.44470000
33.44470000
33.44600000
33.55730000
33.44270000
33.33330000
33.44600000
33.44470000
33.44470000
33.33330000
33.55530000
33.33330000
33.55600000
33.33330000
33.55400000
36.67130000
34.77800000
33.33330000
33.55530000
33.33330000
33.55870000
33.33330000
33.44270000
33.44470000
33.55530000
33.33330000
33.33330000
33.55600000
33.33330000
33.55600000
33.33330000
33.44470000
33.44600000
33.44470000
33.44600000
33.33330000
33.55530000
33.44600000
33.44270000
33.33330000
33.44600000
33.44600000
33.44600000
33.44470000
33.44600000
33.33330000
33.44270000
33.44470000
33.55600000
33.33330000
33.44470000
33.44600000
33.44270000
33.44470000
33.33330000
34.89070000
35.57270000
33.44600000
33.33330000
33.44470000
33.55730000
33.44470000
33.44470000
33.33330000
33.44470000
33.44470000
33.44470000
33.44600000
33.44470000
33.33330000
33.44470000
33.44270000
33.55600000
33.33330000
33.55600000
33.33330000
33.44600000
33.44600000
33.33330000
33.55730000
33.33330000
33.55400000
33.33330000
33.33330000
33.55400000
33.55730000
33.33330000
33.44470000
33.44470000
33.44470000
33.78330000
33.55870000
33.33330000
33.44470000
33.44470000
33.33330000
33.55730000
33.55730000
33.33330000
33.33330000
33.55400000
33.33330000
33.55870000
33.33330000
33.44600000
33.44470000
33.44270000
33.55400000
33.55400000
35.11130000
33.44470000
33.44470000
33.33330000
35.19470000
33.44270000
33.44270000
33.33330000
33.44270000
33.44270000
33.44470000
33.55730000
34.55530000
35.32800000
34.77400000
34.66130000
33.55600000
33.33330000
33.33330000
33.67000000
33.33330000
33.44470000
33.44470000
33.55400000
33.33330000
33.44470000
33.44470000
33.33330000
33.55400000
33.33330000
33.44600000
33.44600000
33.44470000
33.44470000
33.33330000
33.55200000
33.44270000
33.44600000
33.33330000
33.44470000
33.44470000
33.44470000
33.44600000
33.44600000
33.33330000
33.44600000
33.44470000
33.55730000
33.44270000
33.33330000
33.44270000
33.44470000
33.44600000
33.33330000
33.55730000
33.33330000
33.44470000
33.44470000
33.33330000
33.55530000
33.44470000
33.44600000
33.44470000
33.44470000
33.33330000
33.55400000
33.33330000
33.44600000
33.44270000
33.33330000
33.55730000
33.44470000
33.44470000
33.33330000
33.55200000
33.33330000
33.44270000
33.44270000
33.33330000
33.55530000
33.33330000
33.66470000
33.44270000
33.55400000
33.33330000
33.44600000
33.44270000
33.33330000
33.55200000
33.33330000
33.44470000
33.44600000
33.33330000
33.55400000
33.33330000
33.55730000
33.33330000
33.55870000
33.33330000
33.44270000
33.44270000
33.44470000
33.44270000
33.33330000
33.44470000
33.44470000
33.44270000
33.44270000
33.44470000
33.44270000
33.44470000
33.44270000
33.33330000
33.55200000
33.33330000
33.44600000
33.44600000
33.44600000
33.44600000
33.44270000
33.44470000
33.44470000
33.44470000
33.44600000
33.33330000
33.44270000
33.44470000
33.44270000
33.44470000
33.33330000
33.44270000
33.55730000
33.44470000
33.44470000
33.44270000
33.44470000
33.44600000
33.44600000
33.44470000
33.44600000
33.33330000
33.55600000
33.44600000
33.55730000
33.44470000
33.33330000
33.55400000
33.33330000
33.44270000
33.44470000
33.44600000
33.44470000
33.33330000
33.44470000
33.44600000
33.55530000
33.33330000
33.44270000
33.44470000
37.21400000
33.44600000
33.44470000
33.44470000
33.33330000
33.55530000
33.33330000
33.44470000
33.44600000
33.55400000
33.33330000
33.44470000
33.44470000
33.44270000
33.44470000
33.44470000
33.33330000
33.44600000
33.44470000
33.44470000
33.55530000
33.33330000
33.44600000
33.44470000
33.44470000
33.44470000
33.44600000
33.33330000
33.44470000
33.44270000
33.44270000
33.44600000
33.44470000
33.44270000
33.44470000
33.44470000
33.44470000
33.44470000
33.33330000
33.44470000
33.44470000
33.44470000
33.44470000
33.33330000
33.55730000
33.44470000
33.44470000
33.33330000
33.55730000
33.33330000
33.44270000
33.44600000
33.44470000
33.44470000
33.33330000
33.44470000
33.44470000
33.55400000
28.57140000
33.44470000
33.44470000
33.33330000
33.55870000
33.33330000
33.55600000
33.33330000
33.33330000
33.55730000
33.55600000
33.33330000
33.33330000
33.55530000
33.33330000
33.55400000
33.33330000
33.44600000
33.44470000
33.33330000
33.55730000
33.33330000
33.55600000
33.33330000
34.34400000
36.22070000
36.11130000
33.44470000
33.44470000
33.66330000
38.12670000
33.99130000
33.33330000
33.44470000
33.55600000
33.44470000
33.33330000
33.44470000
33.55600000
33.55730000
33.44470000
33.33330000
33.55530000
35.75600000
39.91000000
35.54870000
33.66670000
33.55400000
33.33330000
33.33330000
33.55400000
33.33330000
33.44270000
33.44270000
33.44270000
33.44470000
33.33330000
33.44270000
33.55730000
33.44470000
33.33330000
33.44270000
33.44470000
33.44470000
33.44470000
33.44600000
33.33330000
33.44470000
33.44270000
33.44470000
33.44600000
35.11130000
33.44600000
33.44470000
33.44470000
35.22270000
33.44470000
33.44470000
33.44470000
33.33330000
33.44470000
33.44470000
33.55400000
33.33330000
33.44470000
33.44600000
33.33330000
33.55600000
33.33330000
33.55730000
33.33330000
33.33330000
33.55730000
33.33330000
33.55400000
33.44600000
33.44470000
33.33330000
33.55400000
33.33330000
33.44270000
33.44600000
33.33330000
33.55730000
33.33330000
33.44270000
33.44470000
33.55730000
33.33330000
33.44470000
33.44600000
33.33330000
33.55730000
33.33330000
33.55400000
33.33330000
33.33330000
33.55730000
33.55400000
33.33330000
33.44270000
33.44470000
33.33330000
35.11130000
36.98670000
37.11400000
33.55600000
33.33330000
33.44270000
33.44470000
33.55400000
33.33330000
33.44600000
33.44600000
33.33330000
33.55600000
23.07690000
33.55600000
33.33330000
33.44470000
33.44470000
33.33330000
33.55730000
33.44270000
33.44600000
33.33330000
33.55730000
33.33330000
33.44600000
33.44470000
33.33330000
33.55400000
33.33330000
33.44470000
33.55400000
33.55400000
33.33330000
33.44270000
33.44470000
33.44600000
33.44600000
33.33330000
33.44470000
33.44600000
33.44270000
33.55530000
33.55870000
33.33330000
33.44270000
33.44470000
33.33330000
33.55530000
28.57140000
33.44270000
33.44470000
33.55730000
33.33330000
33.33330000
33.55600000
33.55400000
34.00330000
33.44600000
33.44270000
33.33330000
33.55730000
33.33330000
33.44270000
33.44470000
33.44270000
33.44470000
33.44470000
33.44470000
33.44470000
33.44600000
33.33330000
33.55730000
38.01870000
37.33470000
37.22200000
38.11070000
37.88930000
38.22200000
34.10930000
37.44400000
33.88930000
33.44470000
33.44470000
33.33330000
36.57130000
37.11600000
36.10070000
35.89670000
36.54930000
36.33730000
35.66730000
35.77870000
36.11130000
35.44000000
33.55730000
33.33330000
33.55530000
33.33330000
33.44600000
33.44470000
33.33330000
33.55400000
33.44270000
33.44470000
33.33330000
33.55530000
33.33330000
33.55730000
33.33330000
33.44470000
33.44470000
33.33330000
33.55730000
33.33330000
33.55730000
33.33330000
33.55400000
33.33330000
33.44270000
33.44270000
33.44600000
33.44470000
33.33330000
33.44270000
33.44600000
33.44600000
33.44470000
33.55400000
33.33330000
33.44470000
33.44470000
33.44470000
33.44270000
33.33330000
33.44470000
37.79470000
38.55600000
36.99070000
33.55730000
33.33330000
36.23330000
38.89130000
38.10070000
33.44600000
33.44470000
33.44470000
33.44470000
33.33330000
33.44470000
33.44600000
33.66530000
33.33330000
33.44270000
33.44470000
33.44470000
33.44600000
33.33330000
33.44270000
33.44270000
33.44470000
33.44470000
33.33330000
33.55730000
33.44270000
33.55870000
33.33330000
33.55530000
33.33330000
33.44470000
33.44600000
33.33330000
33.55730000
33.33330000
33.55400000
33.33330000
33.55730000
33.33330000
33.55530000
33.33330000
33.33330000
23.33540000
33.33330000
33.55400000
33.33330000
33.44270000
33.44470000
33.55870000
33.33330000
33.44600000
33.44470000
33.33330000
33.55730000
33.33330000
33.44600000
33.44470000
33.44470000
33.33330000
33.44600000
33.55730000
33.44270000
33.55530000
33.55730000
33.33330000
33.44470000
33.44470000
33.33330000
33.55600000
33.33330000
33.44600000
33.44270000
33.55600000
33.33330000
33.55200000
33.33330000
33.33330000
33.55200000
33.33330000
33.55200000
33.33330000
33.44470000
33.44470000
33.33330000
33.55600000
33.44470000
33.44600000
33.44600000
33.44270000
33.44270000
33.44470000
33.33330000
33.44270000
33.44470000
33.44470000
33.44470000
33.55400000
33.33330000
33.55600000
33.33330000
35.22270000
33.33330000
33.44270000
33.44470000
35.22070000
33.33330000
33.55870000
33.33330000
23.33150000
37.50000000
33.55730000
33.33330000
33.44470000
33.44270000
33.33330000
33.55400000
33.33330000
33.55530000
33.33330000
33.33330000
28.81000000
33.55600000
33.33330000
33.33330000
33.55530000
33.44470000
33.44270000
33.33330000
33.55730000
33.33330000
33.44470000
33.44470000
33.66670000
33.44470000
33.44470000
33.44470000
33.33330000
33.44600000
35.83360000
33.44470000
33.44600000
35.71430000
33.44470000
33.44470000
35.95210000
30.76920000
33.44470000
33.44270000
35.83360000
33.44470000
33.33330000
35.95430000
30.76920000
33.44470000
33.44270000
33.66670000
33.55400000
35.71430000
30.76920000
33.44270000
33.33330000
35.95570000
30.76920000
33.55600000
33.33330000
35.71430000
35.95070000
33.33330000
33.55530000
35.83360000
31.02620000
33.33330000
33.44600000
33.44470000
35.71430000
33.61500000
33.33330000
33.44470000
35.83500000
33.33330000
33.44600000
33.44600000
35.83360000
30.89540000
33.44470000
33.33330000
35.83500000
33.47420000
33.44600000
33.44470000
35.83500000
30.76920000
33.44270000
33.44270000
35.83360000
30.76920000
33.44470000
33.33330000
35.83360000
30.89540000
33.44470000
33.44470000
35.71430000
30.89770000
33.55400000
33.44600000
35.95430000
30.76920000
33.44470000
33.44470000
35.71430000
31.02770000
33.33330000
33.55200000
35.71430000
30.76920000
33.55600000
33.55400000
35.71430000
30.76920000
33.55730000
33.33330000
35.83360000
30.76920000
33.44270000
33.44470000
35.71430000
35.95070000
33.47250000
33.44470000
35.71430000
35.95070000
33.33330000
33.44600000
35.83360000
35.83140000
33.44470000
33.33330000
35.83500000
35.83360000
33.60920000
33.33330000
33.55400000
35.71430000
33.47420000
33.44470000
33.44470000
35.83140000
33.33330000
33.44600000
33.44270000
35.83500000
33.47250000
33.55400000
33.33330000
35.83140000
30.89770000
33.33330000
33.55600000
33.33330000
35.83140000
33.47250000
33.44600000
33.44270000
35.83360000
30.89920000
33.44270000
33.44470000
35.83140000
30.76920000
33.44470000
33.44470000
35.94860000
30.76920000
33.44470000
33.44600000
35.95290000
30.76920000
33.44600000
33.44600000
35.71430000
35.83360000
33.33330000
33.55870000
35.71430000
35.71430000
33.55400000
33.33330000
35.95290000
30.89770000
36.54870000
35.78930000
33.44600000
35.83360000
33.33330000
35.66670000
33.33330000
35.83360000
33.75000000
36.44470000
33.55400000
35.71430000
30.89770000
33.33330000
33.55530000
35.71430000
30.76920000
33.44270000
33.33330000
35.95070000
30.76920000
33.44270000
33.44470000
35.95570000
30.76920000
33.55730000
33.33330000
35.71430000
31.02540000
33.33330000
33.44470000
35.83140000
31.53380000
33.44270000
33.44470000
35.83360000
30.89540000
33.44270000
33.33330000
35.83500000
30.89540000
33.44600000
33.44470000
35.83140000
30.76920000
33.44470000
33.55400000
35.83140000
30.76920000
33.44600000
33.44600000
35.83360000
30.89920000
33.33330000
33.55600000
35.71430000
34.01670000
33.88730000
33.55400000
35.71430000
31.02380000
33.33330000
33.44600000
35.83500000
33.33330000
33.55400000
33.33330000
35.83140000
33.33330000
33.33330000
33.55200000
35.94860000
35.71430000
33.33330000
33.55730000
35.71430000
31.02770000
33.33330000
33.44270000
33.44600000
33.33330000
35.95210000
35.83500000
35.83500000
30.76920000
33.60920000
33.33330000
33.44270000
33.44600000
33.44470000
33.44600000
35.71430000
35.83500000
30.89770000
33.61330000
36.91530000
33.33330000
33.44600000
33.44600000
35.71430000
35.94860000
30.76920000
33.47000000
33.44470000
33.44270000
35.83140000
33.55870000
35.83140000
35.83140000
30.76920000
33.55400000
33.33330000
33.44600000
35.83360000
35.83500000
35.83500000
30.89540000
33.44470000
33.44470000
33.44270000
35.83360000
35.83360000
35.71430000
30.89920000
33.44270000
33.44600000
33.44470000
33.44470000
35.71430000
35.95070000
30.89770000
30.89920000
33.33330000
33.55400000
33.33330000
33.44270000
33.44270000
35.71430000
36.07000000
30.76920000
33.47250000
33.33330000
33.55400000
33.44470000
35.83500000
35.71430000
35.95290000
33.47000000
33.33330000
33.55600000
33.33330000
35.95430000
35.71430000
35.71430000
31.02620000
33.33330000
33.47250000
33.33330000
33.44270000
33.44270000
33.44270000
35.83500000
35.71430000
30.89920000
33.47250000
33.44270000
33.44470000
33.44270000
33.44470000
35.83360000
35.71430000
35.71430000
30.89770000
33.44470000
33.44270000
33.33330000
33.55400000
35.71430000
35.95570000
30.76920000
33.47250000
33.33330000
33.44270000
33.44470000
33.33330000
35.95290000
37.38140000
45.62290000
35.86850000
33.44470000
33.55600000
33.33330000
33.55400000
35.71430000
35.71430000
35.83140000
30.76920000
33.55600000
33.44270000
33.55730000
33.44600000
35.71430000
35.95430000
35.83500000
30.76920000
33.33330000
33.55730000
33.33330000
33.44270000
35.83360000
35.83360000
35.71430000
30.76920000
33.47420000
33.55530000
33.33330000
33.44470000
33.44270000
35.83360000
35.83500000
30.76920000
33.47000000
33.33330000
33.44470000
33.44600000
35.71430000
35.95070000
35.71430000
30.89920000
33.33330000
33.55730000
33.33330000
33.44270000
35.83500000
35.71430000
31.02540000
33.33330000
33.44600000
33.44470000
33.55400000
33.33330000
35.83140000
35.83140000
35.71430000
31.02380000
34.21530000
33.55730000
33.33330000
35.71430000
36.07210000
35.95570000
30.76920000
33.33330000
33.44270000
33.33330000
33.55400000
33.33330000
35.83140000
35.83360000
30.76920000
33.55600000
33.33330000
33.55600000
33.33330000
35.83360000
35.71430000
35.83360000
33.47250000
33.44600000
35.46130000
38.20360000
33.55930000
35.83360000
35.83140000
35.83360000
33.47250000
33.44600000
33.55400000
33.33330000
33.55730000
35.71430000
35.83500000
30.89770000
33.33330000
33.55600000
33.33330000
33.55600000
36.31930000
35.83360000
30.89770000
33.47250000
33.44270000
35.71430000
33.55400000
33.33330000
35.71430000
35.83140000
35.71430000
31.02770000
33.33330000
33.44270000
33.33330000
33.55200000
33.33330000
33.44270000
35.83360000
35.71430000
31.02540000
33.33330000
33.44470000
35.95430000
33.33330000
33.33330000
33.55400000
35.71430000
35.95070000
35.71430000
33.47420000
33.44270000
33.33330000
33.44470000
33.44470000
35.95070000
35.71430000
35.83360000
30.76920000
33.44470000
33.44470000
33.44470000
33.44470000
35.71430000
35.83500000
35.71430000
35.83360000
30.89920000
33.61170000
35.71430000
33.44470000
33.44270000
33.44470000
35.83360000
35.71430000
30.89540000
33.44470000
33.44600000
33.44270000
33.77600000
39.03140000
37.14500000
35.71430000
30.89770000
33.47000000
33.44470000
33.44470000
33.33330000
35.83500000
35.83360000
35.83140000
35.95430000
30.76920000
33.47250000
33.44600000
33.44470000
33.44600000
35.71430000
35.95290000
35.71430000
30.89770000
33.44470000
30.76920000
33.55400000
33.44470000
35.83360000
35.71430000
37.51000000
30.76920000
33.55600000
33.33330000
33.44470000
33.44600000
35.71430000
31.02380000
30.76920000
33.66670000
33.33330000
33.55400000
34.97270000
33.55400000
35.71430000
35.83360000
34.61690000
35.22270000
33.33330000
33.33330000
33.55730000
35.95290000
35.71430000
35.83500000
33.47250000
33.33330000
33.55400000
35.10400000
35.11870000
37.73070000
37.49430000
32.70080000
34.16250000
33.44470000
33.33330000
33.44470000
35.83140000
35.83140000
35.71430000
30.76920000
33.47000000
33.44600000
33.55930000
33.33330000
33.55530000
33.44470000
35.83360000
35.71430000
30.89770000
33.47000000
33.44470000
33.44600000
33.33330000
33.55600000
35.71430000
35.71430000
30.89770000
33.55870000
33.33330000
33.33330000
33.55600000
33.33330000
35.95070000
35.71430000
33.47420000
33.44470000
33.33330000
33.55730000
33.44470000
35.83500000
35.71430000
31.02770000
33.33330000
33.44600000
33.44470000
33.44600000
35.71430000
35.83360000
35.83500000
33.47250000
33.44470000
33.55600000
33.33330000
33.44470000
35.83360000
35.71430000
35.94860000
33.33330000
33.55400000
33.33330000
33.33330000
33.55600000
35.95070000
35.71430000
30.76920000
33.47250000
33.33330000
31.02380000
33.33330000
33.33330000
35.95210000
35.71430000
35.83360000
33.33330000
33.55870000
33.44270000
33.44470000
33.33330000
35.83500000
35.83140000
35.83500000
33.33330000
33.44270000
33.33330000
33.44470000
35.83500000
35.95290000
30.76920000
30.89920000
33.44270000
33.44270000
33.33330000
33.33330000
33.66330000
35.83500000
35.83360000
35.83360000
30.76920000
33.55400000
33.44470000
33.44270000
33.33330000
33.44470000
35.83360000
35.83360000
33.47250000
33.33330000
33.44470000
33.44270000
33.44600000
36.31140000
35.71430000
30.89920000
33.47250000
34.89870000
33.33330000
37.26790000
35.83140000
35.71430000
35.83140000
30.76920000
33.47250000
33.55600000
30.89920000
33.33330000
33.44470000
35.83360000
35.71430000
33.60920000
41.33330000
33.55400000
33.33330000
33.33330000
35.95070000
35.95070000
30.76920000
33.33330000
33.55400000
33.33330000
33.55530000
35.71430000
35.83140000
31.02620000
33.33330000
33.44470000
33.33330000
33.55600000
33.33330000
35.95430000
35.71430000
36.06930000
30.76920000
33.47420000
34.56330000
35.10400000
31.02540000
35.71430000
35.83360000
35.71430000
35.95210000
30.76920000
33.61080000
33.33330000
33.33330000
33.55530000
33.33330000
35.83140000
35.71430000
30.89540000
33.44470000
33.55730000
33.33330000
33.47420000
35.83360000
35.71430000
35.83140000
30.76920000
33.47250000
35.83360000
33.44270000
33.33330000
33.44470000
33.55730000
35.83360000
35.71430000
35.83500000
33.47420000
35.83360000
33.44470000
33.33330000
33.55530000
35.71430000
35.71430000
30.89540000
33.47420000
33.44600000
33.44270000
33.44470000
35.71430000
35.95210000
35.71430000
30.76920000
33.47000000
33.33330000
33.55730000
33.33330000
35.95210000
35.71430000
35.95430000
35.71430000
30.76920000
33.55530000
33.33330000
33.55870000
33.33330000
33.33330000
35.83500000
35.71430000
35.95070000
30.89920000
33.47000000
33.33330000
33.55730000
35.71430000
33.44600000
35.83360000
35.71430000
30.89540000
33.33330000
33.44600000
33.55400000
33.44600000
33.44470000
35.83140000
35.83140000
30.89920000
33.33330000
33.55730000
33.33330000
33.44470000
35.83500000
35.71430000
35.95070000
33.47420000
33.44270000
33.33330000
33.55730000
33.33330000
35.95070000
35.71430000
31.02540000
33.44600000
33.44470000
33.44600000
33.60920000
33.33330000
35.83360000
35.83500000
35.83360000
33.47000000
33.33330000
33.55600000
33.33330000
35.71430000
35.83500000
35.71430000
31.02620000
35.59330000
35.83500000
33.44270000
35.22070000
33.44470000
35.83500000
35.71430000
30.76920000
33.47420000
30.89540000
33.44600000
35.54000000
33.44600000
35.95070000
35.71430000
30.89920000
33.44270000
33.55400000
33.44600000
33.33330000
35.83500000
35.83360000
35.83500000
33.47000000
33.44600000
34.66670000
33.44470000
34.78600000
35.71430000
35.83500000
30.89540000
33.47250000
33.44270000
33.33330000
33.44470000
35.95070000
35.83360000
35.71430000
30.89770000
33.47250000
33.44470000
33.44470000
33.33330000
33.55730000
35.71430000
35.71430000
35.83360000
30.89770000
33.44270000
33.44470000
33.44600000
33.33330000
35.95070000
35.71430000
35.71430000
33.47420000
33.33330000
33.55730000
33.33330000
33.55400000
35.71430000
36.18640000
32.04770000
33.47250000
35.83140000
33.33330000
33.44470000
33.44270000
35.71430000
35.95430000
35.71430000
35.95430000
35.00000000
37.87270000
38.11070000
35.23530000
33.44470000
35.83360000
40.59430000
41.88710000
34.10540000
33.33330000
33.44470000
35.83360000
33.55200000
35.71430000
35.83500000
35.83500000
30.76920000
33.44600000
33.33330000
30.89770000
33.44600000
35.71430000
35.95290000
31.02380000
33.33330000
33.44470000
33.44600000
33.33330000
33.47000000
35.71430000
30.76920000
33.60920000
33.33330000
33.55400000
33.33330000
33.55400000
35.71430000
35.83140000
33.33330000
33.33330000
35.95070000
33.33330000
33.44600000
33.44470000
35.83140000
35.71430000
30.76920000
33.60920000
33.44270000
33.44470000
33.33330000
35.83140000
35.83360000
35.95430000
33.33330000
33.44600000
33.33330000
33.44470000
35.83500000
35.83360000
35.83500000
30.89770000
33.47250000
33.33330000
33.55730000
33.33330000
33.44470000
35.83500000
35.71430000
35.95290000
30.76920000
33.55400000
33.33330000
33.55200000
33.33330000
35.83140000
35.83360000
35.71430000
30.89540000
33.33330000
33.55600000
33.33330000
33.44600000
33.44470000
35.95430000
35.71430000
30.89920000
33.47250000
33.33330000
33.55530000
33.33330000
33.55400000
35.71430000
35.95290000
30.76920000
33.61170000
33.33330000
33.55730000
33.33330000
33.44600000
35.83360000
35.83360000
30.76920000
33.33330000
33.44600000
33.44470000
33.44470000
35.83140000
35.83500000
35.83360000
30.89920000
33.33330000
33.44470000
33.44470000
33.44270000
33.44600000
35.71430000
35.83360000
35.83360000
33.61170000
33.33330000
33.44600000
33.44600000
33.44600000
35.83140000
35.71430000
35.95210000
30.76920000
33.44470000
33.55730000
33.33330000
33.55730000
33.33330000
44.48640000
35.83500000
30.89770000
33.33330000
33.44600000
33.44470000
33.44600000
35.71430000
35.83360000
35.83360000
33.60920000
33.44270000
33.33330000
33.44270000
33.44470000
33.44600000
35.71430000
35.83360000
35.83360000
33.33330000
33.44270000
33.33330000
33.55400000
35.71430000
33.44600000
33.33330000
35.95430000
35.71430000
35.71430000
33.61500000
33.33330000
33.55400000
33.33330000
33.44270000
33.55730000
33.44600000
35.83140000
35.83500000
35.83360000
30.76920000
33.47250000
33.47250000
33.44470000
33.44470000
33.33330000
33.44600000
33.55530000
35.83360000
35.71430000
35.83360000
30.89770000
33.47250000
33.44470000
33.44270000
33.33330000
33.55870000
33.33330000
33.33330000
35.95570000
35.95430000
35.71430000
30.76920000
33.55400000
33.33330000
33.55200000
33.33330000
33.55730000
33.33330000
35.55200000
38.33430000
38.57500000
37.85000000
36.78430000
30.89770000
33.33330000
33.55400000
33.33330000
33.55400000
33.33330000
33.33330000
35.95430000
35.71430000
35.95570000
32.04080000
33.33330000
33.44600000
33.44470000
33.33330000
33.55400000
33.33330000
35.95430000
35.71430000
35.83360000
35.83500000
35.95430000
33.33330000
33.44470000
33.44600000
33.44470000
33.44600000
33.33330000
35.83360000
35.83500000
35.83140000
30.89770000
33.33330000
33.60670000
33.44470000
33.44600000
33.33330000
33.55400000
33.33330000
33.44470000
33.44270000
33.33330000
33.55400000
35.71430000
35.71430000
35.95070000
35.95430000
35.71430000
35.71430000
35.95210000
35.71430000
35.83140000
35.71430000
35.71430000
31.15230000
35.71430000
30.89540000
30.76920000
33.61080000
30.76920000
33.44600000
33.44470000
33.33330000
33.55200000
33.33330000
33.44600000
33.44470000
33.44270000
33.44470000
35.83360000
35.83360000
35.83360000
35.83500000
35.83360000
30.76920000
35.83360000
35.83140000
35.71430000
35.83500000
30.76920000
31.02620000
33.47250000
33.44470000
33.33330000
35.83140000
33.33330000
33.55600000
33.33330000
33.66530000
33.33330000
33.33330000
33.55400000
33.33330000
33.55730000
33.33330000
33.55400000
33.33330000
33.55400000
33.33330000
30.76920000
35.95070000
35.71430000
35.83500000
35.83360000
35.83360000
35.83140000
35.83140000
35.83360000
35.83500000
35.83360000
35.71430000
35.83140000
35.83360000
35.83360000
35.83140000
35.83500000
35.71430000
35.95430000
35.83360000
35.83500000
35.71430000
35.83500000
35.83500000
35.71430000
35.95430000
35.83360000
35.83140000
35.71430000
30.76920000
31.02380000
33.33330000
34.44070000
33.44470000
33.44470000
33.44470000
33.44270000
33.33330000
33.44470000
33.44600000
33.33330000
35.95210000
35.83360000
35.83500000
35.71430000
35.95070000
35.71430000
35.83360000
35.83140000
35.71430000
35.95430000
35.71430000
30.76920000
30.89920000
33.47250000
33.33330000
33.47250000
33.44270000
33.33330000
33.55870000
33.33330000
33.99870000
33.33330000
33.33330000
33.55600000
33.33330000
33.55870000
33.33330000
33.55600000
33.33330000
35.94860000
35.71430000
35.71430000
35.95430000
35.71430000
36.07000000
35.71430000
30.89920000
35.83140000
30.89920000
30.76920000
33.33330000
33.47250000
33.33330000
34.43530000
33.55530000
33.33330000
33.44600000
33.44470000
33.33330000
33.60920000
33.44270000
30.89920000
35.71430000
35.83500000
37.15070000
35.83360000
35.83360000
35.71430000
31.02540000
30.76920000
33.47000000
33.44600000
33.44470000
33.33330000
33.44470000
33.44470000
33.44470000
33.44470000
33.33330000
33.44600000
33.44600000
33.44600000
35.71430000
33.66670000
35.83360000
35.83360000
35.71430000
35.95430000
35.71430000
35.83140000
35.71430000
35.71430000
31.02380000
30.76920000
30.89920000
30.89770000
31.02540000
33.33330000
33.44270000
33.44270000
33.33330000
33.44600000
33.44470000
33.44470000
33.44470000
33.44470000
33.33330000
33.55730000
33.44470000
33.44600000
33.33330000
33.44470000
33.44270000
33.33330000
35.95290000
35.71430000
35.83140000
35.83140000
35.71430000
35.94860000
33.47000000
35.83360000
30.76920000
31.02540000
30.76920000
33.47250000
33.44470000
33.33330000
33.55730000
33.33330000
33.44270000
33.44470000
33.55530000
33.33330000
35.83360000
33.44470000
35.83500000
35.83360000
35.71430000
33.47000000
33.47250000
36.80140000
35.71430000
35.95570000
30.76920000
31.02620000
33.33330000
33.47000000
33.44470000
33.33330000
33.44270000
33.44470000
33.44270000
33.44470000
33.33330000
33.55400000
35.83500000
35.83140000
35.83140000
35.71430000
35.83500000
33.47000000
35.83360000
30.89920000
30.76920000
33.47250000
33.47000000
33.60920000
33.33330000
33.44600000
35.22200000
33.55600000
33.33330000
35.83360000
33.33330000
35.08200000
35.83140000
35.71430000
35.95430000
35.83500000
35.83360000
35.71430000
35.95430000
30.76920000
30.89770000
33.47250000
33.33330000
33.66730000
33.33330000
33.33330000
33.55870000
33.55730000
33.33330000
30.76920000
33.55200000
33.33330000
33.55600000
35.71430000
35.71430000
35.95570000
35.71430000
35.95290000
35.83140000
35.95210000
30.76920000
30.89920000
30.89770000
33.33330000
35.83360000
33.33330000
33.44600000
33.44600000
33.44600000
33.33330000
33.44470000
35.95290000
35.83140000
35.71430000
35.83360000
35.83140000
35.83140000
35.83140000
35.71430000
35.83360000
30.89540000
30.76920000
31.02620000
33.47250000
33.47420000
33.44470000
33.44600000
33.44470000
33.44270000
33.33330000
31.02380000
33.33330000
33.33330000
35.95430000
35.71430000
35.95430000
35.71430000
35.95070000
35.71430000
35.83500000
30.76920000
30.76920000
31.02150000
33.33330000
33.44600000
33.44600000
33.33330000
33.55600000
33.44600000
33.44470000
33.33330000
33.44270000
33.44470000
33.44270000
33.44470000
33.44270000
35.71430000
35.83140000
35.83500000
35.95430000
35.71430000
35.83140000
30.89770000
33.33330000
33.47250000
33.33330000
33.33330000
33.55730000
33.33330000
33.55530000
33.33330000
34.44330000
35.71430000
35.95290000
35.71430000
35.95070000
35.71430000
35.95070000
35.71430000
30.76920000
33.61170000
33.33330000
33.44600000
33.44470000
33.55600000
33.78130000
33.44470000
33.44470000
33.33330000
33.55730000
33.33330000
35.83140000
35.83360000
35.83500000
35.83360000
35.83500000
35.83360000
30.89540000
30.76920000
33.33330000
33.47420000
33.47420000
33.44470000
33.33330000
33.44470000
33.44470000
33.55600000
33.44270000
33.66470000
33.33330000
33.44470000
33.44600000
35.71430000
35.95290000
38.57140000
39.03570000
35.83360000
35.83360000
35.83360000
35.83140000
35.83140000
30.89920000
30.89770000
33.47420000
33.44470000
35.83140000
33.33330000
33.44270000
33.44270000
33.44600000
33.44600000
33.44470000
33.44600000
35.71430000
33.55870000
35.71430000
35.83360000
35.83500000
39.50430000
31.02150000
35.71430000
35.83500000
35.71430000
35.95430000
30.76920000
33.60920000
33.33330000
33.44600000
33.44470000
33.33330000
34.33130000
34.33330000
33.55730000
34.78130000
36.18640000
35.83140000
31.02770000
35.71430000
35.83500000
40.33790000
30.76920000
30.89540000
33.33330000
33.44270000
35.83140000
33.44470000
33.33330000
33.55400000
33.44470000
33.44600000
33.33330000
33.47000000
33.47420000
35.71430000
35.95570000
38.94140000
35.83140000
35.83360000
30.76920000
31.02380000
30.76920000
33.47000000
33.33330000
33.44270000
33.44470000
33.44600000
33.33330000
33.44270000
33.44600000
33.44470000
33.44600000
33.44470000
35.83500000
39.40500000
35.83500000
35.71430000
35.83360000
35.83500000
35.71430000
31.02380000
30.76920000
33.47250000
33.47420000
33.55730000
33.33330000
33.44470000
33.44470000
33.33330000
35.95290000
33.33330000
33.55870000
35.71430000
35.83500000
39.86140000
35.83360000
35.95210000
35.83140000
35.71430000
35.95430000
30.76920000
30.89770000
30.89540000
33.33330000
33.55530000
33.33330000
30.76920000
35.95290000
33.55730000
33.33330000
33.55870000
33.33330000
33.33330000
33.60670000
36.13000000
37.14290000
35.71430000
35.95070000
35.71430000
35.71430000
35.95430000
35.95070000
30.76920000
31.02540000
33.33330000
33.44270000
33.55730000
33.33330000
33.55730000
33.33330000
33.33330000
33.66870000
33.55730000
33.33330000
37.58790000
39.76210000
37.70500000
30.76920000
35.83500000
35.83140000
30.76920000
30.89920000
30.76920000
33.61500000
33.33330000
33.44470000
33.33330000
33.55530000
35.71430000
33.33330000
35.95430000
33.33330000
33.55530000
33.33330000
33.33330000
38.93140000
34.11270000
33.33330000
35.83360000
35.83500000
35.83500000
35.83500000
30.76920000
35.95290000
35.71430000
30.76920000
33.61080000
33.33330000
33.55600000
33.33330000
33.55600000
33.33330000
33.33330000
33.55530000
33.33330000
35.87200000
35.55600000
33.44600000
33.44470000
33.33330000
35.95570000
35.95210000
35.71430000
35.71430000
35.95430000
30.76920000
35.83500000
33.33330000
30.76920000
31.02380000
33.33330000
33.44270000
30.89770000
33.55200000
33.33330000
35.22400000
36.10930000
33.44470000
33.44600000
35.71430000
35.83500000
36.31140000
36.30790000
35.83140000
35.83500000
35.83500000
35.83140000
30.89770000
35.83360000
35.71430000
30.89920000
33.47420000
33.47250000
33.44600000
33.44470000
33.88870000
38.46000000
33.55600000
33.33330000
33.33330000
33.55730000
33.33330000
35.83360000
35.71430000
35.83140000
35.83360000
35.71430000
35.83500000
35.95210000
35.71430000
30.76920000
33.47250000
33.44470000
33.44270000
33.33330000
33.44470000
37.87070000
33.44600000
33.44600000
33.44470000
33.55530000
35.71430000
35.83500000
35.83360000
35.83140000
35.71430000
35.83500000
31.02380000
33.47250000
33.44270000
33.33330000
33.55200000
33.44600000
33.44270000
33.33330000
33.55730000
36.33130000
34.88930000
33.47000000
33.44600000
35.95070000
35.71430000
35.83360000
35.71430000
35.95430000
35.71430000
35.95430000
30.76920000
33.33330000
33.55600000
33.33330000
33.55530000
33.33330000
33.44600000
33.44470000
33.33330000
35.45600000
36.11000000
33.33330000
33.33330000
35.95290000
35.83140000
35.83360000
37.86210000
38.21360000
30.89540000
36.89860000
30.76920000
33.61330000
33.61330000
33.33330000
33.33330000
33.55530000
33.33330000
33.55530000
33.33330000
34.33470000
36.98400000
33.33330000
35.95070000
33.44270000
35.83360000
35.71430000
35.95210000
35.71430000
35.83500000
35.83500000
35.71430000
35.83500000
35.71430000
30.89770000
33.47250000
33.44600000
33.44270000
33.44600000
33.44470000
33.44470000
37.90600000
33.55600000
33.33330000
35.71430000
35.95430000
35.71430000
35.83500000
35.83500000
35.95430000
35.71430000
35.83500000
35.83360000
30.89540000
33.47420000
33.33330000
33.44600000
33.44470000
33.44470000
33.44470000
33.44470000
38.11200000
33.55530000
33.33330000
33.55730000
33.33330000
33.44270000
35.83360000
35.71430000
35.83140000
35.83500000
35.83360000
35.83140000
35.83140000
35.83360000
30.89770000
30.76920000
31.02770000
33.33330000
33.47250000
33.47420000
37.90800000
33.55730000
33.33330000
33.75250000
33.33330000
33.44270000
33.44470000
33.44470000
33.44470000
33.33330000
35.83360000
35.83140000
35.83140000
35.71430000
35.71430000
35.95070000
39.52790000
30.76920000
30.89920000
33.33330000
33.44470000
33.55930000
33.33330000
33.60920000
33.33330000
30.76920000
33.44600000
33.55600000
33.33330000
33.55870000
35.71430000
35.71430000
35.95070000
35.71430000
35.83140000
35.83360000
38.46500000
36.78710000
30.76920000
31.02150000
30.76920000
33.47420000
30.76920000
33.55400000
33.33330000
33.44470000
33.44470000
33.33330000
33.55730000
33.33330000
33.44270000
33.55870000
33.44470000
35.71430000
35.83140000
35.83360000
38.46500000
36.76790000
35.71430000
35.83360000
35.71430000
35.95430000
30.76920000
33.61330000
33.33330000
33.55730000
33.33330000
33.44470000
33.44470000
33.33330000
35.19530000
35.22070000
33.33330000
33.44600000
35.83500000
35.95430000
38.59210000
36.54790000
35.95290000
35.71430000
35.95290000
35.71430000
30.76920000
31.02380000
30.76920000
33.61330000
33.33330000
33.55530000
33.33330000
33.55200000
33.33330000
33.44600000
33.44270000
33.33330000
33.55400000
36.07140000
39.38140000
36.30930000
35.71430000
35.95070000
35.71430000
35.95290000
35.71430000
30.89540000
33.47250000
33.33330000
33.33330000
33.44470000
33.44270000
33.44470000
33.44600000
33.44270000
33.44270000
33.44470000
33.44270000
33.33330000
40.00500000
36.78790000
35.95070000
35.71430000
35.95430000
35.71430000
35.71430000
35.95290000
35.94860000
35.71430000
35.71430000
35.95070000
30.76920000
33.47000000
33.47250000
33.44470000
33.44470000
33.44470000
33.44270000
34.00070000
37.46330000
33.44270000
33.44470000
35.71430000
35.95290000
35.71430000
35.83140000
30.89770000
35.83140000
30.76920000
33.33330000
33.61330000
33.44470000
33.44270000
33.44470000
33.44600000
33.44470000
33.44470000
33.33330000
35.01670000
38.92860000
35.83360000
35.83500000
35.95430000
35.71430000
35.83360000
30.89540000
30.89770000
33.47420000
33.33330000
33.44270000
33.44270000
33.44470000
33.44470000
33.33330000
33.55730000
33.55530000
33.33330000
33.44470000
37.28000000
37.95860000
35.83500000
35.71430000
30.89540000
30.76920000
33.47250000
33.44600000
33.55400000
33.33330000
33.44470000
33.44270000
35.71430000
35.95070000
35.71430000
35.83500000
35.71430000
35.71430000
35.95430000
30.76920000
33.43850000
35.02330000
33.47000000
33.44270000
33.44270000
33.44270000
33.44470000
33.33330000
33.44470000
33.44600000
33.33330000
35.95070000
35.83140000
35.83500000
35.71430000
35.95430000
35.71430000
35.83500000
35.83140000
30.76920000
34.36310000
34.01670000
33.47420000
33.33330000
33.55400000
33.33330000
33.55400000
33.33330000
33.44470000
33.44470000
33.33330000
33.55600000
33.33330000
35.71430000
35.94860000
35.71430000
35.95070000
35.71430000
35.95430000
35.71430000
39.38570000
35.83360000
31.02380000
30.76920000
33.33330000
33.61330000
33.33330000
33.55400000
33.47250000
33.55870000
33.33330000
33.44600000
33.44470000
33.33330000
33.55530000
33.33330000
33.44270000
33.44470000
33.44470000
33.44270000
38.00070000
33.44470000
33.44600000
35.71430000
35.83360000
35.83500000
35.71430000
35.95070000
35.71430000
35.95290000
35.71430000
30.76920000
31.02150000
30.76920000
33.47420000
33.33330000
33.55400000
33.33330000
33.55600000
34.00000000
37.21530000
33.44270000
33.33330000
33.66330000
33.44270000
35.83500000
35.94860000
35.83500000
35.83360000
35.83500000
38.07710000
38.22290000
35.83360000
35.71430000
35.83360000
33.47250000
31.02380000
30.76920000
33.47250000
34.86330000
38.43430000
33.44470000
33.44270000
33.44600000
33.33330000
33.55730000
33.33330000
33.44470000
35.83360000
35.83500000
35.71430000
35.83140000
35.83360000
35.83360000
35.71430000
35.83360000
30.76920000
30.89770000
33.47420000
37.32600000
33.55600000
33.44470000
33.44470000
33.33330000
33.44270000
33.44470000
33.44270000
33.44470000
33.44470000
33.33330000
33.44600000
35.34270000
35.95430000
35.71430000
35.83500000
35.83360000
35.71430000
35.95290000
35.71430000
35.83140000
35.83140000
30.76920000
33.47000000
33.47250000
36.33200000
35.21670000
33.33330000
33.44470000
33.44470000
33.44270000
33.44270000
33.33330000
33.44270000
33.44470000
33.44470000
33.44600000
35.83360000
35.83360000
37.73860000
35.83360000
37.59140000
35.83140000
35.71430000
35.83500000
30.76920000
30.89770000
33.47250000
33.33330000
33.55530000
33.44600000
33.44270000
35.33330000
35.98930000
33.44270000
33.44470000
33.44470000
33.44270000
33.44470000
35.83360000
35.83500000
35.95430000
35.71430000
35.83140000
35.83140000
35.71430000
35.83140000
30.76920000
31.02620000
30.76920000
30.89770000
30.89770000
33.33330000
33.61080000
33.44270000
33.44470000
34.76130000
35.12270000
33.33330000
33.55730000
33.33330000
35.83500000
35.83360000
35.71430000
35.95290000
35.83360000
35.83360000
35.83360000
30.89920000
30.76920000
33.60670000
33.33330000
33.47420000
33.33330000
33.33330000
37.44470000
34.00000000
33.55530000
33.44470000
33.44470000
33.44470000
33.33330000
33.55200000
35.83140000
35.83360000
35.83360000
35.71430000
35.95210000
30.76920000
31.02770000
30.89540000
33.47250000
33.33330000
33.44600000
33.33330000
33.44470000
33.44470000
33.44470000
33.44270000
33.33330000
38.00400000
35.95570000
35.71430000
35.95070000
35.71430000
35.95290000
35.71430000
35.71430000
31.02540000
30.76920000
33.47250000
33.44470000
33.44600000
35.00070000
34.88930000
33.44270000
33.44470000
33.44600000
33.33330000
33.44470000
35.83140000
36.07140000
36.54930000
38.44570000
39.17860000
42.13070000
35.71430000
35.95430000
30.76920000
30.89540000
33.33330000
33.33330000
33.55400000
33.33330000
33.44470000
33.44470000
33.44270000
33.44470000
33.44600000
33.44270000
33.44270000
33.44600000
33.33330000
35.83140000
35.83500000
35.83500000
37.15070000
37.01430000
37.98500000
39.02070000
41.79070000
37.96710000
36.19640000
35.83360000
35.71430000
35.95430000
35.71430000
35.83500000
30.89770000
30.89540000
33.33330000
33.61080000
33.44470000
33.44270000
33.33330000
33.44600000
33.44470000
33.33330000
33.55730000
33.33330000
33.55530000
33.33330000
33.33330000
33.55400000
34.55400000
36.78000000
35.83360000
35.83360000
35.83140000
35.71430000
35.83140000
35.71430000
35.83360000
35.83140000
35.71430000
35.94860000
35.83140000
30.89920000
30.76920000
33.60920000
33.33330000
33.55730000
33.33330000
33.33330000
33.55530000
33.33330000
33.44470000
33.44600000
33.55530000
33.88870000
37.33000000
35.95070000
35.71430000
35.95430000
37.97640000
38.09570000
35.83140000
35.83140000
35.83140000
30.89770000
30.89540000
33.47000000
33.47250000
33.33330000
33.44600000
33.44600000
33.44470000
33.44470000
33.33330000
33.55730000
33.44600000
33.55400000
33.33330000
33.55870000
33.55530000
40.59430000
35.95210000
35.71430000
35.95070000
35.71430000
35.83500000
35.83360000
35.83140000
30.89770000
35.83500000
30.76920000
30.89770000
33.47420000
33.33330000
33.44270000
33.44270000
33.44470000
33.44270000
33.33330000
33.44600000
34.00200000
33.88730000
33.66870000
33.44470000
33.88870000
39.98930000
36.06790000
36.67500000
35.83360000
35.83360000
35.83360000
35.83360000
35.83360000
35.71430000
35.83500000
35.83360000
30.76920000
33.47420000
33.47000000
33.44470000
33.44470000
33.44270000
33.33330000
33.44470000
33.55730000
33.44600000
33.33330000
33.55600000
33.33330000
37.12290000
39.30430000
39.65790000
32.60180000
1.33400000
0.99600000
1.00600000
0.66600000
0.00000000
0.33400000
0.00000000
0.33400000
0.00000000
0.00000000
0.32800000
0.00000000
0.33400000
0.00000000
0.00000000
0.32800000
0.33800000
0.00000000
0.32800000
0.00000000
0.00000000
10.00800000
3.96200000
0.00000000
0.00000000
0.32800000
0.00000000
0.33400000
0.00000000
0.33400000
0.00000000
0.33800000
0.00000000
0.33400000
5.08400000
0.33400000
0.00000000
0.33400000
0.00000000
0.32800000
0.00000000
0.33800000
0.65600000
3.03400000
0.00000000
14.01400000
0.00000000
0.00000000
0.33800000
0.00000000
0.33800000
0.00000000
0.33400000
0.00000000
0.33400000
0.00000000
0.00000000
0.32800000
0.00000000
0.32800000
0.00000000
0.00000000
0.66600000
0.33400000
0.00000000
0.00000000
0.32800000
0.00000000
2.63000000
11.03000000
0.32800000
0.00000000
0.33400000
0.00000000
0.00000000
0.33800000
0.33400000
0.00000000
0.00000000
0.33400000
0.00000000
0.33800000
0.00000000
0.33400000
0.00000000
0.00000000
0.33400000
0.00000000
0.33400000
0.00000000
0.33400000
0.00000000
12.01400000
1.64000000
0.00000000
0.42250000
0.00000000
0.32800000
0.00000000
0.33400000
0.00000000
0.33400000
0.00000000
0.33800000
0.00000000
0.00000000
0.33400000
0.00000000
0.33800000
0.00000000
0.32800000
0.00000000
0.32800000
0.00000000
0.33800000
2.03400000
11.65200000
0.00000000
0.32800000
0.00000000
0.32800000
0.00000000
0.00000000
0.33400000
0.33400000
0.00000000
0.00000000
0.33800000
0.00000000
0.32800000
0.00000000
0.33400000
0.00000000
0.00000000
0.33400000
0.33800000
0.00000000
0.00000000
0.33400000
10.39000000
3.33400000
0.33400000
0.00000000
0.00000000
0.33400000
0.00000000
0.33400000
0.00000000
0.41750000
0.00000000
0.33400000
0.00000000
0.00000000
0.33800000
0.00000000
0.33400000
0.00000000
0.00000000
0.32800000
0.33400000
0.00000000
0.00000000
1.69000000
12.32800000
0.33800000
0.00000000
0.33400000
0.00000000
0.33400000
0.00000000
0.00000000
0.33400000
0.32800000
0.00000000
0.32800000
0.33400000
0.00000000
0.33400000
0.00000000
0.33400000
2.34000000
0.32800000
0.00000000
0.33800000
0.00000000
0.32800000
6.66200000
6.95000000
0.00000000
0.33800000
0.00000000
0.32800000
0.00000000
0.33400000
0.00000000
0.33400000
0.00000000
0.33800000
0.00000000
0.00000000
0.32800000
0.00000000
0.32800000
0.00000000
0.33800000
0.00000000
0.00000000
0.33400000
0.33400000
0.00000000
1.64000000
11.99600000
0.33400000
0.00000000
0.33400000
0.00000000
0.00000000
0.33400000
0.00000000
0.33400000
0.00000000
0.33400000
0.00000000
0.33800000
0.00000000
0.00000000
0.33800000
0.00000000
0.33400000
0.00000000
0.33400000
0.00000000
0.33400000
0.00000000
0.33400000
13.34000000
0.32800000
0.00000000
0.33400000
0.00000000
0.00000000
0.33400000
0.00000000
0.32800000
0.00000000
0.33800000
0.00000000
0.33400000
0.00000000
0.33400000
0.00000000
0.33400000
0.00000000
0.33800000
0.00000000
0.41000000
0.00000000
0.42250000
2.00000000
11.66200000
0.00000000
0.32800000
0.00000000
0.33800000
0.00000000
0.00000000
0.33400000
0.32800000
0.00000000
0.00000000
0.33800000
0.00000000
0.32800000
0.00000000
0.33400000
0.00000000
0.00000000
0.33400000
0.00000000
0.33400000
0.00000000
0.32800000
0.00000000
13.68000000
0.33400000
0.00000000
0.66800000
0.00000000
0.32800000
0.00000000
0.00000000
0.42250000
0.00000000
0.00000000
0.00000000
0.33400000
0.00000000
0.32800000
0.00000000
0.00000000
0.33400000
0.33400000
0.00000000
0.32800000
0.00000000
0.32800000
5.61200000
8.05600000
0.00000000
0.32800000
0.00000000
0.00000000
0.33400000
0.00000000
0.33400000
0.32800000
4.91800000
0.32800000
0.00000000
0.00000000
0.33400000
0.00000000
0.32800000
0.00000000
0.33400000
0.00000000
0.00000000
0.33800000
0.00000000
0.32800000
13.65200000
0.00000000
0.33400000
0.00000000
0.32800000
0.00000000
0.00000000
0.32800000
0.00000000
0.33800000
0.00000000
0.33800000
0.00000000
0.33800000
0.00000000
0.00000000
0.32800000
0.00000000
0.33800000
0.00000000
0.00000000
0.32800000
0.32800000
11.61200000
2.00000000
0.00000000
0.33400000
0.00000000
0.33800000
0.00000000
0.00000000
0.33400000
0.00000000
0.33800000
0.00000000
0.33800000
0.00000000
0.33400000
0.00000000
0.33400000
0.00000000
0.00000000
0.33400000
0.00000000
0.33400000
0.00000000
13.96800000
0.00000000
0.00000000
0.32800000
0.00000000
0.33800000
0.00000000
0.33400000
0.00000000
0.00000000
0.33400000
0.33800000
0.00000000
0.00000000
0.32800000
0.00000000
0.33400000
0.00000000
0.00000000
0.32800000
0.00000000
0.33800000
6.95000000
6.66600000
0.33400000
0.00000000
0.32800000
0.00000000
0.00000000
0.32800000
0.00000000
0.32800000
0.00000000
0.33400000
0.00000000
0.33800000
0.00000000
0.00000000
0.33800000
0.00000000
0.33800000
0.00000000
0.32800000
0.00000000
0.00000000
14.03600000
0.00000000
0.33800000
0.00000000
0.33800000
0.00000000
2.37200000
0.33800000
0.00000000
0.67200000
0.00000000
0.32800000
0.00000000
0.00000000
0.32800000
0.33800000
0.00000000
0.00000000
0.33800000
0.00000000
0.33800000
0.00000000
3.72400000
10.32800000
0.00000000
0.33800000
0.00000000
0.33800000
0.32800000
0.00000000
0.33800000
0.00000000
5.29600000
1.01600000
0.00000000
0.00000000
0.32800000
0.00000000
0.32800000
0.00000000
0.41000000
0.00000000
0.33400000
0.00000000
0.33400000
10.33400000
3.28800000
0.00000000
0.32800000
0.00000000
0.33800000
0.00000000
0.33800000
0.00000000
0.00000000
0.67200000
0.00000000
0.00000000
0.33400000
0.00000000
0.33400000
0.00000000
0.32800000
0.00000000
0.33800000
0.00000000
0.32800000
0.00000000
0.00000000
0.33400000
7.34000000
6.28400000
0.32800000
0.00000000
0.33400000
0.00000000
0.41000000
0.00000000
0.33800000
0.00000000
0.33400000
0.00000000
0.00000000
0.33400000
0.00000000
0.32800000
0.00000000
0.33400000
0.00000000
0.33400000
5.71600000
0.00000000
0.33400000
0.00000000
0.32800000
0.00000000
0.00000000
0.32800000
0.33800000
0.00000000
0.00000000
0.33800000
0.00000000
0.33800000
0.00000000
0.33400000
3.28800000
0.00000000
0.33800000
0.00000000
0.33400000
0.00000000
0.32800000
0.00000000
0.41750000
8.32200000
0.00000000
0.41000000
0.00000000
0.33800000
0.00000000
0.00000000
0.41750000
0.33400000
0.00000000
0.00000000
0.33800000
0.00000000
0.33800000
0.00000000
0.00000000
0.00000000
0.00000000
0.32800000
0.33400000
0.00000000
0.00000000
0.33400000
0.00000000
0.32800000
0.00000000
0.00000000
0.33400000
0.00000000
0.33400000
0.00000000
0.33800000
0.00000000
0.32800000
0.00000000
0.66600000
0.00000000
0.00000000
0.33800000
0.00000000
0.33400000
0.00000000
0.00000000
0.33800000
0.32800000
0.00000000
0.32800000
0.00000000
0.00000000
0.33400000
0.00000000
0.41750000
0.00000000
0.00000000
0.32800000
0.33400000
0.00000000
0.00000000
0.33400000
0.00000000
0.33400000
0.00000000
0.33400000
0.00000000
0.00000000
0.33800000
0.00000000
0.32800000
0.00000000
0.33800000
0.00000000
0.33800000
0.00000000
0.33800000
0.00000000
5.24600000
0.00000000
0.41750000
0.00000000
0.33400000
0.00000000
0.33400000
0.00000000
0.32800000
0.00000000
0.00000000
0.33400000
0.00000000
0.32800000
0.00000000
0.33400000
0.33800000
0.00000000
0.00000000
0.33400000
0.00000000
0.33400000
0.00000000
0.32800000
0.00000000
0.00000000
0.33800000
0.00000000
0.41750000
0.00000000
0.33400000
0.00000000
0.33800000
0.00000000
0.33800000
0.00000000
0.33800000
0.00000000
0.00000000
0.32800000
0.33400000
0.00000000
0.00000000
0.33800000
0.00000000
0.33400000
0.00000000
0.32800000
1.33400000
0.00000000
0.33800000
0.00000000
0.33800000
0.00000000
0.00000000
0.00000000
0.00000000
0.32800000
0.00000000
0.42250000
11.62000000
11.71800000
5.31800000
0.33400000
0.32800000
0.00000000
0.00000000
0.41750000
0.00000000
0.32800000
0.00000000
0.33400000
0.00000000
0.00000000
0.33400000
0.00000000
0.33400000
0.00000000
0.33400000
0.00000000
0.00000000
0.32800000
4.21500000
0.00000000
0.32800000
0.00000000
0.33400000
0.00000000
0.33400000
0.00000000
0.00000000
0.00000000
0.00000000
0.66800000
0.00000000
0.41750000
0.00000000
0.32800000
0.00000000
0.00000000
0.32800000
0.33400000
0.00000000
0.00000000
0.32800000
0.00000000
0.33400000
0.00000000
0.00000000
0.33800000
0.00000000
0.41750000
0.00000000
0.33400000
0.00000000
0.33400000
0.00000000
0.00000000
0.33400000
0.00000000
0.33400000
0.00000000
0.00000000
0.33800000
0.41000000
0.00000000
0.33400000
0.00000000
0.00000000
0.32800000
0.00000000
0.33400000
0.00000000
0.00000000
0.33400000
0.00000000
0.33800000
0.00000000
0.33800000
0.00000000
0.42250000
0.00000000
0.32800000
0.00000000
0.00000000
0.33400000
0.00000000
0.33800000
0.00000000
0.33800000
0.00000000
0.32800000
0.00000000
0.33400000
0.00000000
0.00000000
0.33400000
0.00000000
0.41000000
0.00000000
0.33400000
0.00000000
0.33400000
0.00000000
0.33800000
0.00000000
0.00000000
0.33400000
0.00000000
0.33800000
0.00000000
2.70600000
0.33800000
0.00000000
0.33800000
0.00000000
0.00000000
0.32800000
0.00000000
0.33800000
0.00000000
0.00000000
0.33800000
0.00000000
0.33800000
0.00000000
0.33400000
0.00000000
0.33800000
0.00000000
0.00000000
0.32800000
0.00000000
0.00000000
0.41000000
0.00000000
0.33800000
0.00000000
0.33400000
0.00000000
0.33800000
0.00000000
0.00000000
0.00000000
0.00000000
0.33400000
0.00000000
0.33800000
0.00000000
1.64600000
0.00000000
0.00000000
0.67200000
0.00000000
0.33400000
0.00000000
0.33400000
0.00000000
0.00000000
0.33800000
0.33800000
0.00000000
0.00000000
0.32800000
0.00000000
0.00000000
0.00000000
0.00000000
0.33400000
0.00000000
0.33400000
0.00000000
0.33400000
0.00000000
0.32800000
0.00000000
0.32800000
0.00000000
0.33400000
0.00000000
0.00000000
0.32800000
0.00000000
0.33800000
0.00000000
0.33400000
0.00000000
0.33400000
0.00000000
0.32800000
0.00000000
0.00000000
0.33800000
0.00000000
0.00000000
0.00000000
0.33400000
