1.93142e+07
1.97187e+07
1.87872e+07
1.80877e+07
1.68896e+07
1.48913e+07
1.35079e+07
1.23279e+07
1.19223e+07
1.14586e+07
1.08947e+07
1.02316e+07
1.08648e+07
1.09776e+07
1.1842e+07
1.20494e+07
1.24333e+07
1.29037e+07
1.28647e+07
1.29371e+07
1.3024e+07
1.24218e+07
1.28788e+07
1.34316e+07
1.43774e+07
1.50693e+07
1.61968e+07
1.68264e+07
1.70076e+07
1.82506e+07
1.95076e+07
2.08168e+07
2.23765e+07
2.26584e+07
2.33151e+07
2.46011e+07
2.60916e+07
2.75311e+07
2.92267e+07
3.02507e+07
2.98886e+07
2.98791e+07
2.99939e+07
3.00313e+07
2.98964e+07
2.85147e+07
2.82199e+07
2.76551e+07
2.66016e+07
2.57032e+07
2.55745e+07
2.4725e+07
2.44569e+07
2.34498e+07
2.2936e+07
2.23183e+07
2.21681e+07
2.14661e+07
2.15502e+07
2.16263e+07
2.10553e+07
2.09403e+07
2.05326e+07
1.99982e+07
1.93677e+07
1.90722e+07
1.93914e+07
1.89909e+07
1.98961e+07
1.89303e+07
1.87548e+07
1.52694e+07
1.27269e+07
1.10149e+07
1.08226e+07
1.11552e+07
1.13148e+07
1.05457e+07
1.03931e+07
9.44054e+06
9.59315e+06
9.69515e+06
1.02883e+07
1.01698e+07
9.85769e+06
9.43652e+06
1.00073e+07
1.0786e+07
1.12321e+07
1.1496e+07
1.345e+07
1.30872e+07
1.421e+07
1.35817e+07
1.28844e+07
1.3761e+07
1.30782e+07
1.33157e+07
1.31291e+07
1.28864e+07
1.3899e+07
1.39158e+07
1.52556e+07
1.58792e+07
1.65363e+07
1.64237e+07
1.56412e+07
1.54036e+07
1.5606e+07
1.53977e+07
1.48166e+07
1.41595e+07
1.45941e+07
1.43916e+07
1.45067e+07
1.39587e+07
1.51295e+07
1.72952e+07
1.37975e+07
1.25299e+07
1.23261e+07
1.14154e+07
1.08109e+07
1.00284e+07
1.02873e+07
1.01282e+07
1.19171e+07
1.20117e+07
1.18588e+07
1.23139e+07
1.00723e+07
9.06757e+06
9.01426e+06
9.52726e+06
9.86622e+06
8.50099e+06
8.98161e+06
9.45448e+06
9.50831e+06
9.71726e+06
9.96478e+06
1.09298e+07
2.66809e+07
4.73776e+07
5.25035e+07
5.00952e+07
4.55856e+07
4.14028e+07
3.43365e+07
2.65957e+07
2.1351e+07
1.77216e+07
1.57093e+07
1.48105e+07
1.43165e+07
1.40406e+07
1.40303e+07
1.47209e+07
1.54199e+07
1.63163e+07
1.80424e+07
1.97649e+07
2.10628e+07
2.29049e+07
2.44887e+07
2.54893e+07
2.64268e+07
2.73776e+07
2.7939e+07
2.79223e+07
2.75973e+07
2.71594e+07
2.66694e+07
2.60895e+07
2.55588e+07
2.55443e+07
2.60567e+07
2.68681e+07
2.78521e+07
2.91151e+07
3.00363e+07
3.03406e+07
3.03835e+07
2.96158e+07
2.86537e+07
2.75339e+07
2.62869e+07
2.51467e+07
2.41134e+07
2.3683e+07
2.32927e+07
2.28665e+07
2.25442e+07
2.268e+07
2.32558e+07
2.30861e+07
2.29201e+07
2.28885e+07
2.2639e+07
2.23856e+07
2.20525e+07
2.20753e+07
2.2609e+07
2.3524e+07
2.40504e+07
2.3765e+07
2.3073e+07
2.12501e+07
1.97749e+07
1.93721e+07
1.94187e+07
1.95008e+07
1.96068e+07
1.96622e+07
1.98161e+07
1.91255e+07
1.87574e+07
1.77149e+07
1.7547e+07
1.62957e+07
1.55574e+07
1.4961e+07
1.43633e+07
1.40634e+07
1.35706e+07
1.3348e+07
1.33083e+07
1.35635e+07
1.33018e+07
1.33184e+07
1.33944e+07
1.32984e+07
1.30776e+07
1.30615e+07
1.32267e+07
1.34674e+07
1.31836e+07
1.3117e+07
1.24087e+07
1.14828e+07
1.09756e+07
1.02841e+07
9.326e+06
9.41547e+06
8.56556e+06
8.59161e+06
8.55459e+06
8.39146e+06
8.65836e+06
8.59902e+06
8.66629e+06
7.96722e+06
8.24853e+06
8.49563e+06
8.32717e+06
8.84753e+06
8.55829e+06
8.60959e+06
8.54629e+06
8.35369e+06
8.78752e+06
8.68247e+06
9.22883e+06
9.09849e+06
9.19593e+06
9.6424e+06
1.00897e+07
1.04451e+07
1.20701e+07
1.08686e+07
9.51629e+06
8.3323e+06
9.36334e+06
8.96044e+06
1.11355e+07
9.75773e+06
9.64534e+06
9.80328e+06
9.45168e+06
1.01747e+07
1.02325e+07
1.10151e+07
1.16742e+07
1.1571e+07
1.2349e+07
1.24709e+07
1.36987e+07
1.44529e+07
1.44631e+07
1.43478e+07
1.25284e+07
1.12522e+07
1.14276e+07
1.09954e+07
9.92211e+06
8.0065e+06
7.12298e+06
7.0913e+06
6.88405e+06
8.06209e+06
9.41153e+06
1.06393e+07
1.24055e+07
1.296e+07
1.34617e+07
1.2721e+07
1.30607e+07
1.25741e+07
1.25012e+07
1.27656e+07
1.23302e+07
1.1827e+07
1.16864e+07
1.11641e+07
1.15012e+07
1.13238e+07
1.18463e+07
1.19102e+07
1.29071e+07
1.33929e+07
1.43598e+07
1.45219e+07
1.51017e+07
1.65078e+07
1.84041e+07
1.97482e+07
2.08795e+07
2.09622e+07
2.12859e+07
2.15668e+07
2.16366e+07
2.19593e+07
2.22829e+07
2.21568e+07
2.21025e+07
2.26437e+07
2.33021e+07
2.36478e+07
2.48273e+07
2.52361e+07
2.55858e+07
2.55544e+07
2.56765e+07
2.63163e+07
2.67818e+07
2.62552e+07
2.602e+07
2.55668e+07
2.55407e+07
2.49132e+07
2.50542e+07
2.47504e+07
2.4343e+07
2.33686e+07
2.2817e+07
2.21475e+07
2.19202e+07
2.09632e+07
2.0713e+07
2.05033e+07
2.04394e+07
2.09403e+07
2.05326e+07
1.99982e+07
1.93677e+07
1.90722e+07
1.93914e+07
1.89909e+07
1.98961e+07
1.89303e+07
1.87548e+07
1.52694e+07
1.27269e+07
1.10149e+07
1.08226e+07
1.57866e+07
1.24585e+07
1.06416e+07
9.73245e+06
8.22241e+06
1.18533e+07
9.67851e+06
1.45666e+07
1.0471e+07
1.33947e+07
8.94837e+06
1.18712e+07
8.70666e+06
1.31089e+07
9.34781e+06
9.05147e+06
1.22438e+07
9.98682e+06
1.32302e+07
9.43024e+06
1.26151e+07
9.91882e+06
9.46818e+06
1.37978e+07
1.07876e+07
1.19404e+07
1.18152e+07
1.35857e+07
1.40594e+07
1.63351e+07
1.72656e+07
1.6882e+07
1.90598e+07
1.90375e+07
2.07018e+07
1.9508e+07
2.1156e+07
2.13859e+07
2.15619e+07
2.28583e+07
2.23421e+07
2.40181e+07
2.48077e+07
2.36856e+07
2.20473e+07
2.23237e+07
2.18964e+07
2.09256e+07
2.02417e+07
1.97009e+07
1.9975e+07
2.09936e+07
2.04436e+07
2.03546e+07
1.93828e+07
1.99238e+07
1.78058e+07
1.81902e+07
1.76518e+07
1.79129e+07
1.56469e+07
1.50185e+07
1.55847e+07
1.49521e+07
1.48681e+07
1.47677e+07
1.49002e+07
2.51856e+07
4.3578e+07
5.04745e+07
4.86424e+07
4.44476e+07
4.05407e+07
3.37009e+07
2.60344e+07
2.0856e+07
1.72862e+07
1.53193e+07
1.45498e+07
1.40751e+07
1.38906e+07
1.39126e+07
1.46164e+07
1.54199e+07
1.63163e+07
1.80424e+07
1.97649e+07
2.10628e+07
2.29049e+07
2.44887e+07
2.54893e+07
2.64268e+07
2.73776e+07
2.7939e+07
2.79223e+07
2.75973e+07
2.71594e+07
2.66694e+07
2.60895e+07
2.55588e+07
2.55443e+07
2.60567e+07
2.68681e+07
2.78521e+07
2.91151e+07
3.00363e+07
3.03406e+07
3.03835e+07
2.96158e+07
2.86537e+07
2.75339e+07
2.62869e+07
2.51467e+07
2.41134e+07
2.3683e+07
2.32927e+07
2.28665e+07
2.25442e+07
2.268e+07
2.32558e+07
2.30861e+07
2.29201e+07
2.28885e+07
2.2639e+07
2.23856e+07
2.20525e+07
2.20753e+07
2.2609e+07
2.3524e+07
2.40504e+07
2.3765e+07
2.3073e+07
2.12501e+07
1.97749e+07
1.93721e+07
1.94187e+07
1.95008e+07
1.96068e+07
1.96622e+07
1.98161e+07
1.91255e+07
1.87574e+07
1.77149e+07
1.7547e+07
1.62957e+07
1.55574e+07
1.4961e+07
1.43953e+07
1.39082e+07
1.3574e+07
1.34325e+07
1.34042e+07
1.36851e+07
1.3309e+07
1.28117e+07
1.32427e+07
1.34229e+07
1.35491e+07
1.39498e+07
1.41567e+07
1.45722e+07
1.42509e+07
1.37287e+07
1.36489e+07
1.27711e+07
1.20575e+07
1.17703e+07
3.61952e+07
4.14664e+07
3.85408e+07
3.19352e+07
2.45224e+07
1.88338e+07
1.50561e+07
1.35387e+07
1.34546e+07
1.31049e+07
1.26548e+07
1.22117e+07
1.19449e+07
1.26047e+07
1.36922e+07
1.44234e+07
1.59929e+07
1.77252e+07
1.91508e+07
2.01561e+07
2.19529e+07
2.39498e+07
2.53711e+07
2.67672e+07
2.77513e+07
2.89822e+07
2.9164e+07
2.9116e+07
2.87966e+07
2.81398e+07
2.79461e+07
2.73866e+07
2.82243e+07
2.89741e+07
3.00493e+07
3.10941e+07
3.13477e+07
3.15179e+07
3.13884e+07
3.07551e+07
3.00988e+07
2.8139e+07
2.71199e+07
2.57248e+07
2.43286e+07
2.26627e+07
2.24196e+07
2.22151e+07
2.08555e+07
2.00565e+07
2.0225e+07
2.05425e+07
2.08523e+07
2.04843e+07
1.97519e+07
1.91277e+07
1.88789e+07
1.92477e+07
2.02363e+07
2.14462e+07
2.15928e+07
1.98558e+07
1.74085e+07
1.59962e+07
1.57921e+07
1.56981e+07
1.62704e+07
1.68037e+07
1.66952e+07
1.65796e+07
1.68825e+07
1.67572e+07
1.71783e+07
1.72509e+07
1.77147e+07
1.79798e+07
1.80126e+07
1.82417e+07
1.83396e+07
1.80031e+07
1.81172e+07
1.82537e+07
1.90849e+07
1.947e+07
1.99535e+07
2.03374e+07
2.09165e+07
2.13895e+07
2.18193e+07
2.28516e+07
2.33013e+07
2.35013e+07
2.38942e+07
2.42097e+07
2.45074e+07
2.45805e+07
2.5106e+07
2.54687e+07
2.54048e+07
2.56421e+07
2.5334e+07
2.56445e+07
2.55532e+07
2.49626e+07
2.47291e+07
2.45801e+07
2.42152e+07
2.37427e+07
2.39589e+07
2.3748e+07
2.34563e+07
2.3052e+07
2.30414e+07
2.27008e+07
2.27312e+07
2.20475e+07
2.20531e+07
2.16263e+07
2.10553e+07
2.09403e+07
2.05326e+07
1.99982e+07
1.93677e+07
1.90722e+07
1.93914e+07
1.89909e+07
1.98961e+07
1.89303e+07
1.87548e+07
1.52694e+07
1.27269e+07
1.61991e+07
1.19651e+07
1.5527e+07
1.13435e+07
1.5755e+07
1.00999e+07
1.20962e+07
1.29544e+07
1.23031e+07
1.21154e+07
1.12792e+07
1.01291e+07
8.08403e+06
7.91868e+06
6.54401e+06
6.91571e+06
6.99355e+06
7.4323e+06
6.9294e+06
6.03325e+06
6.83615e+06
6.05779e+06
6.39371e+06
6.84422e+06
6.81483e+06
7.31301e+06
6.95759e+06
7.44543e+06
8.73806e+06
1.15117e+07
1.05869e+07
1.43086e+07
1.36469e+07
1.6907e+07
1.54718e+07
1.55784e+07
1.70587e+07
1.73242e+07
1.87749e+07
2.04617e+07
2.1432e+07
2.26858e+07
2.38219e+07
2.45247e+07
2.62591e+07
2.46396e+07
2.54921e+07
2.47807e+07
2.45715e+07
2.43571e+07
2.43996e+07
2.37201e+07
2.3616e+07
2.40412e+07
2.3841e+07
2.29232e+07
2.3506e+07
2.18608e+07
2.19024e+07
2.04419e+07
2.05633e+07
2.00875e+07
1.89833e+07
1.91244e+07
1.83235e+07
1.87156e+07
1.8462e+07
1.84176e+07
1.85199e+07
2.40939e+07
3.90454e+07
4.65476e+07
4.58708e+07
4.22442e+07
3.86903e+07
3.22134e+07
2.45726e+07
1.96204e+07
1.60903e+07
1.43171e+07
1.24976e+07
1.23193e+07
1.28633e+07
1.39041e+07
1.52801e+07
1.69185e+07
1.86425e+07
2.06174e+07
2.25095e+07
2.38751e+07
2.56396e+07
2.72164e+07
2.81616e+07
2.89898e+07
2.97329e+07
3.02017e+07
2.99006e+07
2.93066e+07
2.86855e+07
2.80914e+07
2.72318e+07
2.64385e+07
2.63474e+07
2.67014e+07
2.74127e+07
2.82563e+07
2.95825e+07
3.04658e+07
3.08001e+07
3.08201e+07
3.00396e+07
2.91108e+07
2.7737e+07
2.63218e+07
2.49854e+07
2.37803e+07
2.32253e+07
2.27685e+07
2.23727e+07
2.21093e+07
2.24201e+07
2.32302e+07
2.31805e+07
2.32121e+07
2.33488e+07
2.33699e+07
2.30803e+07
2.28157e+07
2.30297e+07
2.36625e+07
2.45381e+07
2.50375e+07
2.47815e+07
2.42419e+07
2.24606e+07
2.10171e+07
2.06344e+07
2.06862e+07
2.06348e+07
2.04851e+07
2.03336e+07
2.02816e+07
1.93928e+07
1.88796e+07
1.77545e+07
1.7547e+07
1.62957e+07
1.58212e+07
1.51548e+07
1.45443e+07
1.40095e+07
1.36001e+07
1.31941e+07
1.27091e+07
1.21531e+07
1.16529e+07
1.13557e+07
1.15539e+07
1.13239e+07
1.11149e+07
1.06624e+07
1.06821e+07
1.02854e+07
1.011e+07
9.90468e+06
9.50414e+06
9.10009e+06
8.56182e+06
8.39762e+06
7.748e+06
7.84541e+06
7.59558e+06
7.81284e+06
8.0233e+06
7.85048e+06
8.0274e+06
7.7949e+06
8.5102e+06
8.41047e+06
8.46588e+06
8.89378e+06
8.78997e+06
8.91234e+06
9.08586e+06
9.29237e+06
9.43006e+06
9.65205e+06
1.00127e+07
9.70449e+06
1.02601e+07
1.00021e+07
1.01342e+07
9.83174e+06
9.86402e+06
9.66859e+06
9.69257e+06
9.24202e+06
9.08626e+06
9.10082e+06
9.10342e+06
9.14683e+06
9.65276e+06
9.86534e+06
9.7505e+06
9.77209e+06
9.42257e+06
9.16296e+06
9.41127e+06
9.28147e+06
9.50283e+06
