16.4349
16.0184
16.4312
16.4524
16.4875
16.4049
16.2307
16.3209
16.6486
16.1155
16.8057
16.8755
16.2903
16.6702
16.7021
16.4212
16.478
16.2193
16.6579
15.9999
16.6085
16.5067
16.3219
16.6578
16.2747
16.2032
16.798
16.3472
16.6594
16.6221
16.5639
16.2986
16.5367
16.3276
16.4881
16.0295
16.2142
16.4315
16.5609
16.2523
16.618
16.4945
16.0314
16.253
16.5593
16.2626
16.0582
16.1435
16.5624
15.7453
16.3196
16.3861
16.054
15.9459
15.9043
16.0047
16.7697
15.7533
16.6516
16.2831
16.3334
15.9474
16.9957
16.2651
16.422
16.3565
16.2148
16.2901
16.3654
16.176
16.2454
16.3366
16.0088
16.3269
16.7899
16.3713
16.5108
16.4696
16.2299
16.4129
16.6084
16.8192
16.3598
16.8214
15.9598
16.5948
16.3857
16.2396
16.4604
16.4168
16.2076
16.1361
16.4548
16.5224
15.9643
16.791
15.8963
16.3716
16.1162
16.3525
15.904
16.5434
15.6823
16.475
16.179
16.1062
16.2107
16.5298
15.7368
16.4286
16.0596
16.4386
15.7421
16.8845
15.8563
16.5283
16.4234
16.3943
16.2655
16.4535
16.173
16.6673
16.353
16.2936
16.3097
16.4651
16.1318
16.5182
16.5742
16.2396
16.2186
16.6167
16.5216
16.001
16.7152
16.1768
16.2658
16.7899
16.2644
16.4952
16.7354
16.1998
16.3879
16.5076
16.4987
16.1576
16.6558
16.0201
16.534
16.1024
16.2396
16.3489
16.3101
16.0608
16.2661
16.5041
16.3506
16.0683
16.479
16.061
16.144
16.5232
16.5965
16.0059
16.5297
16.2156
16.0794
16.6785
15.8401
16.1769
16.0751
16.2774
16.1093
16.52
16.221
16.1525
16.2616
16.3386
16.4612
16.7434
16.1343
16.3777
16.3532
16.4634
16.0956
16.8556
16.3262
16.0521
16.2537
16.5346
16.0948
16.5237
16.2618
16.0996
16.3592
16.4839
16.4627
16.7242
16.3189
16.2849
16.2463
16.6347
16.2539
16.5505
16.3945
16.1344
16.4309
15.9693
16.0535
16.1823
16.2158
15.9165
16.8304
16.2201
16.1632
16.1315
16.294
15.7245
16.5769
16.0199
16.2738
15.8934
16.448
15.8377
16.674
15.8664
16.4211
15.8257
16.5524
16.0509
16.5868
16.1174
16.2957
16.177
16.4807
15.876
16.9298
16.1888
16.4975
16.3317
16.7314
15.807
16.9068
16.106
16.5106
16.5815
16.3585
16.4026
16.7413
16.1251
16.3247
16.6111
16.4583
16.2044
16.8571
16.202
16.4913
16.3089
16.5735
16.5174
16.4568
16.2937
16.2894
16.8875
15.9053
16.5492
16.4135
16.2422
16.1653
16.352
16.0678
16.056
16.4189
16.1197
16.1778
16.2685
15.7301
16.3748
16.1638
16.6875
15.771
16.7408
15.8174
15.9341
16.4775
16.2279
15.9685
16.645
16.0819
16.2954
16.2756
16.4477
16.0025
16.3922
15.7185
16.7197
16.0537
16.9004
16.2413
16.8603
15.9706
16.4841
16.5536
16.531
16.4199
16.8705
16.2033
16.3314
16.4852
16.6688
15.9827
16.65
16.3792
16.194
16.4112
16.696
16.1026
16.4845
16.5788
16.3394
16.622
16.1214
16.3566
16.3705
16.2405
16.0766
16.5601
16.2372
16.2081
16.4441
16.4635
16.1256
16.7837
15.8845
16.0376
16.4366
16.0066
15.8887
16.6211
15.8388
16.1639
16.0445
16.0874
16.0911
16.1342
16.5615
15.8533
16.2275
16.335
16.1909
16.8418
16.1612
16.4885
16.7745
15.9076
16.3518
16.5387
15.942
16.2266
16.1196
16.1484
16.0962
16.5716
16.5508
16.3512
16.5959
16.3356
16.1775
16.5436
16.4331
16.7258
16.5135
16.1857
16.2778
16.1862
16.2726
16.3624
16.4671
16.4239
16.1735
16.5971
16.4411
16.2372
16.8888
16.0505
16.4256
16.2176
16.3149
16.5103
16.5194
16.2501
16.3376
16.219
16.2196
16.0625
16.5257
16.4314
16.4058
16.235
16.7735
16.3312
16.5922
16.3208
16.5652
16.4105
16.4625
16.431
16.5913
16.2226
16.5016
16.0147
16.3541
16.029
16.1844
16.531
16.3253
16.4261
16.304
16.2756
16.2686
16.5409
16.1517
16.4914
16.4474
16.2318
16.4622
16.242
16.1913
16.2034
16.3066
16.015
16.0872
16.6111
16.0905
16.1095
16.1357
16.1096
16.2969
16.1744
16.4435
16.3211
16.2085
16.2632
16.5024
16.3821
15.9636
16.2581
16.5351
15.9065
16.3348
16.8878
15.9394
16.4994
16.1564
15.9795
16.6576
16.3062
16.1848
16.3488
16.6005
16.0088
16.4843
16.6164
16.4034
16.2098
16.6527
16.0492
16.798
16.1764
15.8826
16.7492
16.3428
15.8115
17.0862
16.0417
16.3585
16.0984
16.5908
15.9297
16.4989
16.3495
15.871
16.4435
16.1093
15.8855
16.7085
15.9162
16.098
16.137
16.9028
15.8624
16.5666
15.8719
16.3925
16.0158
16.4996
16.1789
16.9108
16.0441
16.0491
16.5375
16.348
15.6161
16.8492
15.8121
16.2516
16.1904
16.7461
15.7766
16.6174
15.9871
16.0767
16.6955
16.1929
16.2807
16.7431
15.9052
16.4948
16.4103
16.4489
16.0948
16.4612
16.3755
16.2575
16.6461
16.5421
16.0839
16.5567
16.2022
16.2483
16.6597
16.3005
16.5788
16.672
16.3943
16.1793
16.5697
16.3764
16.3182
16.3443
16.6134
15.9152
16.5534
16.3593
16.1085
16.0507
16.1465
16.025
16.5652
16.3281
16.5562
16.4849
16.6592
15.8182
16.4417
16.3063
15.7711
16.6075
16.0587
15.9801
16.6025
16.0789
16.271
16.1818
16.0249
16.0491
16.1232
16.3431
16.3414
16.1138
16.5873
16.1815
16.4349
16.6522
15.8201
16.5536
16.3699
16.0245
16.4992
16.5157
16.109
16.3921
16.4986
16.2092
16.8483
16.48
16.0248
16.9242
16.1389
16.638
16.8866
16.1888
17.0175
16.3651
16.9061
16.9135
17.177
17.2436
16.4935
17.0991
17.0386
16.4668
16.7212
16.9624
16.0155
16.9263
16.4629
16.6329
16.1487
16.0333
16.3429
15.6661
15.9679
15.6071
15.4297
15.2357
15.1225
15.8341
14.9347
15.0662
14.6562
14.8981
15.9384
14.3647
15.2455
14.2845
14.5365
14.9029
14.5493
15.3188
15.365
14.3584
14.9202
14.7945
13.988
14.2924
14.6434
14.4516
14.3919
15.019
15.9489
15.5161
15.8444
15.4244
15.6235
16.1056
15.8979
16.8269
16.7006
16.2272
16.5416
16.3913
16.4252
16.326
16.2906
16.3797
16.7966
16.4039
16.4355
16.286
16.4109
16.1842
16.292
16.3281
16.2647
16.325
16.5866
16.132
16.6254
16.2671
16.346
16.6482
16.3492
16.1961
16.6261
16.2862
16.4211
16.2105
16.5737
16.3685
16.221
16.5834
16.2468
16.4253
16.073
16.3454
16.414
16.1155
16.2478
16.5274
16.4105
16.32
16.1673
16.3866
16.0851
16.4455
16.4443
16.2128
16.3859
16.3563
16.175
16.5225
16.1725
16.0555
16.1432
16.3998
15.9798
16.0762
16.6163
16.3859
15.8613
16.8303
16.0137
16.6019
16.2792
16.343
16.5355
16.2167
16.0001
16.8052
16.0791
16.3095
16.1026
16.4366
15.9648
16.2965
16.1548
16.4449
15.8434
16.6208
16.15
16.3789
16.254
16.0606
16.1482
16.5415
15.7621
16.1687
16.4617
15.6806
16.2347
16.2754
16.0637
16.465
16.0834
16.023
16.5161
16.0844
16.2232
16.3425
16.5615
15.9111
16.817
16.3568
16.2947
16.5156
16.5474
16.075
16.5812
16.2896
16.5447
16.5478
16.5359
16.2205
16.7861
16.3666
16.4455
16.539
16.713
16.0484
16.8788
16.4269
16.4746
17.0019
16.2316
16.555
16.4448
16.4484
16.5304
16.2552
16.6969
16.2076
16.575
16.4202
16.0047
16.3247
16.1629
15.8307
16.6948
16.0609
16.4976
16.4622
15.861
16.367
16.1233
16.1253
16.1714
16.1903
16.2153
16.0571
16.4435
16.4894
15.9302
16.3781
15.8604
16.3259
16.1402
16.6268
16.0619
16.228
16.0583
16.3233
16.1054
16.5328
15.9745
16.706
16.2572
16.3037
16.6149
16.1949
16.1005
16.476
15.9953
16.5174
16.4591
16.5107
16.0926
16.5958
16.2149
16.2867
16.4073
16.3914
16.1004
16.3845
16.6233
16.5323
16.4047
16.1807
16.1697
16.3155
16.3793
16.4984
16.3309
16.0865
16.0158
16.3273
16.0054
16.2161
16.4925
16.1186
16.2221
16.3475
16.5627
15.9855
16.6183
16.1205
16.114
16.3377
16.3625
16.2032
16.6158
16.0769
16.5419
16.3327
16.5137
16.2624
16.5381
16.2138
16.6671
16.2642
16.6131
16.2155
16.8447
16.2495
16.6593
16.6509
16.3625
16.3232
16.5258
16.434
16.2035
16.1862
16.7563
16.0556
16.6556
16.2322
16.3493
16.4763
16.2487
16.2645
16.3319
16.5099
15.9091
16.5685
16.2472
16.2709
16.1731
16.293
16.191
16.3828
16.0654
16.2983
16.31
16.1037
15.984
16.5255
16.1179
16.146
16.2318
16.5429
15.6176
16.5754
16.1584
15.983
16.2195
16.1426
16.2111
16.4695
16.1805
16.0978
16.2383
16.5353
15.7363
16.7358
16.1795
16.3121
16.4786
16.3475
16.3228
16.7944
15.8433
16.2428
16.4198
15.92
16.3805
16.6141
16.1177
16.0933
16.5106
16.4996
15.9652
16.6353
16.2194
16.0055
16.5112
16.1244
16.7608
16.0929
16.587
15.8854
16.4602
16.2837
16.1168
16.3945
16.3274
15.8832
16.8237
16.1251
16.3832
16.5682
16.2579
16.1266
16.5584
16.0839
16.4282
16.4042
16.3196
16.1762
16.7795
16.2405
16.5407
16.5
16.2013
16.1447
16.6282
16.1687
16.6429
16.2882
16.5453
16.2016
16.4627
16.4099
16.6752
16.1798
16.5453
16.0934
16.7162
16.1362
16.5273
16.352
16.5083
15.7937
16.5142
16.4042
16.1902
16.3608
16.3037
16.1665
16.6557
16.0141
16.4697
16.5426
16.1171
16.128
16.5775
16.2233
16.3082
16.3133
16.2774
16.3044
16.0162
16.4216
16.2727
16.1498
16.202
16.2287
16.5118
16.2035
16.1849
16.5196
16.3007
15.8718
16.4264
16.4206
16.0312
16.3129
16.2688
16.4002
16.3154
16.5063
16.0773
16.492
16.2465
16.2528
16.6016
16.5158
16.1884
16.7418
16.1771
16.3754
16.3292
16.4265
16.1631
16.615
16.0004
16.6615
16.1373
16.5282
15.8727
16.5489
16.1696
16.229
16.5279
16.3453
16.1022
16.3876
16.3552
16.2249
16.1304
16.5516
15.9071
16.356
16.2557
16.0102
16.6233
16.0135
16.332
16.5033
16.245
16.2432
16.3984
16.1217
16.1884
16.3585
16.4758
16.3065
16.3871
16.4498
16.3857
16.2583
16.6334
16.1417
16.8175
16.1903
16.5154
16.4797
16.6272
16.2147
16.641
16.5834
16.3513
16.4395
16.6956
16.1383
16.4152
16.0361
16.1876
16.2648
16.2993
16.4724
16.4766
16.3963
16.4623
16.1893
16.4616
16.0229
16.432
16.3778
16.0972
16.572
16.1226
16.3093
16.3667
16.1158
15.9208
16.589
16.2875
16.2955
16.3021
16.4267
15.6937
16.2906
16.0982
16.0955
16.4844
16.1215
16.1201
16.8302
15.8049
16.4259
15.8438
16.1896
16.067
16.1852
16.3197
16.3566
16.2745
16.1407
15.9183
16.5241
15.7336
16.1899
16.5269
16.0186
15.8857
16.7992
16.164
16.0363
16.3763
16.2398
16.1444
16.4335
16.1544
16.3775
16.7406
15.9096
16.4486
16.6612
16.0948
16.7405
16.4806
16.6013
16.6079
16.2491
16.641
16.1811
16.6294
16.1751
16.4547
16.4999
16.1625
16.314
17.0818
16.3844
16.5124
16.6488
16.5801
16.107
16.5617
16.5619
16.3208
16.1816
16.2271
16.0876
16.3679
15.9184
16.2741
16.0572
15.8479
16.1441
16.2462
16.1588
16.1857
16.4254
16.2068
15.8786
16.4283
16.4
15.9651
16.689
16.0993
16.2335
16.3134
16.2335
16.3244
16.4269
16.2875
16.2999
16.4977
16.8045
15.9009
16.7915
16.0978
16.4977
16.4465
16.5496
16.3552
16.8924
16.041
16.411
16.3996
16.164
16.1501
16.903
15.9563
16.3558
16.4218
16.6359
15.9866
16.8256
16.1002
16.3994
16.5508
16.3367
16.4015
16.5662
16.1911
16.1613
16.3395
16.1466
15.9401
16.6784
15.7507
16.1908
16.2631
16.0908
16.2703
16.3851
16.1492
16.1764
16.34
16.1304
16.2027
16.3935
16.2222
16.1772
16.5802
16.3001
16.2669
16.3066
16.1216
16.0184
16.4879
16.1256
16.321
16.4706
16.2466
16.2447
16.5725
16.2648
16.5993
16.4881
16.4327
16.2484
16.6786
16.1675
16.6855
16.1633
16.4541
16.2982
16.5513
16.2759
16.2645
16.3021
16.2383
15.9344
16.6319
15.9534
16.5337
16.2576
16.6735
16.1704
16.4181
16.134
16.2713
15.9709
16.4598
16.3223
16.3371
16.3394
16.3328
16.5103
16.2026
16.1481
16.4641
16.1357
16.33
16.3981
16.4082
16.2742
16.5111
16.0883
16.1089
16.3666
16.0974
16.3034
16.6794
16.0614
16.3782
16.3084
16.2198
16.2411
16.0674
16.5586
16.538
16.1821
16.5559
16.2524
16.4468
16.324
16.2359
16.7242
16.1013
16.6275
16.2981
16.3577
16.0831
16.4007
15.8598
16.2705
16.1959
16.4867
16.1559
16.4805
15.9512
16.102
16.1394
16.4378
15.9838
16.6696
15.905
16.6322
16.0971
16.5283
16.0303
16.3817
16.3366
16.1611
16.4696
16.1184
16.3141
16.4999
16.2669
16.3439
16.584
16.3829
16.1349
16.6834
16.1135
16.2311
16.2758
16.1513
16.3374
16.2453
16.5849
16.2319
16.5187
16.1273
16.2838
16.414
16.2544
16.4207
16.4116
16.2725
16.1573
16.2859
16.5616
16.1353
16.5294
16.1444
16.5147
16.1385
16.6293
16.0422
16.5712
16.0361
16.2733
16.3475
16.2996
16.3086
16.4908
16.3131
16.3757
15.9804
16.6925
15.9476
16.2919
16.3269
16.1503
16.2729
16.0353
16.3114
16.2628
16.3827
16.0608
16.3991
16.3643
16.0874
16.2479
16.6733
16.213
16.2913
16.5266
16.0998
16.1618
16.3757
16.1516
16.565
15.9269
16.3987
16.1853
16.1058
16.0647
16.3287
16.5227
16.1796
16.3037
16.7754
16.0716
16.8024
16.2903
16.5703
16.081
16.6834
16.1366
16.7377
16.295
16.5367
16.552
16.6127
16.1731
16.6124
16.3289
16.2816
16.4056
16.5937
16.4185
16.8012
16.1242
16.7139
16.6104
16.196
16.4961
16.5004
16.5409
16.2215
16.6641
16.8024
16.263
16.503
16.225
16.2812
16.1085
16.2052
16.2587
16.466
16.029
16.1
16.6142
16.0595
16.3385
16.2842
16.5531
15.883
16.5429
16.4827
16.2093
16.5262
16.0711
16.1791
16.3224
16.1429
16.446
16.1445
16.4567
15.866
16.3652
16.436
15.8448
16.5267
16.1674
16.089
16.5266
16.4189
15.9757
16.7707
16.1989
16.0259
16.4844
16.4515
15.9014
16.6063
16.3109
15.8957
16.541
16.5989
15.9996
16.8945
16.0304
16.1814
16.6542
16.1257
16.5806
16.4816
16.1366
16.2996
16.3113
16.2548
16.0578
16.5144
15.9645
16.1963
16.534
16.1653
15.9874
16.6056
16.126
16.0144
16.2242
16.3274
16.0886
16.3657
16.2403
16.2477
16.2306
16.3174
15.8927
16.365
15.8874
16.1186
16.4398
16.0387
16.0838
16.4343
15.9836
16.2454
16.6271
16.2046
16.3241
16.8059
15.8648
16.6337
16.5337
16.0377
16.083
16.4308
16.04
16.3214
16.2803
16.3677
16.2936
16.1395
15.9683
16.4372
16.2619
16.3892
16.0867
16.6197
15.8198
16.5192
16.1097
16.4858
16.0275
16.1445
15.9869
16.4048
16.0944
16.3711
15.9615
16.5845
15.6866
16.2629
16.1062
16.5556
15.255
16.5322
15.7627
16.1233
15.6515
16.4681
16.0268
16.0567
15.9214
16.6326
16.1954
16.5715
16.0772
16.6497
15.7723
16.4655
16.1079
16.7483
15.7923
16.4247
16.1757
16.4852
16.0534
16.3862
15.9814
16.5189
16.0903
16.4483
16.4694
17.1784
15.6883
16.972
16.241
16.3034
16.166
16.8049
16.1687
16.8492
16.2759
16.6332
16.3986
16.5951
15.7206
17.0465
15.9497
16.3462
16.7367
16.6553
15.7908
16.9864
15.7882
16.4329
16.4315
16.363
15.9546
16.7126
16.1854
16.6022
16.2729
16.6831
15.7182
16.7828
15.9864
16.0993
16.4698
16.2464
15.7227
16.7649
15.6542
16.5942
16.4647
16.4995
15.8996
16.9662
15.8944
16.3526
16.5289
16.3566
15.7778
16.6054
16.018
16.4317
16.3301
16.5863
15.6622
16.5201
15.9046
16.4479
16.0685
16.3798
15.7849
16.8206
15.9473
16.4115
16.6273
16.2661
16.0776
17.0131
16.0043
16.7831
16.1458
16.8801
15.6614
16.671
16.0201
16.1683
16.2591
16.24
15.842
16.5558
15.932
16.3247
16.0612
16.5661
15.8474
16.987
16.1475
16.4735
16.3716
16.6249
15.6864
17.002
16.0932
16.2944
16.3296
16.4171
15.8858
16.5253
15.8809
16.5206
16.1075
16.6483
15.9346
16.9546
16.2552
16.3898
16.3945
16.7492
16.233
16.7507
16.2659
16.5931
16.2104
16.7733
16.0262
17.0492
16.2686
16.4231
16.6448
16.7177
16.0252
16.7751
16.2173
16.3513
16.0178
16.6617
16.1785
16.7049
16.2727
16.5476
15.777
16.5046
15.8604
16.7667
16.2302
16.5394
15.9343
16.6416
15.916
16.424
16.0227
16.0454
16.1116
16.3174
15.896
16.7372
15.8144
16.2692
16.0171
16.2968
15.6947
16.4384
16.0989
16.1618
15.8473
16.754
15.767
16.821
16.2739
16.195
16.3837
16.6728
15.8387
17.0609
15.818
16.5305
16.151
16.6819
15.9775
16.7584
15.9702
16.5537
16.348
16.6385
16.0913
16.9022
15.9982
16.566
16.3062
16.9714
16.0647
17.0542
16.2108
16.3936
16.3744
16.7123
15.964
16.9647
16.1067
16.2976
16.21
16.3554
16.1204
16.7275
15.6981
16.6875
15.9766
16.4862
15.8125
16.9244
15.6698
16.1788
16.0749
16.1472
15.795
16.6043
16.072
16.507
15.9224
16.4513
15.9669
16.6473
16.1382
16.4356
16.0186
16.5465
16.1755
16.6428
16.0044
16.5145
15.9397
16.6429
16.0979
16.6524
16.2445
16.6478
15.8902
16.755
15.8914
16.9157
16.3577
16.4755
16.5491
16.7204
16.0373
16.9412
15.9416
16.3316
16.0384
16.667
15.9306
16.5083
16.1536
16.3004
16.0289
16.7079
15.9762
16.552
16.0773
16.5202
15.8661
16.7459
15.9788
16.5265
16.2235
16.2572
16.306
16.8446
16.0051
16.8038
16.0428
16.1467
16.0061
16.6932
15.6693
16.7353
16.2129
16.0954
16.2863
16.7772
15.8754
16.8281
16.1348
15.995
16.5519
16.5338
15.8045
16.8146
15.8594
16.4306
16.0363
16.7582
15.778
16.4399
16.0526
16.0003
16.2809
16.3993
15.9089
16.6686
15.9089
16.6073
16.0562
16.7158
15.8191
16.6832
16.0405
16.3592
15.99
16.7055
15.7726
16.549
16.2545
16.1517
16.7082
16.2536
16.0341
16.8541
15.7611
16.4859
16.1392
16.6542
15.8308
16.684
16.3427
16.3132
16.1582
16.5621
15.8675
16.5982
15.9279
16.4702
16.161
16.4184
15.8222
16.9585
15.8351
16.4731
16.0306
16.548
15.774
16.7195
15.6445
16.343
16.0647
16.0792
15.9925
16.7718
16.0618
16.5427
16.3591
16.5915
16.223
16.884
16.5377
16.7647
16.2079
16.7813
16.0014
16.53
15.9233
16.2397
16.4156
16.1651
16.017
17.0199
15.7352
16.5579
16.1535
16.4898
15.9055
16.8725
16.2607
16.8072
16.4224
16.6419
16.1321
16.8386
16.1276
16.1886
16.307
16.2365
16.1103
16.7732
16.0227
16.4894
16.0051
16.3959
15.8771
16.4548
15.7841
16.2946
16.3458
16.0947
16.0401
16.827
15.8715
16.584
16.2447
16.4465
16.1802
16.7135
16.2402
16.5558
16.1708
16.3675
15.9012
16.7537
15.8126
16.6682
16.3913
16.3214
16.266
16.5444
16.0869
16.5558
16.159
16.8484
15.9615
16.7712
16.1395
16.6381
16.3349
16.5838
16.1215
16.7428
16.3087
16.6612
16.3367
16.6733
15.9461
16.7363
15.961
16.799
16.1607
16.594
16.0268
16.7412
16.0301
16.4136
16.0742
16.4898
15.8949
16.5142
16.3872
16.0833
16.2036
16.7557
15.4685
16.9357
15.9596
16.1719
15.9632
16.6265
16.0462
16.4937
16.4376
16.1641
16.4191
16.7151
15.7903
16.9839
15.9392
16.28
16.4324
16.5878
15.8549
17.043
15.9356
16.2254
16.0451
16.2807
15.7896
16.5185
16.0223
16.2586
16.1827
16.9531
15.6508
17.112
15.9847
16.6075
16.3124
16.8036
16.0177
16.8589
16.1831
16.2995
16.2763
16.245
15.8242
16.8695
15.6887
16.3333
16.1737
16.3607
15.5378
17.013
15.8561
16.3207
16.2122
16.3967
15.9525
16.7773
16.0077
16.6648
16.2493
16.5258
16.107
17.2507
15.925
16.816
16.2644
16.7866
15.9626
17.1046
15.9068
16.6514
16.4299
16.2343
16.1795
17.0443
15.6579
16.7186
16.2514
16.528
15.873
16.8638
16.1543
16.2428
16.516
16.5218
16.165
16.6167
15.8829
16.5766
16.2974
16.1794
16.3028
16.6152
15.4994
16.8138
16.2644
16.57
15.9835
16.5171
16.0056
16.2928
16.5399
16.3374
16.13
16.7661
15.7642
16.7761
16.4086
16.6748
16.2127
16.449
16.0933
16.4706
16.2395
16.4322
16.184
16.2452
15.9279
16.5507
16.2397
16.306
16.2196
16.5004
16.0057
16.4303
15.9833
16.6267
15.7653
16.8098
16.1107
16.3412
16.3368
16.2545
16.0969
16.6747
15.6731
16.4262
16.1084
16.6404
16.2957
16.7783
16.1019
16.6556
15.733
16.7517
16.0174
16.6957
16.2565
16.4266
16.4778
16.2901
15.9812
16.9824
15.8666
16.3986
16.1911
16.9862
15.8039
16.9374
15.823
16.4387
15.817
16.4539
16.0179
16.6318
16.0971
16.6539
16.2161
16.5142
15.8096
17.367
15.3385
17.2652
17.1915
16.7445
14.9299
17.9143
15.0443
16.1903
15.3578
17.8882
15.4415
16.0765
15.7492
18.8827
14.1367
16.1027
15.75
18.0996
13.5695
16.6077
15.4731
16.9179
14.0361
17.9111
16.134
17.2709
13.3034
19.0814
15.69
18.8898
13.0448
19.2945
14.4794
17.7661
15.5813
22.4539
13.1291
17.9034
13.4648
19.8687
11.8183
18.0522
15.4713
20.5808
11.3909
20.3439
16.5294
22.4548
11.2051
18.9062
15.476
18.7364
12.9779
20.9333
14.5437
18.0129
9.8919
20.1942
12.2315
17.2421
10.8162
20.6132
11.3678
16.9436
12.2326
20.2666
9.80382
17.174
11.9292
19.66
10.2222
17.5801
11.1455
19.0634
10.6561
19.4777
12.4468
19.4486
10.2668
20.4988
14.0615
19.6812
13.4559
19.4742
14.0512
20.792
13.3975
22.0866
13.3586
19.5334
12.8452
21.245
12.7012
18.2627
15.2727
20.2633
13.2845
22.0913
14.7617
21.4411
12.9497
20.3506
14.2485
22.3199
12.9979
21.2497
14.8982
20.0756
13.0153
21.2883
11.9471
19.1112
11.4057
19.4818
13.1857
20.5173
11.7238
21.4094
11.873
19.9369
13.0701
20.9929
12.2874
18.9702
12.3615
20.029
12.1001
20.4824
11.6822
20.7962
11.0655
19.8915
13.0467
20.4399
12.7838
20.4504
12.5439
20.6328
12.1642
20.5895
12.7289
20.4321
12.2161
20.5196
12.5357
20.2157
12.3583
20.2866
12.3748
19.9374
12.7684
20.3892
12.5995
20.5006
12.2185
20.738
12.8072
20.2457
13.1151
20.4367
12.5989
20.1756
12.9199
20.508
12.8284
20.2006
12.7086
20.6399
12.7389
20.5903
12.7576
20.5236
12.2555
20.7637
13.0424
20.4317
12.7733
20.6006
12.6221
20.3454
12.6256
20.3193
12.8111
20.343
12.5458
20.6031
12.6312
20.3728
12.9261
20.7063
12.7416
20.6749
12.7676
20.4279
12.9076
20.2717
13.0208
20.3976
12.8099
20.4001
12.9131
20.7365
12.5756
20.6371
12.7077
20.4309
12.8496
20.5417
12.8855
20.5794
12.7024
20.3726
12.6418
20.2476
13.0568
20.2482
12.8341
20.8909
12.3163
20.5284
12.5807
20.326
12.67
20.2195
12.9605
20.3192
12.6712
20.3649
12.962
20.3542
12.4377
20.6624
12.5201
20.4722
12.6531
20.6908
13.0861
20.5184
12.6543
20.461
12.9147
20.2537
12.9082
20.7565
12.3136
20.2662
12.5145
20.5648
12.6126
20.5509
12.724
20.5656
12.5343
20.5644
13.1944
20.7265
12.3613
20.8295
12.4266
20.7928
12.8386
21.2544
12.7116
20.4936
12.5364
20.5501
12.649
20.461
12.7844
20.7081
12.3416
20.7177
12.6653
20.8459
12.4776
20.7992
12.572
20.5559
12.9017
20.6297
12.7173
20.6003
12.5117
20.4205
12.603
20.535
12.8709
20.9944
12.2299
20.9536
12.2008
20.7446
12.6025
20.487
12.905
20.7982
12.6551
20.6455
12.7189
20.7065
12.2846
20.9815
12.2769
20.5137
12.7422
20.9406
12.8417
21.053
12.7405
20.8606
12.899
20.7901
13.1137
20.7423
12.6939
20.8309
12.6327
20.6365
12.4933
20.9105
12.4584
20.6503
12.6606
20.6142
12.8312
20.6502
12.7577
20.678
12.2179
20.9712
12.4619
20.6187
12.5545
20.5302
12.7461
20.4288
12.4021
20.7769
12.0991
20.5617
12.2753
20.5505
12.4591
20.3138
12.7793
20.6895
12.4427
20.7984
12.3333
20.6572
12.573
20.3747
12.793
20.4316
12.5652
20.4505
12.5117
20.4849
12.4382
20.6295
12.3583
20.3091
12.441
20.4903
12.3338
20.5197
12.5256
20.7863
12.4745
20.7233
12.5673
20.6765
12.5176
20.4255
12.6858
20.6124
12.4678
21.068
12.4551
20.5747
12.5658
20.4444
12.5467
20.2462
13.0432
20.5042
12.6304
21.1029
12.2464
20.872
12.8969
20.3941
13.2572
20.5254
12.7521
21.2949
12.4999
20.6832
13.0045
20.5743
12.5312
20.8558
12.8156
20.3103
12.9766
20.9317
12.1512
20.953
12.2477
20.3614
12.8334
20.297
12.8619
20.5506
12.6448
20.2483
13.0193
20.905
12.4779
20.9487
12.7942
20.556
13.3151
20.8339
12.9523
21.1605
12.2686
20.4868
12.7645
20.4636
12.5709
20.5702
12.6961
20.0337
12.9305
20.9891
12.3156
20.9716
12.4719
20.5605
13.2575
20.3996
13.0814
20.5719
12.64
20.3361
12.7158
20.3513
12.5043
20.2252
12.722
19.9582
12.9325
20.3852
12.3428
20.6579
12.637
20.2003
12.831
20.3519
12.5763
20.1522
12.64
20.2846
12.8279
20.474
12.4344
20.5019
12.7216
20.2975
12.8251
20.312
12.4631
20.8085
12.8318
20.6483
12.9024
20.7883
12.6129
20.5227
12.8922
20.529
12.9406
20.3475
12.8821
20.5853
12.5717
20.4143
12.9028
20.2283
12.6156
20.9164
12.6536
20.5381
12.7286
20.4802
12.6294
20.4619
12.8537
20.3031
12.8038
20.3984
12.6116
20.5713
12.4107
20.2873
12.6633
20.3382
12.5584
20.7667
12.5062
20.4427
12.5603
20.1947
12.7523
20.3035
12.5278
20.4858
12.41
20.2886
12.3623
20.7285
12.1191
20.1565
12.9632
20.363
12.8145
20.829
12.5888
20.4066
12.7056
20.4838
12.8738
20.4535
12.5599
20.6487
13.0244
20.1976
12.8857
20.7414
12.4569
20.4915
13.0561
20.6302
12.8906
20.8626
12.8199
20.7163
12.8017
20.6445
12.948
20.8512
12.3559
20.7448
12.8383
20.234
12.7673
20.7996
12.4603
20.7927
12.7562
20.7861
12.7497
20.9057
12.4024
20.8454
12.5465
20.576
13.0876
20.8552
12.8307
20.6044
12.4691
20.4765
12.5613
20.6298
12.5586
20.3413
12.6895
20.5341
12.3691
21.087
12.2452
20.5719
12.5223
20.4588
12.9678
20.7693
12.5722
20.6945
12.2285
20.8003
12.4145
21.0558
12.6188
20.6237
12.9322
20.94
12.7191
20.8999
12.6593
20.6845
12.5131
20.6802
12.735
20.6593
12.6442
20.4258
12.9744
20.8469
12.7083
21.4192
12.6909
20.7183
12.8987
20.8942
12.8727
20.6234
12.6523
20.6028
12.6089
20.7404
12.314
20.7113
12.374
20.1866
12.8747
20.8897
12.3515
21.1063
12.4358
20.5073
12.5714
20.6015
12.7023
20.6578
12.4739
20.5183
12.8135
20.5579
12.3893
20.7173
12.2083
20.2654
12.7443
20.6068
12.7279
20.6813
12.3718
20.4236
12.7546
20.4087
12.631
20.5864
12.2821
20.1433
12.6347
20.4999
12.5943
20.5732
12.4356
20.4931
12.455
20.7474
12.5132
20.6496
12.3793
20.3908
12.7648
20.4523
12.762
20.7586
12.5203
20.5405
12.5797
20.3666
12.7288
20.7886
12.6481
20.6841
12.7268
20.771
12.49
20.5512
12.8643
20.4549
12.8325
20.5837
12.8541
20.5376
12.9383
20.4271
12.7017
20.5581
12.3279
21.0065
12.9684
20.6196
13.1703
20.7187
12.4704
20.8099
12.673
20.5094
12.982
20.5419
12.5227
20.8694
12.5442
20.5199
12.9853
20.6392
12.5023
20.8247
12.6853
20.3473
13.0441
20.5085
12.8698
20.9114
12.7194
20.4187
13.1535
20.7571
12.3563
20.9936
12.3347
20.0984
13.041
20.6673
12.7475
20.9409
12.3204
20.4308
12.7495
20.4165
12.4573
20.6111
12.4864
20.182
12.9229
20.4381
12.2767
20.5559
12.2739
20.1612
12.7967
20.1976
12.6302
20.7715
12.3699
20.3412
12.9926
20.3908
12.4225
20.7314
12.5717
19.9933
12.939
20.1344
12.6621
20.5371
12.2734
20.5247
12.6085
20.3773
12.678
20.7831
12.834
20.4734
12.9375
20.3762
12.4317
20.8233
12.5132
20.2167
12.7735
20.2393
12.6889
20.8333
12.3801
20.4297
12.5462
20.0937
12.7487
20.7797
12.5901
20.4473
12.717
20.1568
12.6453
20.7441
12.4237
20.4168
12.6817
20.2613
12.9096
20.5723
12.7791
20.6271
12.7119
20.4991
12.9679
20.9372
12.6928
20.5535
12.9104
20.3332
12.9331
20.959
13.0337
20.2148
12.9162
20.5388
12.8293
20.522
12.7759
20.6246
12.5416
20.444
12.9472
20.4616
12.5185
20.0066
13.0479
20.2028
12.6939
20.8233
12.5026
20.3939
12.6215
20.5971
12.8404
20.6302
12.6452
20.5715
12.9208
20.3082
12.8074
20.5173
12.6322
20.0124
12.8435
20.8845
12.4528
20.6256
12.6041
20.5418
12.5378
20.7171
12.774
20.4728
12.7416
20.5817
13.1617
20.7173
12.2964
20.9161
12.247
20.6017
12.9933
20.9416
12.7224
20.6237
12.4672
20.4583
12.5741
20.7252
12.542
20.55
12.561
20.3701
12.6185
21.0567
12.2843
20.7235
12.6455
20.4615
13.0708
20.8133
12.7303
20.7803
12.4109
20.5408
12.7328
20.6848
12.7168
20.996
12.3328
20.6525
12.4557
20.5431
12.568
20.8116
12.6978
20.5468
13.0435
20.8787
12.6364
21.0739
12.479
20.7163
12.6574
20.9012
12.9188
20.6547
12.573
20.5802
12.7013
20.5962
12.91
20.8092
12.6926
20.9794
12.42
21.1196
12.6194
20.8342
12.6616
20.8041
12.8027
20.7749
12.5799
20.729
12.6088
20.233
12.7074
20.6642
12.3312
20.8763
12.2998
20.4565
12.4873
20.4902
12.5931
20.4424
12.4364
20.6428
12.5249
20.3576
12.5447
20.2418
12.4285
20.4872
12.392
20.7413
12.2667
20.5037
12.4674
20.4676
12.8216
20.2521
12.7106
20.5791
12.473
20.6041
12.5809
20.4824
12.5625
20.6443
12.994
20.6047
12.8996
20.8984
12.5353
20.8782
12.731
20.5733
13.2721
20.2705
13.0421
20.9045
12.4769
20.6451
12.8085
20.4758
12.7219
20.8162
12.7289
20.4215
12.7641
20.3725
12.6254
20.7612
12.3515
20.3214
12.5925
20.17
12.5944
20.6664
12.7574
20.101
12.814
20.5437
12.3015
21.2334
12.3289
20.5585
12.9401
20.3385
12.9168
21.1454
12.0992
20.8263
12.5714
19.931
13.3145
19.6058
13.2936
19.2426
13.3837
19.6037
12.9669
19.7372
13.3978
18.6351
14.0785
18.8607
14.0453
19.5218
13.8562
19.1918
14.1039
19.0505
14.4363
19.0651
14.5481
19.1235
14.8668
19.4704
15.2044
19.874
15.12
19.8349
15.1612
19.2751
16.3895
18.6293
17.341
18.2067
17.6781
18.7347
17.0823
18.5185
17.5591
18.1141
17.9849
18.3639
18.085
18.458
18.3328
18.1177
18.5918
17.6214
18.4702
17.1551
18.4928
16.6498
17.8234
16.8737
16.5618
16.8392
16.0496
16.6976
16.3536
16.6639
15.8655
16.6246
15.8151
16.2577
15.9861
16.4336
15.8142
16.6103
15.8241
16.6092
16.0565
16.4834
15.9923
16.7761
15.8349
16.4793
16.3379
16.3839
16.0316
16.8867
16.0457
16.5959
16.266
16.4399
16.123
16.7319
16.1846
16.6949
16.0067
16.5785
16.1971
16.6048
16.0991
16.7435
15.8178
16.492
16.1534
16.558
16.0247
16.4915
15.9988
16.5483
15.9191
16.8239
15.8123
16.4477
15.8804
16.6847
15.799
16.5754
16.1967
16.4978
15.9303
16.5627
15.8449
16.4843
15.7527
16.3502
15.986
16.5914
16.1466
16.7072
16.1259
16.3506
15.808
16.6021
15.8893
16.6119
15.9396
16.4854
16.1361
16.7668
15.9185
16.9195
15.9155
16.8131
16.034
16.8743
15.7933
16.7053
16.0998
16.6785
15.9967
16.7603
15.9913
16.7824
15.9891
16.7763
15.8424
16.5886
16.1408
16.3906
16.4783
16.4266
16.3456
16.8115
15.5432
16.7055
16.011
16.3155
16.1597
16.61
15.808
16.5977
16.3618
16.3523
16.0756
16.8916
15.8089
16.5896
16.3841
16.1004
15.9297
16.2508
15.775
16.9656
15.8382
16.7723
16.0682
16.6132
16.179
16.2199
16.6309
15.974
16.0647
16.7497
15.9231
16.8598
16.3897
16.2868
16.1291
16.364
15.814
16.4716
16.5069
16.1408
15.9396
16.8678
16.0142
16.7269
16.6311
16.2219
16.5488
16.4419
15.9444
17.2677
15.7051
16.6584
16.0918
16.5899
15.9686
16.5416
16.6139
16.4423
16.4804
16.57
15.9172
16.9827
15.9642
16.3474
16.4982
16.2585
16.1683
16.6771
16.1635
16.8816
15.9296
17.0938
16.0743
16.657
16.5335
16.2126
16.6525
16.4682
15.8512
16.8581
15.7364
16.6035
15.9639
16.7391
15.9706
16.49
16.3682
16.4025
16.1934
17.1255
15.8144
17.0838
16.2335
16.299
16.4436
16.4439
15.7023
16.7633
15.7844
16.3774
16.1363
16.659
15.6116
16.6013
16.1321
15.7806
16.3891
16.5572
15.6789
16.8838
15.527
16.3298
15.8908
16.6065
15.6655
16.7229
15.8806
16.24
16.2434
17.183
15.4455
16.8273
15.7547
16.4383
16.2971
16.7629
16.1402
17.1412
15.7332
16.4366
16.3865
16.6139
15.7521
16.8584
16.0579
16.4094
16.178
17.0573
16.1301
16.7973
15.9585
16.5814
16.4852
16.7249
16.0958
16.9632
15.9157
16.3558
16.2389
16.7087
15.9304
16.6481
15.7472
16.6999
15.7317
16.3699
15.8784
16.5645
15.6255
16.3309
15.9672
16.4873
15.5365
16.5895
16.1954
16.2608
16.028
16.6798
15.8527
16.4578
15.894
16.502
15.9968
16.2777
15.8017
17.0059
15.9588
16.3955
16.2813
16.6656
15.898
16.8412
16.0184
16.9838
16.1561
16.5491
16.1409
16.6897
15.9165
16.5106
16.0556
16.7244
15.6172
16.8479
16.4064
16.4785
16.0808
16.6828
15.9996
16.925
15.9497
17.0603
16.1024
16.4806
15.972
16.8152
15.6624
16.5666
15.8265
16.5792
15.7444
16.6962
16.2096
16.567
16.0562
16.7238
16.0256
16.9439
16.2743
16.8132
16.1239
16.9241
15.9223
16.9351
16.3254
16.4223
16.1559
16.5569
16.1443
16.5613
15.938
16.5266
15.8029
16.5223
15.9765
16.7109
16.1568
16.5034
16.1046
16.8556
15.9163
16.7195
16.3921
16.2621
16.2546
16.7077
15.6189
16.6942
15.791
16.1093
16.1802
16.544
15.6168
16.5794
15.8461
16.1257
16.0453
16.2527
16.1239
16.2856
15.8999
16.5364
16.1187
16.5955
15.9912
16.5833
16.0403
16.3658
16.3719
16.7894
15.8849
16.7619
16.0757
16.5048
16.4047
16.6385
16.1618
17.0571
