0.61822635
0.50662771
0.39955068
0.48268060
0.30603834
0.33210386
0.38045167
0.39718779
0.41718283
0.41971480
0.41755275
0.53950994
0.70181258
0.68022656
0.63611129
0.55939436
0.55845371
0.73013671
0.57071672
0.47019621
0.52125784
0.53412283
0.55691569
0.38657343
0.54252025
0.58522071
0.47812329
0.45631100
0.43600325
0.43386793
0.41790427
0.43333797
0.42244110
0.40257473
0.42295182
0.50206672
0.66043335
0.76059701
0.68258396
0.68173901
0.52675417
0.57290708
0.56393613
0.54817761
0.60510351
0.58989096
0.55388158
0.35132858
0.58754973
0.66772860
0.50163983
0.55915205
0.57891480
0.58979499
0.59364863
0.58901827
0.59790366
0.56457360
0.52925257
0.63431660
0.93065163
0.93397422
0.83694433
0.65585622
0.53813989
0.66249496
0.63443356
0.66436546
0.61014921
0.56360680
0.55272052
0.41165992
0.60185178
0.65672433
0.64143798
0.64663634
0.53762677
0.46875414
0.48952028
0.50174415
0.50851314
0.50849085
0.50534488
0.63912869
0.75084870
0.88529790
0.76983261
0.58384326
0.66411484
0.61228413
0.59613629
0.60318882
0.51061453
0.45025421
0.46566040
0.33994175
0.46840046
0.48984196
0.43020212
0.44605655
0.42269842
0.38999302
1.13369523
0.41138323
0.40810628
0.46637635
0.48529319
0.63814321
0.76198877
0.79551936
0.66984830
0.52990372
0.56373331
0.59064516
0.47760545
0.43997123
0.43169346
0.39702305
0.38619158
0.34429486
0.40899096
0.46835162
0.39331376
0.39488275
0.37947768
0.34807191
0.38114783
0.40458321
0.41010218
0.47065274
0.49245353
0.61915048
0.71345921
0.78109653
0.65886841
0.52125686
0.70307396
0.64499462
0.64311199
0.61051221
0.58769408
0.57451619
0.63411949
0.46712833
0.66496825
0.77833182
0.63025317
0.68493960
0.61522939
0.60986319
0.58233211
0.61933552
0.58415932
0.57781855
0.53801753
0.61831663
0.72890287
0.72856890
0.63748629
0.52261951
0.68436619
0.57116256
0.52124047
0.46405859
0.48560603
0.49668966
0.41609262
0.37389788
0.47779704
0.47061091
0.45479197
0.46136268
0.43731531
0.43388887
0.42210119
0.45259299
0.48948276
0.46652975
0.48367996
0.57603701
0.70292714
0.76456646
0.64423468
0.53918560
0.67165467
0.67685147
0.63361060
0.59764669
0.62357135
0.62815043
0.60787807
0.42024234
0.53331500
0.55474060
0.66834863
0.51834975
0.41864951
0.54758872
0.38786688
0.26437650
0.33757095
0.32158709
0.32705229
0.47615093
0.60072694
0.66256644
0.64235642
0.54405213
0.38646327
0.33293042
0.42774252
0.50997278
0.35578462
0.47213028
0.54429858
0.30268596
0.57501809
0.75041644
0.53663205
0.51902300
0.53283801
0.48365995
0.47644222
0.43017188
0.37046806
0.32774744
0.34579929
0.45829357
0.59703083
0.71770807
0.62882351
0.58838391
0.43136954
0.34546727
0.37447926
0.46761793
0.42352977
0.54099346
0.45762782
0.29712002
2.58636687
0.98989275
0.56332824
0.47672779
0.41303637
0.33834577
0.31396810
0.23606037
0.23218341
0.25149045
0.45567029
0.66400857
0.61542224
0.53952453
0.55095299
0.40119868
0.54389172
0.56440006
0.57701241
0.49553685
0.54446348
0.56636970
0.33220400
0.55979917
0.79094012
0.60175923
0.51991937
0.48175743
0.49439109
0.40210591
0.39080056
0.36038061
0.31891741
0.32941589
0.43518129
0.59875460
0.63817850
0.56558669
0.51629502
0.39210225
0.32742127
0.49322031
0.40999932
0.28499237
0.33056849
0.27855314
0.20756675
0.23112373
0.23875773
0.24001434
0.25146507
0.20162297
0.20125396
0.21652110
0.23642599
0.26683581
0.33419157
0.46427487
0.58198844
0.58653296
0.54199487
0.46554179
0.36253757
0.32549712
0.28452709
0.28217896
0.26619363
0.25132966
0.24586716
0.24069243
0.33827065
0.26657530
0.30922432
0.29600967
0.24798158
0.21312818
0.20077604
0.20915293
0.23864588
0.26161600
0.30490650
0.44514421
0.53586640
0.56771887
0.54089667
0.47777338
0.38139405
0.35920629
0.34457647
0.39294848
0.34159696
0.30077962
0.33641975
0.30514057
0.44893726
0.35811811
0.94656021
0.27802178
0.19399163
0.20961636
0.21880839
0.27318426
0.25726007
0.28715299
0.31352513
0.37056805
0.41010715
0.45124188
0.41734194
0.38328963
0.38644580
0.35872992
0.41123987
0.44135398
0.46621795
0.34075490
0.39136901
0.38049935
0.46459453
0.50782667
0.50679067
0.46809654
0.32934820
0.33224652
0.40572710
0.41803258
0.44843508
8.41464453
0.25819382
0.65389247
0.66916295
0.69853937
10.45277045
0.47092921
0.68860941
0.57068681
0.60152852
0.71680947
0.68361714
0.58499378
0.59365567
0.56376030
0.53726809
0.57243420
0.54342706
0.48226386
0.38352725
0.34950138
0.29982529
0.31648412
0.33417450
0.46094522
0.56681294
0.56296434
0.64414736
0.72118671
0.70950592
0.63396553
0.91905122
0.43679940
0.52954159
0.50916807
0.44390011
0.43853696
0.42724018
0.40848603
0.39410337
0.38700219
0.39429481
0.38450042
0.35955653
0.32787483
0.25662478
0.25608797
0.25983700
0.38401607
0.43621297
0.52442077
0.59360245
0.59277421
0.57187101
0.55345336
0.53886046
0.47816998
0.52284982
0.49530314
0.46897625
0.37127050
0.41191306
0.36345870
0.36729208
0.34408193
0.29607827
0.29638782
0.26286099
0.20922585
0.24187799
0.25572561
0.29772216
0.44592734
0.51012896
0.60025781
0.61830315
0.65931251
0.58917502
0.53533558
1.49275792
0.41748074
0.44388367
0.33846644
0.39386994
0.33154677
0.33965779
0.36886958
0.32835319
0.39908285
0.29114525
0.27082180
0.24995706
0.20829545
0.21672285
0.24588681
0.27729718
0.37144387
0.45353178
0.50651739
0.54761367
0.52138681
0.48846670
0.51131285
0.49256132
0.47935039
0.48860155
0.57012661
0.43995644
0.27046335
0.36658748
0.35087822
0.30362511
0.31911695
0.27538214
0.26832592
0.25183037
0.21027796
0.20872380
0.21482226
0.22323387
0.26476382
0.33664475
0.42483432
0.46571734
0.48459904
0.45520050
0.43907462
0.42459739
0.37278898
0.38329397
0.35330500
0.35003593
0.29226005
0.33930636
0.35676046
0.33150085
0.29860363
0.28448698
0.24894009
0.24799409
0.21887431
0.21814417
0.21531747
0.24731155
0.28980513
0.37071463
0.44454131
9.62757528
0.29931636
0.60025739
0.51687809
10.55233174
0.23627822
0.39838839
0.39146959
0.36940168
0.36051567
0.38161110
0.38648097
0.42734712
0.45294570
0.32281085
0.24531618
0.30414091
0.26866591
0.25098677
0.25827872
0.42228289
0.29054106
0.42978699
0.35520344
0.48742078
0.66324543
0.62986639
0.61202139
0.53036095
0.46831456
0.47524748
0.51551057
0.46755885
0.41850386
0.38097473
0.53625851
0.34695009
0.40161913
0.38038737
0.36729530
0.30924630
0.33819128
0.32743191
0.37467695
0.41318734
0.46901504
0.52090741
0.60446020
0.60573485
0.68280623
0.70610163
0.70071956
0.59438288
0.59216494
0.55135420
0.60888263
0.69164929
0.33227412
0.46575856
0.42147099
0.41989695
0.41199732
0.47999838
0.41194545
0.33491657
0.27064766
0.24238028
0.27494118
0.28931427
0.42323191
0.46661099
0.52325326
0.58221988
0.61732143
0.55295507
0.51038651
0.45266261
0.43556719
0.45307836
0.43272309
0.41872073
0.43331580
0.45529441
0.43369624
0.43286429
0.40260590
0.32169905
0.28921695
0.26627784
0.23680462
0.24791778
0.26083221
0.30010929
0.39249881
0.44018094
0.50786307
0.77605242
0.56487647
0.44693535
0.59930531
0.53915584
0.48776671
0.47628859
0.44162533
0.40277099
0.37388634
0.35791779
0.33569250
0.32056640
0.28911582
0.31484643
0.29948571
0.23308963
0.20106295
0.20403974
0.22726294
0.23120237
0.34598537
0.36245041
0.39843878
0.43057679
0.45618233
0.46030145
0.42371577
0.42741490
0.37098160
0.39252948
0.37478543
0.32296145
0.30485671
0.33382268
0.42335537
0.44227735
0.44236976
0.38547868
0.35694343
0.28262908
0.26055991
0.26612188
0.30101627
0.31063716
0.41068748
0.46307320
0.49310753
0.54451649
0.55159574
0.59268171
0.60340959
0.64792533
0.64801266
0.48978699
0.45351824
0.43535430
0.40220132
0.40693363
0.39929801
0.39713856
0.38501802
0.35973753
0.37966984
0.33763314
0.30496007
0.30493328
0.30197845
0.30310745
0.51272141
0.54446367
0.55123406
0.55349455
0.61147544
0.59881306
0.62337634
0.58154215
0.56790429
0.66272895
0.63589360
0.66041182
0.54437825
0.68279601
0.70352197
0.70121429
0.68992799
0.55242283
0.58477620
0.54628113
0.47851676
0.46003709
0.42096006
0.42705299
0.54932216
0.52525245
0.83072070
0.70332584
0.53178469
0.65700052
0.62715079
0.57095349
0.53871598
0.50801207
0.50047127
0.46593045
0.38781338
0.38033832
0.38197713
0.38866657
0.40349327
0.75425964
0.33631260
0.30855882
0.29831975
0.46443216
0.30875252
0.29121234
0.45234224
0.30483504
0.29734794
0.48570983
0.53580877
0.55246982
0.55468026
0.53546661
0.46777837
0.42695447
0.42739268
0.40448636
0.35020445
0.33955444
0.32457198
0.34928064
0.27448641
0.74995069
0.78653795
0.81617327
0.86819235
0.78401369
0.84417795
0.26158906
0.34986935
0.42303803
0.46535860
0.54063661
0.31045054
0.51919929
0.43633909
0.50360152
0.83367507
0.87598085
0.22380211
0.72567285
0.61465559
0.69165056
0.76641265
0.54364357
0.58319491
0.61874509
0.55945127
0.56761445
0.57204942
0.84472403
0.73343289
0.58758451
0.79623538
1.29678830
0.77294916
0.45589261
0.60800337
0.54845345
0.44614626
1.55457018
0.75864985
0.49309805
0.55530751
0.64022046
2.12030312
1.53390641
0.63161999
1.03594157
1.04112697
0.84224807
0.69797750
0.52347993
0.55148930
0.56827568
0.86689249
0.28919343
0.64470665
0.52550366
0.36289966
0.50030144
0.43833923
0.40728710
0.42930861
0.70573419
0.65735839
0.39596556
0.46258986
0.71277696
0.69652440
0.86301104
0.89481984
0.57134709
0.66416724
0.68114649
0.73319629
0.66733412
0.60344574
0.65697006
0.49752247
0.42497699
0.51479657
0.56402659
0.58397432
1.36255525
0.31680300
0.46152741
0.39143909
0.66400664
0.73811092
0.43186315
0.51141889
0.68579077
0.68238798
0.66914539
0.74143922
0.51468541
0.62678796
0.64020214
0.65639435
0.58989984
0.61086252
0.56008081
0.46353701
0.42142558
0.45438957
0.46308059
0.48058840
0.50038240
0.46555299
0.43361024
0.49678285
0.60665104
0.62660720
0.37198786
0.42858675
0.61465430
0.58271137
0.58435052
0.44335623
0.44655397
0.46922933
0.48938347
0.16004199
0.14262999
0.13640795
0.20643534
0.36003033
0.45089196
0.56470837
0.53093988
0.57028095
0.49948803
0.42791175
0.65013975
0.25470745
0.33847947
0.23055363
0.22032379
0.21160550
0.17875555
0.16910600
0.16917413
0.16626415
0.33231841
0.19380836
0.13608956
0.15418081
0.13204337
0.17519219
0.19073348
0.26438477
0.48458439
0.25440526
0.49209618
0.55147092
0.51528955
0.43173590
0.32126674
0.49051184
0.58430446
0.54494320
0.37328673
0.50080102
0.61311252
0.57991825
0.74747029
1.52511566
0.51748154
0.57999728
0.57024632
0.59562332
0.58896774
0.57137777
0.50628704
0.41130721
0.44894660
0.51161930
0.55194473
0.53369299
0.54120279
0.46448122
0.44177304
0.38885761
0.44196267
0.58581043
0.37404281
0.29705796
0.34365544
0.45355807
0.54458624
0.56561491
0.48884007
0.51007128
0.43440412
0.55805524
0.71152479
0.61350301
0.60126671
0.67536957
0.26738857
0.38865648
0.41695737
0.44659006
0.43031942
0.37172746
0.36014067
0.34309138
0.41090897
0.28136609
0.29509661
0.25861411
0.23687690
0.22681115
0.22857189
0.34634135
0.41380070
0.41325963
0.42790755
0.55324510
0.35999502
0.54735304
0.33250489
0.29915043
0.33871334
0.39380253
0.41356463
0.44630476
0.39847798
0.38179259
0.34751264
0.36142684
0.30772441
0.30666735
0.30069174
0.27486472
0.26450447
0.25829559
0.28175881
0.32019769
0.59630390
0.45726726
0.42894481
0.46953276
0.45564023
0.40785222
0.30463483
0.32648621
0.37802186
0.42969065
0.42169735
0.48416850
0.44461324
0.43423725
0.39020068
0.39731295
0.36687021
0.41792701
0.34076989
0.26066964
0.29958364
0.28943305
0.29048791
0.27063818
0.29490941
0.23479250
0.22450160
0.20823723
0.23037934
0.21707268
0.27044638
0.78413343
0.22589059
0.62410160
0.54009019
0.63601304
0.53836747
0.52697301
0.42372356
0.43947460
0.43687584
0.59908525
0.59810199
0.57448641
0.65440965
0.67632551
0.62567054
0.51876326
0.30650902
0.22254324
0.23874220
0.21686731
0.26068132
0.34920247
0.48534049
0.50049937
0.49900252
0.64910375
0.65272666
0.62083826
0.87359418
0.70327330
0.62969925
0.55966224
0.60210974
0.59918033
0.60151844
0.62303121
0.61373173
0.59101458
0.59720213
0.61722583
0.28702177
0.23190178
0.22399961
0.24149316
0.23355610
0.28021455
0.27557908
0.38639528
0.46270577
0.50476060
0.58733265
0.57137144
0.54393868
0.49392375
0.84189825
0.34811317
0.40813963
0.36281323
0.38707803
0.48027097
0.49540937
0.55061955
0.58473259
0.59170079
0.28419539
0.23772111
0.22956919
0.23145620
0.25060775
0.28350944
0.29276541
0.53975148
0.46058341
0.46058341
0.45841535
0.53183187
0.52062569
0.52036209
0.46980558
0.43366986
0.38105616
0.31046294
0.38268296
0.66400724
0.50123605
0.49412271
0.54774663
0.56693350
0.25568596
0.22946678
0.22039687
0.25729503
0.24827593
0.31667539
0.34214989
0.40896394
0.45575247
0.48008560
0.52641928
0.49007378
0.52773862
0.48833822
0.50055385
0.40735561
0.40306898
0.37924828
0.44155486
0.39138830
0.47837479
0.42899376
0.47875980
0.61620587
0.30962395
0.25609647
0.34676398
0.28393801
0.28980492
0.28276342
0.38144206
0.43151473
0.46268236
0.44903088
0.45900525
0.53297486
0.50192232
0.49619020
0.45401882
0.43790966
0.59753309
0.42248112
0.45058672
0.39680645
0.39086527
0.38296998
0.42784913
0.59551545
0.31512822
0.30350700
0.35522800
0.27666550
0.27021572
0.22314431
0.34847529
0.44100111
0.50000000
0.54215679
0.57803516
0.54682563
0.64735006
0.65897768
0.62001611
0.49672337
0.46816155
0.45231885
0.60183939
0.43408818
0.42834361
0.40379082
0.42536369
0.38666628
1.03635037
0.31917954
0.33386874
0.29869803
0.30722989
0.34800094
0.38647027
0.44790774
0.64867628
0.35513327
0.48804511
0.51144020
0.52353196
0.52222523
0.51146501
0.46543104
0.44860595
0.44453054
0.48081842
0.51223416
0.53363792
0.54586675
0.61964224
0.63436410
0.37299970
0.35723804
0.26039275
0.29351522
0.33035146
0.53603331
1.10578959
0.76606229
0.40403762
0.66388227
0.70933670
0.58446456
0.67252585
0.75739554
0.72170716
0.63148473
0.66746241
0.55025102
0.62185792
0.65281868
0.65382050
0.67138008
0.76268797
0.79646518
0.37000084
0.35312243
0.25742915
0.24168185
0.26159025
0.41176835
0.57241647
1.69120097
0.58298234
0.41493304
0.75587651
0.77400580
0.80924490
0.84502906
0.80937570
0.69864218
0.65419573
0.72733911
0.58754214
0.58372325
0.57916855
0.63609878
0.71061958
1.12772136
0.26133292
0.21264765
0.21543433
0.28608694
0.44225145
0.56165182
0.60601028
0.56900888
0.58389686
0.69306758
0.61972830
0.60178564
0.60178564
0.35036526
0.60244344
0.57824190
0.53950120
0.54842983
0.55386709
0.54102106
0.54457696
0.49528633
0.53350325
0.51687480
0.44993706
0.51290680
0.57021363
0.54244406
0.59504480
0.56008928
14.12734270
0.22068866
0.57798709
0.63151744
0.60461645
0.57685123
0.58696921
0.61391193
0.63285356
0.46651008
0.35340548
0.38699230
0.48396732
0.37582742
0.30416204
0.33742130
0.31643792
3.30105476
0.27810803
0.24692759
0.24892756
0.25359863
0.28379690
0.36799935
0.39258149
0.49510745
0.54608312
0.58473241
0.62728574
0.60711910
0.71590627
0.56407211
0.48010201
0.44594391
0.42929880
0.39610092
0.46434873
0.39522946
0.36803169
0.42017732
0.66574063
0.47960406
0.23113329
0.26937954
0.27271294
0.25976304
0.28547176
0.35230735
0.56188171
0.29324126
0.50800081
0.57316776
0.55065532
0.70348247
0.56638243
0.48388469
0.45380810
1.24587261
0.25447320
0.41523906
0.40873313
0.42232194
0.38356722
0.45256890
0.56093566
0.38081411
0.28642988
0.26688042
0.27237238
0.30148447
0.32371178
0.36576601
0.41567297
0.47299875
0.52516935
0.57211815
0.58395785
0.55138942
0.56435736
0.54075262
0.50583976
0.46841298
0.41972088
0.51060882
0.40164791
0.40622541
0.77599067
0.62142447
0.49803665
0.40311330
0.48390483
0.36258249
0.39279992
0.40128130
0.38417531
1.10435815
0.39610660
0.66688670
0.80930940
3.25033822
0.46136353
0.91151352
0.97212162
0.77351141
0.92726651
0.70198678
0.57058846
0.37417299
0.87871995
0.41017794
0.40570293
0.35319421
0.37314675
0.58276184
0.47216694
0.54500524
0.43851478
0.47719043
0.52652135
0.56432034
0.64994265
0.76044868
0.72175728
0.63017655
0.69036184
16.43819968
0.60950860
0.75519892
0.65465581
0.51937094
0.52938100
0.86103055
0.35075268
0.49084406
0.56304060
0.55402837
0.51296611
0.56236678
0.72818682
0.59679170
0.71177417
0.57515474
0.33039557
0.28868070
0.40338770
0.64336995
2.31898907
0.34317824
0.58557852
0.61800863
0.64546875
0.59541937
0.55002387
0.49025239
0.43823423
0.46324240
0.45280688
0.43954221
0.50533440
0.46157650
0.42333183
0.39918010
0.39125861
0.37925418
0.39880900
0.40193360
0.41772377
0.45422046
1.27389344
0.37529809
0.70482254
0.78134453
0.76867855
0.71599173
0.84376750
0.67299916
0.63480570
0.59301851
0.54237044
0.57345778
0.48684541
0.48935954
0.44792963
0.47946880
0.40594275
0.49938204
0.51236171
0.43900702
0.35447977
0.39162553
0.27098671
0.31019251
0.47779286
0.46967489
0.45456430
0.40423895
0.43505196
0.51232819
0.52882418
0.46279910
0.45106768
0.36041859
0.32682747
0.34438538
1.33574432
2.64657807
1.82096696
0.67687114
0.24519113
0.45654301
0.32069213
0.22537154
0.21277027
0.34430849
0.44024716
0.45496346
0.55976468
0.54302909
0.66486679
0.78777090
0.61214031
0.57223563
0.71643204
0.70974173
0.63226190
0.61033873
0.57684541
0.60228633
1.77437695
0.32078094
0.54687014
0.53854525
0.53876150
0.61573099
0.25144014
0.23153234
0.25882997
0.38590990
0.50535885
0.53089559
0.69659865
0.62781752
0.74646715
0.93158376
0.62345525
0.64614835
0.67310396
0.73064933
0.65706068
0.58208049
0.56468695
0.54633651
0.55512078
0.52931199
0.51087765
0.49115219
0.52200036
0.52187980
0.35511992
0.31565179
0.26361841
0.28646032
0.30966683
0.35318616
0.43607564
0.50224563
0.54928427
0.58808871
0.65485714
0.64996925
0.65292538
0.51996864
0.48609598
0.45964317
0.41415984
0.41206474
0.38418144
0.37293547
0.42395027
0.41822039
0.44818950
0.42840297
0.36323227
0.34061566
0.33195659
0.31625060
0.33528382
0.35870355
0.42102733
7.49059611
0.25286449
0.58102275
0.63717695
0.63203682
0.57442877
0.57758526
0.53477754
0.54956661
0.55639580
0.44115055
0.43082432
0.48338501
0.46146649
0.45339056
0.44328514
0.53391900
0.45483449
0.25145603
0.23518140
0.30564309
0.47453775
0.48245113
0.48061048
0.60129432
0.62799417
0.71428571
0.68901330
0.66939127
0.72436317
0.67340859
0.66053850
0.59831902
0.53648859
0.54196717
0.52363626
0.49562267
0.60851737
0.49277599
0.56794199
0.60412710
0.29678321
0.21740334
0.19465446
0.42907785
0.53374426
0.53514222
0.52409514
0.59068031
0.60317957
0.61702270
0.67365998
0.62015504
0.64683777
0.60541235
0.67352618
0.54821879
0.52051234
0.45760527
0.21103246
0.19587425
0.12399143
0.14567329
0.24913296
0.29745889
0.12374322
0.15784508
0.12152012
0.13696310
0.13199076
0.20702192
0.17310886
0.23336732
0.25327728
0.36130111
0.30438821
0.28767080
0.29901063
