0.08196474
0.09897224
0.06531395
0.07066283
0.10249020
0.12339465
0.15304511
0.14832151
0.21825776
0.22659794
0.17404580
0.15990196
0.14562648
0.14382857
0.13660465
0.13495249
0.11270777
0.10376328
0.09871478
0.09162476
0.08049517
0.08457839
0.08666432
0.09883167
0.11795615
0.09097692
0.08432432
0.06947448
0.07128758
0.07381992
0.11349813
0.14145806
0.18912879
0.15133971
0.15523114
0.14298246
0.14421818
0.14336650
0.15236152
0.14305023
0.10218383
0.09247312
0.07645570
0.07435302
0.07098938
0.05719088
0.06290964
0.06554477
0.05671602
0.05876072
0.05987885
0.05128324
0.05910861
0.06913991
0.09196310
0.12462121
0.21809524
0.17213033
0.14293629
0.14734139
0.12313830
0.12379599
0.12145880
0.11438760
0.08949129
0.07978517
0.07242568
0.06710526
0.06257185
0.05120573
0.05021772
0.05308333
0.04546581
0.04820119
0.04247071
0.03619477
0.04234796
0.06160813
0.09739496
0.12210692
0.18261421
0.17612457
0.14695067
0.12180905
0.12735169
0.11139053
0.12379882
0.11089757
0.08640700
0.08579011
0.07123340
0.06648402
0.06336611
0.06027286
0.06049354
0.05963455
0.05550231
0.04267016
0.04545508
0.03727009
0.04482068
0.06499655
0.09481865
0.11772174
0.17683333
0.14655738
0.13357430
0.13959184
0.11324324
0.12106007
0.11930921
0.10571585
0.09085535
0.08247582
0.07449804
0.07572402
0.07048368
0.06592285
0.05089733
0.05506944
0.05926478
0.05065815
0.04095500
0.03548731
0.05842360
0.09797364
0.10902542
0.11874026
0.17150142
0.17785714
0.13867841
0.14080645
0.15341772
0.11140071
0.11415493
0.11730426
0.08717532
0.09056569
0.08282340
0.08851746
0.08493361
0.09278509
0.08065598
0.07377143
0.05897852
0.05188294
0.03991529
0.03655653
0.04228529
0.05991111
0.06836000
0.07854125
0.13690000
0.13437247
0.13029810
0.09402556
0.09496420
0.07977273
0.08658409
0.08284898
0.06434409
0.06318668
0.05883124
0.05530184
0.06361775
0.06966165
0.06720930
0.06476684
0.05292869
0.04300000
0.03708473
0.02905626
0.03903428
0.05477509
0.07765273
0.10564920
0.10672862
0.13031359
0.11400000
0.09829861
0.08961606
0.08206148
0.07752551
0.08070053
0.06302137
0.07109576
0.06923330
0.05782888
0.05091166
0.05665990
0.05188797
0.04989457
0.05091368
0.05434516
0.04658740
0.04083845
0.05690393
0.06554990
0.08301527
0.10319892
0.13738540
0.12479319
0.10893617
0.11088942
0.10267918
0.08467089
0.07412298
0.06883602
0.06093215
0.05118211
0.07327032
0.07470214
0.06936012
0.06977088
0.05287182
0.06055464
0.06790346
0.05538184
0.04106453
0.03905000
0.04521348
0.05686035
0.07129812
0.08898104
0.14926335
0.12248000
0.11699332
0.11152034
0.10042373
0.08073381
0.08854839
0.08455208
0.08031185
0.07520531
0.06041141
0.06117921
0.05816198
0.05573874
0.05572923
0.05548718
0.04359565
0.04101407
0.03907087
0.04840851
0.05483062
0.07988468
0.09045455
0.10991150
0.14953125
0.12896679
0.12098113
0.10642599
0.09806878
0.08959559
0.08310726
0.07615299
0.06955918
0.08006902
0.07130669
0.06890162
0.06570761
0.04888328
0.04463347
0.04370578
0.04055484
0.03959843
0.03764973
0.02738557
0.03997486
0.05125782
0.07686384
0.08445402
0.13491632
0.13077181
0.12263636
0.11631922
0.11307494
0.09575812
0.09483871
0.08838910
0.08053471
0.08380545
0.06994716
0.07197244
0.07168664
0.07516821
0.07018297
0.06248535
0.05910220
0.05644903
0.04958538
0.04280138
0.06172000
0.07873950
0.10447619
0.13739884
0.17300310
0.16066667
0.14044776
0.14541322
0.10528067
0.10971014
0.11923423
0.10970652
0.11250000
0.08062342
0.07517570
0.06433615
0.06327481
0.05275717
0.05875256
0.06750532
0.06306477
0.05427127
0.04544379
0.04278439
0.07548880
0.12162963
0.10414747
0.11685300
0.16384146
0.13416949
0.11963855
0.10525822
0.13940043
0.17289973
0.14341429
0.11311298
0.10243208
0.09459054
0.08768921
0.07699177
0.06606416
0.06865157
0.06308675
0.06687163
0.06656800
0.06429719
0.05459930
0.04880208
0.06574153
0.08313496
0.09726190
0.12829365
0.14242105
0.14363057
0.10787375
0.12845912
0.15394495
0.12101190
0.12220635
0.11924411
0.12571926
0.10552747
0.10792553
0.10128514
0.07822476
0.07944225
0.06667184
0.06796848
0.06283170
0.05762800
0.05158572
0.04593359
0.05939709
0.06908473
0.08451338
0.12893099
0.13337778
0.13366667
0.11024390
0.12446809
0.12958743
0.11679128
0.13185366
0.12354800
0.10628099
0.08754082
0.08489590
0.08502358
0.08881826
0.08064461
0.09168182
0.09510114
0.08231306
0.08394841
0.07140496
0.06684539
0.08983215
0.08643382
0.09631918
0.13395122
0.12969811
0.11388235
0.10326403
0.12367123
0.11840336
0.12085526
0.12810393
0.12361486
0.10399417
0.09218250
0.07845390
0.06916084
0.08606850
0.08129373
0.07665944
0.06888456
0.08310174
0.05622089
0.05423587
0.05296318
0.05736766
0.08081381
0.08287714
0.09848243
0.13370672
0.12544850
0.11279720
0.13326087
0.11424242
0.10973196
0.11062712
0.13235915
0.10830800
0.11276693
0.08670711
0.06664766
0.06100633
0.06335648
0.05776083
0.05928262
0.05860656
0.06024390
0.05811152
0.05362480
0.07592143
0.09568138
0.14566946
0.07814013
0.12685567
0.13587629
0.12362869
0.11277992
0.10826531
0.10101796
0.11972431
0.10519774
0.10403900
0.08762797
0.07865261
0.07854937
0.07208799
0.06907208
0.06464535
0.05810583
0.04711313
0.04708637
0.04411117
0.03980354
0.05315530
0.08313552
0.08582640
0.11486014
0.14092409
0.14590580
0.11980469
0.10526132
0.11498516
0.12178808
0.12300000
0.10158667
0.10502907
0.08868126
0.07638095
0.07209920
0.08467855
0.08636917
0.08582722
0.08816609
0.07255097
0.05041507
0.05399561
0.04982939
0.06382045
0.08965882
0.09833480
0.15619469
0.11328302
0.12147929
0.11758333
0.12557549
0.12586524
0.12934823
0.12263819
0.10281407
0.08875000
0.08845647
0.08613761
0.07860272
0.07969653
0.07319628
0.06281085
0.05753600
0.05019608
0.04410256
0.03955963
0.06120022
0.06585012
0.07047619
0.09027735
0.12372671
0.12562212
0.12283146
0.10141956
0.11462882
0.12545455
0.12572131
0.11791919
0.10877378
0.09388282
0.08686486
0.06192157
0.06580132
0.07155773
0.07106020
0.06725664
0.05765465
0.06477842
0.04296393
0.03694932
0.06675476
0.07811337
0.05694831
0.08759947
0.12820652
0.12308977
0.11047222
0.11864662
0.12458848
0.11769748
0.12559598
0.11248269
0.08396903
0.06949216
0.06202780
0.06054893
0.05518672
0.05059643
0.05784825
0.04932024
0.05173800
0.04339632
0.03524766
0.02925630
0.05707886
0.06474586
0.04985294
0.07873140
0.10637546
0.10786000
0.11137536
0.10821317
0.10478114
0.10224242
0.13698709
0.10772857
0.08174984
0.07399837
0.07033898
0.05768320
0.05487654
0.05147744
0.05396985
0.04972053
0.04738739
0.03632859
0.02983593
0.02684303
0.04703318
0.07621648
0.06735000
0.08177281
0.13534247
0.10347107
0.10452830
0.11083019
0.11466667
0.11545872
0.11926641
0.12264706
0.10679537
0.08275934
0.07242661
0.07132519
0.06396253
0.06866502
0.07544823
0.07189757
0.06666920
0.04983819
0.04714484
0.04189335
0.05060909
0.06920150
0.06920150
0.07247718
0.13765909
0.11040881
0.11599359
0.10537671
0.10931343
0.09555785
0.11578550
0.10977387
0.08165808
0.08259849
0.09016736
0.07769231
0.06746642
0.06510139
0.07010684
0.07807055
0.07105848
0.07060994
0.06006684
0.04371023
0.05667025
0.10780075
0.07596000
0.08592593
0.12421659
0.09860759
0.11397260
0.11885463
0.11009980
0.11484266
0.12083926
0.11123881
0.10975258
0.10436321
0.09208249
0.08788656
0.09198454
0.09363267
0.10409019
0.08730581
0.07877633
0.08601204
0.07470247
0.07037010
0.07836588
0.11048742
0.08038560
0.06192308
0.11980000
0.11360140
0.12445682
0.10799007
0.10199488
0.10429078
0.11910423
0.11821121
0.11821121
0.11821121
0.08859491
0.08013474
0.08992494
0.09738965
0.08056980
0.07304907
0.07347539
0.07224967
0.07324984
0.06763261
0.07242444
0.08966958
0.07843636
0.09621374
0.15611231
0.11890052
0.13274286
0.11493188
0.12894988
0.12266281
0.11789595
0.11300099
0.08568852
0.08416297
0.07679377
0.07894430
0.08453441
0.09130320
0.09251467
0.10116564
0.08865512
0.07975724
0.07289945
0.07407758
0.07226482
0.06838068
0.09482143
0.09386340
0.13026144
0.11131183
0.09841969
0.11670927
0.11353282
0.12555556
0.11538653
0.11023429
0.09299065
0.08693953
0.09074909
0.08387783
0.08042857
0.07886806
0.08212781
0.08420505
0.08060139
0.06804979
0.06315297
0.05514726
0.06013333
0.06104779
0.07091554
0.08376168
0.12181664
0.11809384
0.09361538
0.09942029
0.09640523
0.10070946
0.11593103
0.10570533
0.10341297
0.09620588
0.08690729
0.08866832
0.08523659
0.08305430
0.08631488
0.08088889
0.08446559
0.07880882
0.08465596
0.05688249
0.07273287
0.08269395
0.08409038
0.09081724
0.13562887
0.12598131
0.12102151
0.12705015
0.10564885
0.11173175
0.11498392
0.11251142
0.09949468
0.10624467
0.08548334
0.08727974
0.08193122
0.08810000
0.09557533
0.09879026
0.08899314
0.08473206
0.08794249
0.06641553
0.08318091
0.09269531
0.08907818
0.11644717
0.15050505
0.12099744
0.12171642
0.13024691
0.12217033
0.12084507
0.13765267
0.12441935
0.11997845
0.10203390
0.09737069
0.09901928
0.10403355
0.10334148
0.10404313
0.09236578
0.09087554
0.08328046
0.07181630
0.06412371
0.07306960
0.08776402
0.07939303
0.11324031
0.13528908
0.14043860
0.13229126
0.09861386
0.10705570
0.12239332
0.11873397
0.13120833
0.12016114
0.10263747
0.09273829
0.11048664
0.09177866
0.08968106
0.08540066
0.06815460
0.05551565
0.05300397
0.04742160
0.04356381
0.06285158
0.09072934
0.07940464
0.12438825
0.19270833
0.15531088
0.11597826
0.12209231
0.11866667
0.11461140
0.11694981
0.11155466
0.11718447
0.10772508
0.09070933
0.09408311
0.09031790
0.09420233
0.09801285
0.09611869
0.08362671
0.06620493
0.06276215
0.06546521
0.06825566
0.10873646
0.09565891
0.12159468
0.16994681
0.13829193
0.12243816
0.12491573
0.10365517
0.12043478
0.12761538
0.11664740
0.11900747
0.12324275
0.10378812
0.10391167
0.10318344
0.08139553
0.09974093
0.09374768
0.09443820
0.08068395
0.08117599
0.07987500
0.10146361
0.09461925
0.10377939
0.13177083
0.16424390
0.11406542
0.09780269
0.11857542
0.14454545
0.11558511
0.13897987
0.11759928
0.12798956
0.11869048
0.11285714
0.10422111
0.11008130
0.10948980
0.13245632
0.11231720
0.09788628
0.09397271
0.09170958
0.08609375
0.09173913
0.08468182
0.09219890
0.13754717
0.19476496
0.13731458
0.12330918
0.10187500
0.11389781
0.12373754
0.12549853
0.12430839
0.10793301
0.11406905
0.11420026
0.11586392
0.13226202
0.08523214
0.08540404
0.09577236
0.08090214
0.08136651
0.06868455
0.06375000
0.07180864
0.09907801
0.10189189
0.13194059
0.19853403
0.13119741
0.13593333
0.13740741
0.13508108
0.12744980
0.13480655
0.14673629
0.14064073
0.12490164
0.10775494
0.09730998
0.10585745
0.10451327
0.09983746
0.08168048
0.06787611
0.07527666
0.06702636
0.07962492
0.08881726
0.08945241
0.11094991
0.18417143
0.12606061
0.12242902
0.11366771
0.12118902
0.12017730
0.12629921
0.16022814
0.13010118
0.13285714
0.10602366
0.10956490
0.11204829
0.10907985
0.10836694
0.09441267
0.08683824
0.08714623
0.08353241
0.07977737
0.08708536
0.10743096
0.10340757
0.13105376
0.14926282
0.14919580
0.11638710
0.13310924
0.11348697
0.13467742
0.13365159
0.16285303
0.12908784
0.12915106
0.09592755
0.12001665
0.13996310
0.13350000
0.11544000
0.09346082
0.10064865
0.07513423
0.07175095
0.08481982
0.09859128
0.11172237
0.14488593
0.15895131
0.16866834
0.15368217
0.12256281
0.15140044
0.13694268
0.12928650
0.11657048
0.10023649
0.13201786
0.12148148
0.11714863
0.09934292
0.08670467
0.10110114
0.09859935
0.07905245
0.08909928
0.08012475
0.08167351
0.10848042
0.12355212
0.12378086
0.15462396
0.21853612
0.17414815
0.13951515
0.14471471
0.13027778
0.16431683
0.14609436
0.15875491
0.13707627
0.11737872
0.11277870
0.14003442
0.12708333
0.10328265
0.09502059
0.11483949
0.11162040
0.11521015
0.08847783
0.07811881
0.09261068
0.10525445
0.14701408
0.18496053
0.20020534
0.16768707
0.14321716
0.12860697
0.17634146
0.19069984
0.20709549
0.17064230
0.16608096
0.14020934
0.12196429
0.12105929
0.11131126
0.10585349
0.09390159
0.09746742
0.10397460
0.10010288
0.09344961
0.09317258
0.10103428
0.12364099
0.16844444
0.19160247
0.17775056
0.13620596
0.13174349
0.13670034
0.13597450
0.15316188
0.17670118
0.14926074
0.14022279
0.12338488
0.11398206
0.10206086
0.08992908
0.10308136
0.11531200
0.09710564
0.08876190
0.07675741
0.06354584
0.06154527
0.08449650
0.12508042
0.15282353
0.16089744
0.20850446
0.15944262
0.12608333
0.14728707
0.13907275
0.15227758
0.17595782
0.17283560
0.15900990
0.14522388
0.14935452
0.13140169
0.12485429
0.12087645
0.11287985
0.09485477
0.07600506
0.06017748
0.07214935
0.10933702
0.12738046
0.18051680
0.17575342
0.14470588
0.13948805
0.15671733
0.15696891
0.17380228
0.19583333
0.15992832
0.15668056
0.13060373
0.12063054
0.11757819
0.10022886
0.11085977
0.10055597
0.09283006
0.08871693
0.07517110
0.06719323
0.05698765
0.07396450
0.09404887
0.08844203
0.11994828
0.13516539
0.12856041
0.12003236
0.11662500
0.11502128
0.12433715
0.11040097
0.14820841
0.14627789
0.11063291
0.12987872
0.10717249
0.10973913
0.10251462
0.09491299
0.08212286
0.07391069
0.07079632
0.06066116
0.04424014
0.06160637
0.09534262
0.08024712
0.13958656
0.17291946
0.14501577
0.15293515
0.12665385
0.13463158
0.13977230
0.15611538
0.16161043
0.14234014
0.12421776
0.11273250
0.10990741
0.10302830
0.10810127
0.10934010
0.09281431
0.08605469
0.07106215
0.07324604
0.05361897
0.08225080
0.09479603
0.09691901
0.14483070
0.17415584
0.15111437
0.15280632
0.14685131
0.16219858
0.18921875
0.15752024
0.15847258
0.13572816
0.10135442
0.10043382
0.11380802
0.10494118
0.09765778
0.10128895
0.08077691
0.07700803
0.07247738
0.06320707
0.04925772
0.06944444
0.11174618
0.09534851
0.13880866
0.15872289
0.14203333
0.11818942
0.12348485
0.15533898
0.17158813
0.15466576
0.14474490
0.14298541
0.10129816
0.08988176
0.08879952
0.09151839
0.08820312
0.09403131
0.09471008
0.07830000
0.08074700
0.06419134
0.05388186
0.07535771
0.11596320
0.09398477
0.13737024
0.17189911
0.13402464
0.11620178
0.11148148
0.12187817
0.12111111
0.12741107
0.12956801
0.11312500
0.09184642
0.08381102
0.09018927
0.08486334
0.08276527
0.07291823
0.06871880
0.06529105
0.05976567
0.04892297
0.04771288
0.06382284
0.10305170
0.08956522
0.12412844
0.21501742
0.15413127
0.15151111
0.12956923
0.13725537
0.14139831
0.12703640
0.14479053
0.11741488
0.11875616
0.11900631
0.11355386
0.09790179
0.10843902
0.09950959
0.07546699
0.07015789
0.06333811
0.05782272
0.05406891
0.08005381
0.09420724
0.11080435
0.14109661
0.21173160
0.18108434
0.15833333
0.12890756
0.11602941
0.12086580
0.13373913
0.14301948
0.12492286
0.10507353
0.09830812
0.09316997
0.09188202
0.08944714
0.10203036
0.09030769
0.10468750
0.07492542
0.06491826
0.05716814
0.07271658
0.09259598
0.10706349
0.14064189
0.19711538
0.19116959
0.10302548
0.13426752
0.13125000
0.11945289
0.14229858
0.12189542
0.12838879
0.10759388
0.13499297
0.13750925
0.11835600
0.09956826
0.10074971
0.08361179
0.08921453
0.08101091
0.07401284
0.06615023
0.06589041
0.06589041
0.07950531
0.10091533
0.15061433
0.16164179
0.18617021
0.12085627
0.13966777
0.14809816
0.15074074
0.12805009
0.12323569
0.11363202
0.10306522
0.10213720
0.11629252
0.09621922
0.09260350
0.09933842
0.08542553
0.07262590
0.06897215
0.06596129
0.05469684
0.07952778
0.09234615
0.10598684
0.16522310
0.17553846
0.15184932
0.17713826
0.12135977
0.13161554
0.14543624
0.13187500
0.14508857
0.13850467
0.12375788
0.11798780
0.11022358
0.10744461
0.10378210
0.09565071
0.10165236
0.08500606
0.08554808
0.07932927
0.07498413
0.09566832
0.09810138
0.11038062
0.13507353
0.16368764
0.14727513
0.11871734
0.15473829
0.13453608
0.13192754
0.12674806
0.12075401
0.11839583
0.10373765
0.10034514
0.09847355
0.09851180
0.09541401
0.08607273
0.08210317
0.07276398
0.06275285
0.05873815
0.04793631
0.06821429
0.07595426
0.10637363
0.09692469
0.17003339
0.12454810
0.11463551
0.10344828
0.11626617
0.12660991
0.13018301
0.12017653
0.11158730
0.09762408
0.09483844
0.08405842
0.07432941
0.07123299
0.06684211
0.07192131
0.06003984
0.05551581
0.04909166
0.04236010
0.06065397
0.07775665
0.08738050
0.12960486
0.15834507
0.13810651
0.15068027
0.11677804
0.09669510
0.12399293
0.11081571
0.12930743
0.12594074
0.10213759
0.09417421
0.10944500
0.08726815
0.08900613
0.08706182
0.08410546
0.07611483
0.06000579
0.05429596
0.05195289
0.09244052
0.10940501
0.12296214
0.14790941
0.15269923
0.15418750
0.11584071
0.11020115
0.11007614
0.10867327
0.10667883
0.10790795
0.11950969
0.10154775
0.11195734
0.10144401
0.07534911
0.06538813
0.08924681
0.08130580
0.09386081
0.07974805
0.06639344
0.06461776
0.08739615
0.10959048
0.12603912
0.12546835
0.15630303
0.14743243
0.13387665
0.12989041
0.14105381
0.11733607
0.13737271
0.11303759
0.11082100
0.09968828
0.11105793
0.14593556
0.16586035
0.17193687
0.18375362
0.17342404
0.12689453
0.10744699
0.07186676
0.06930636
0.13676117
0.16149746
0.18398589
0.19046154
0.19428030
0.17056338
0.18172549
0.15508772
0.12729730
0.12747573
0.13867284
0.12458498
0.11940845
0.10514523
0.10463768
0.12543907
0.12074837
0.09945854
0.10984000
0.09949033
0.10829751
0.10954698
0.12950791
0.14333027
0.12109361
0.11054478
0.10160216
0.07628349
0.08754858
0.12748709
0.12550624
0.11414980
0.14871287
0.15917706
0.12517327
0.12546835
0.13634051
0.14014085
0.13518059
0.12696889
0.12272195
0.11206361
0.10224852
0.09982348
0.09810089
0.09501115
0.09473783
0.09395921
0.08959936
0.09397493
0.08698413
0.07583333
0.10348398
0.12434010
0.12355975
0.14313278
0.15329298
0.14497596
0.14834499
0.12140496
0.12510676
0.13701445
0.14549757
0.12921965
0.12549189
0.11260130
0.10878512
0.10424870
0.09230490
0.08362082
0.09235669
0.07811750
0.07722622
0.07482988
0.06521330
0.04519137
0.07911232
0.11797183
0.11447934
0.11369515
0.17558065
0.15421233
0.13996078
0.13163009
0.12408571
0.12718855
0.13350345
0.12168972
0.11579259
0.09849684
0.09504944
0.09104449
0.08118937
0.08257939
0.07655280
0.07883880
0.07396277
0.06913879
0.05103191
0.04681520
0.09992016
0.10201884
0.10628726
0.15018727
0.14068421
0.15404255
0.13839695
0.11637874
0.11118132
0.11626638
0.11639511
0.11462995
0.11197452
0.09473246
0.11224422
0.10227891
0.09285005
0.09915827
0.09769136
0.08570021
0.08237893
0.06595379
0.04945873
0.04978908
0.06545838
0.08962121
0.11107362
0.10103175
0.15161677
0.12474359
0.13558824
0.09466238
0.09765661
0.09620098
0.08538636
0.10932692
