2.59372
2.9456
3.09101
3.00216
2.83468
2.66814
2.53551
2.29143
2.01522
1.87785
1.92756
1.81932
1.69866
1.54958
1.41726
1.332
1.23815
1.12418
1.02052
0.912704
0.826939
0.80205
0.86748
0.828302
0.620182
0.472902
0.205239
0.531654
0.126211
0.00247926
-0.145624
-0.251126
-0.214562
-0.326734
-0.0478216
0.0964286
0.719178
0.62744
0.86007
0.795319
0.998059
1.22417
1.58892
1.80693
2.14195
2.13763
2.26728
2.43788
2.43287
2.66273
2.79485
2.77485
2.83261
2.81504
3.01161
2.84579
2.92538
2.92277
2.99846
3.21897
3.12618
3.13433
2.70371
2.41341
2.20681
2.01142
1.80185
1.64467
1.50265
1.35199
1.41331
1.38552
1.37577
1.67777
1.79732
1.67958
1.63759
1.50016
1.48907
1.39064
1.30281
1.47767
1.72199
1.79075
1.87701
1.97384
2.06263
1.66852
1.73932
1.5068
1.58063
1.55096
1.68226
1.87581
2.1144
2.61715
2.67921
2.71367
2.63884
2.37469
2.25454
2.1043
2.19922
2.19055
2.26315
2.25759
2.32064
2.36837
2.33626
2.09178
1.9491
1.77432
1.62344
1.84821
2.4124
2.3595
2.17286
2.26704
2.2414
2.26457
2.03998
1.5174
1.16223
0.964268
0.879342
0.891946
0.876255
0.878501
0.799046
0.871273
0.898842
0.921126
0.927127
0.647995
0.452491
0.423473
0.395041
0.430942
0.410796
0.415317
0.379298
0.307809
0.553134
0.409852
0.909426
0.864998
0.969472
1.04701
1.27435
1.47487
1.54334
1.66226
1.88121
2.21881
2.41452
2.37732
2.40199
2.43862
2.52148
2.63528
2.75261
2.73912
2.60193
2.57343
2.57065
2.81136
3.23914
3.21694
3.18192
3.24724
3.14697
3.10568
2.98961
2.59692
1.87058
1.45339
1.46826
1.19011
1.47226
0.992279
1.13499
0.839995
0.775408
0.728088
0.597079
0.387315
0.244938
0.461979
0.257945
0.553684
0.760327
0.659551
0.733613
0.938982
0.759887
0.776974
1.01791
0.639438
0.771462
0.800876
0.853052
1.17564
1.33306
1.75231
1.54667
1.86273
1.71408
1.94862
2.01915
2.1761
2.59759
2.87136
3.3981
3.3024
3.2672
3.54538
3.56144
3.2947
3.25397
3.11309
3.04683
2.97135
2.97461
3.0935
3.08046
3.27361
3.0109
2.8288
2.64173
2.33458
2.05527
1.71194
1.42303
1.26987
1.17129
1.21779
1.39092
1.53349
1.53511
1.46217
1.28776
1.13211
0.962781
0.829136
0.708298
0.645531
0.657769
0.725301
0.74228
0.89571
1.27846
0.986937
1.01364
0.942342
0.813919
0.93542
0.969442
1.25519
1.70549
1.93436
2.38259
2.68077
2.64311
2.90576
3.60401
3.83018
3.23557
2.88651
2.82128
2.8496
2.74747
2.47617
2.22969
2.16448
2.29533
2.33468
2.23518
2.5358
2.5583
2.52803
2.42845
2.21484
1.88052
1.61081
1.38138
1.20269
1.0858
0.89231
0.670864
0.320731
0.1602
0.00111456
-0.152234
-0.154451
-0.217112
-0.19616
-0.412015
-0.237244
-0.182826
0.401591
0.182457
0.873108
0.414062
0.274076
0.458721
0.509993
0.592472
0.937605
0.941433
1.15445
1.30294
1.40684
1.45874
1.41102
1.50617
1.63861
1.87421
2.20803
2.08918
2.20454
2.23664
2.27469
2.66976
2.70894
2.77109
2.4466
2.60925
2.63759
2.53658
2.48214
2.55326
2.41253
2.25721
2.14265
2.04702
2.10229
2.31434
2.19045
1.92263
1.742
1.59982
1.61313
1.56826
1.3757
1.15342
1.11281
1.13638
1.24412
1.24297
1.32643
1.17688
1.14329
1.12472
1.05342
0.881651
0.721913
0.619241
0.485415
0.670174
0.794206
1.18589
1.10386
0.998826
1.17172
1.00745
1.20872
1.59965
1.83976
2.0632
2.56592
2.74222
2.72056
2.84169
3.00961
2.9045
2.81198
2.74695
2.42968
2.4509
2.6832
2.59684
2.71213
2.76175
2.84434
2.82603
2.63631
2.51114
2.22135
2.12876
1.9247
1.83758
1.84581
2.03864
2.24678
2.35994
2.49491
2.34128
2.08756
1.90202
1.60179
1.42038
1.28984
1.18867
1.30067
1.40471
1.61322
1.73595
1.96246
2.08186
1.92021
1.89939
1.76047
1.62849
1.56759
1.60102
1.64916
1.81459
1.92242
1.91593
1.81488
1.71516
1.51614
1.3365
1.59807
1.43928
1.43734
1.51252
1.59092
1.79564
1.83101
1.766
1.9424
2.0159
1.93396
1.64915
1.50615
1.49516
1.54609
1.70271
1.78741
1.86014
1.95401
1.88789
1.80361
1.76338
2.11991
2.23816
2.28326
2.3801
2.44381
2.46406
2.52027
2.43377
2.36787
2.23135
2.00659
1.80773
1.56606
1.4431
1.40808
1.53836
1.63735
1.7445
1.66199
1.51506
1.40329
1.35169
1.26676
1.09263
1.05022
0.930221
0.779784
0.843583
0.921551
0.971376
0.985287
0.860737
0.773651
0.536434
0.974956
0.719837
1.06965
1.26335
1.26919
1.56969
1.98461
2.00633
2.29095
2.20068
2.19347
2.29375
2.47277
2.34647
2.39111
2.69897
2.63049
2.72077
3.08459
2.96191
2.96399
2.83531
2.635
2.66667
2.50998
2.76772
2.5025
2.3436
2.35511
2.24963
2.12869
1.97964
1.78866
1.6639
1.48921
1.37546
1.24216
1.12745
1.13619
1.12677
1.22285
1.21452
1.18013
1.05244
0.956765
0.937042
0.951795
1.0427
1.15837
1.42308
1.64029
1.84736
2.26505
2.28364
2.2631
2.1223
2.06344
2.10371
2.15228
2.22391
2.43839
2.61293
2.55899
2.58541
2.56083
2.51492
2.21369
2.05212
1.90427
1.88802
1.91768
1.95442
1.94336
2.0595
2.23985
2.38357
2.41499
2.40511
2.22671
1.9819
1.76683
1.75252
1.67964
1.62067
1.6138
1.66487
2.69186
2.67379
2.47738
2.31777
2.15442
2.0613
1.88657
1.73124
1.78451
1.96535
2.22728
2.37954
2.32114
2.35102
2.17098
2.12025
1.99752
1.74338
1.47691
1.28683
1.22706
1.25791
1.29208
1.29992
1.26698
1.33177
1.03946
0.71244
0.454124
0.478397
0.533806
0.552966
0.672954
0.48758
0.965712
0.65165
0.976975
0.749661
0.721094
0.706349
0.724517
0.690554
0.910245
0.914156
1.07488
1.67955
1.88158
2.37269
2.44764
2.46646
2.20052
2.06362
2.28605
2.44372
2.56906
2.90383
3.04049
3.18402
2.88299
3.34949
3.06847
2.96528
2.80217
2.70166
2.34945
2.27286
2.08697
1.79898
1.77429
1.55306
1.63131
1.44213
1.36543
1.10983
0.999901
0.898228
0.944788
1.0226
0.947742
0.828668
0.664485
0.526491
0.490515
0.439615
0.519864
0.211783
0.053923
0.033968
-0.14125
0.32915
0.10359
0.531531
0.275301
0.576064
0.630569
0.790616
1.12444
1.27943
1.50881
1.62955
1.79389
2.26687
2.18603
2.49383
2.67604
2.43637
2.41944
2.58934
2.41061
2.31087
2.43814
2.58717
2.76232
2.86177
3.22785
2.76992
2.60311
2.39026
2.45449
2.51342
2.41965
2.44669
2.29103
2.31124
2.3394
2.29286
2.26948
2.1816
2.00435
2.02973
2.05366
2.09725
2.12972
2.27087
2.26403
2.36298
2.33795
2.401
2.30144
2.15341
2.01665
1.82522
1.82839
1.8732
1.82263
1.92299
1.93514
1.89114
1.84215
1.84353
1.72886
1.61345
1.51521
1.47236
1.47674
1.45103
1.43168
1.38416
1.39247
1.45948
1.45843
1.3339
1.17475
1.0445
1.104
1.21488
1.34816
1.4616
1.48568
1.49456
1.56832
1.65132
1.74972
1.73589
1.70711
1.68838
1.76338
1.78961
1.92727
2.05161
2.15868
2.23627
2.48694
2.66441
2.66473
2.59344
2.50815
2.44407
2.57077
2.52023
2.52523
2.51752
2.56566
2.45577
2.48515
2.47876
2.44958
2.14995
2.01301
1.79828
1.66091
1.6393
1.62154
1.62678
1.68852
1.6286
1.47797
1.3159
1.14696
0.990501
0.881773
0.849833
0.898654
1.04261
1.27035
1.50046
1.54723
1.66568
1.71316
1.6774
1.59644
1.54021
1.5039
1.55202
1.63633
1.73641
1.87241
1.94796
2.04348
2.10492
2.13235
2.10181
2.06217
2.07806
2.09167
2.1245
2.13406
2.27721
2.42613
2.43796
2.52147
2.45733
2.29629
1.91219
1.77058
1.62675
1.52424
1.55033
1.5595
1.65217
1.69085
1.74548
1.71383
1.73085
1.66692
1.5789
1.46409
1.44329
1.45384
1.54369
1.72098
1.82323
1.90149
1.99343
1.93972
1.9206
1.90998
1.87061
1.85651
1.89346
1.9181
2.06984
2.20853
2.29456
2.45118
2.44261
2.2233
2.02751
1.83431
1.83561
1.86914
1.95113
2.19917
2.3514
2.47858
2.59463
2.67557
2.67565
2.61065
2.46065
2.20362
2.15781
2.02128
1.94873
1.89278
2.01106
2.13716
2.11495
2.33092
2.7805
2.89132
2.46417
2.03746
1.93534
1.84706
1.81456
1.68049
1.74559
1.75872
1.9028
1.82677
1.68544
1.62299
1.43315
1.29834
1.12778
1.03512
0.922343
0.835969
0.770227
0.843834
0.922109
0.896124
0.781534
0.580458
0.384918
0.243272
0.0554203
0.0322383
-0.0309216
0.022395
-0.111235
0.156031
0.234159
0.610175
0.676986
0.855313
0.827627
0.972524
1.20356
1.52792
1.76169
2.0096
1.98919
2.22036
2.30229
2.35146
2.56169
2.63154
2.54391
2.68844
2.88765
3.0191
2.97713
3.0558
3.10429
3.10311
3.37157
3.29868
3.22867
2.8865
2.92783
2.98923
2.85718
2.6471
2.34554
2.15071
1.80875
1.56035
1.38332
1.29532
1.2619
1.12797
1.07118
1.19031
1.24762
1.38592
1.42462
1.23954
1.2247
1.13924
1.07967
1.02135
0.974121
0.934251
0.863795
0.75283
0.763335
0.740002
0.802614
0.83092
1.03292
0.998879
1.55059
1.46059
1.48587
1.45806
1.52011
1.54309
1.56294
1.51062
1.70975
1.61601
1.60743
1.76635
2.01881
2.00186
1.98887
2.2295
2.23746
2.42976
2.77474
2.92443
2.80169
2.80645
2.72916
2.60778
2.58539
2.7832
2.56777
2.36067
2.07285
1.90246
1.9233
1.94975
2.03513
1.92521
1.973
2.0463
2.0956
2.27002
2.40196
2.57731
2.49469
2.5697
2.44374
2.22266
1.93819
1.77638
1.67057
1.47785
1.33724
1.31698
1.38087
1.52166
1.65747
1.69577
1.69877
1.68162
1.69486
1.81481
1.83129
1.9504
2.11796
2.1586
2.20381
2.20838
2.25271
2.18963
2.13102
1.98463
1.79177
1.69966
1.5871
1.52643
1.46558
1.59051
1.52229
1.50951
1.48566
1.30106
1.19042
1.06633
1.1823
1.22351
1.2249
1.49306
1.62475
1.65073
1.66494
1.68486
1.64893
1.55961
1.42473
1.24517
1.1327
1.24168
1.3365
1.48215
1.5969
1.70447
1.87841
1.89192
2.11518
2.17216
2.38568
2.36672
2.46468
2.44778
2.40838
2.33068
2.31418
2.17043
2.26329
2.41419
2.24243
2.17655
2.03489
2.12587
2.41428
2.45574
2.52038
2.33094
2.15927
2.13371
2.05951
2.00486
2.02995
2.12324
2.22263
2.24614
2.3268
2.28018
2.14735
1.93006
1.66496
1.37051
1.20113
0.994936
0.788763
0.907419
1.06267
1.15344
1.12227
1.15273
1.16466
1.08441
0.855427
0.735253
0.691056
0.734129
0.862907
0.975557
0.82465
0.761339
0.70415
0.683579
0.638598
0.597682
0.615165
0.739134
0.838792
1.02878
1.10947
1.422
1.4402
1.76887
1.55755
1.74516
1.59488
1.72751
1.91066
2.29323
2.52603
2.74328
2.95844
3.22606
3.55701
3.566
3.11951
2.88469
2.54163
2.5225
2.63747
3.00422
2.98643
3.00823
3.00567
2.71969
2.53942
2.31468
2.15028
1.82725
1.84873
1.75787
1.96007
2.0136
1.98852
2.15374
2.25174
2.24347
2.28588
1.80047
1.61252
1.52962
1.34721
1.21482
1.41688
1.24712
1.01184
1.16894
1.5939
1.52807
1.46413
1.49346
1.54474
1.53348
1.7594
2.02287
2.34271
2.67556
2.46212
2.20595
