0.40542253
0.43396128
0.38926750
0.36809850
0.36523443
0.34287949
0.32065002
0.32899917
0.33091882
0.39696868
0.44347161
0.66241207
0.70746033
0.59716156
0.60012718
0.53481225
0.46917506
0.50545652
0.45357636
0.57982716
0.92901860
0.48196922
1.59456912
3.02086766
2.82484901
1.01660460
0.55042062
0.68986167
0.64339456
0.60333040
0.60099737
0.64490786
0.61989628
0.71141084
0.82303268
0.98265012
1.82198846
1.45391179
1.33707622
1.08711718
0.91170300
0.80321219
1.11925182
0.74777703
0.79998926
0.76598765
0.70594852
1.45388611
1.38902113
0.92583418
0.83141532
0.48301926
0.69350028
0.68013662
0.69650688
0.74201761
0.71323910
0.75745361
0.96300438
1.68222112
2.07516029
1.94973025
1.38908774
1.11706077
1.00365467
0.95932727
0.83508392
0.81462401
0.82771642
0.88287807
0.99762352
1.74638340
1.43257308
0.94370490
0.55864363
0.71567318
0.73259650
0.64084800
0.62339985
0.67413185
0.78103571
0.68451812
0.89910823
1.63733247
1.74557146
1.97659441
1.58846907
1.04741588
0.67877258
0.60261113
0.57083016
0.55003808
0.59489693
0.58218858
0.67587072
1.05814892
1.09302018
0.61918533
0.54621668
0.43930624
0.46492482
0.45755200
0.42613671
0.46312690
0.47078823
0.43805974
0.75042497
0.78727061
1.07755946
0.99852237
0.95274427
0.70782930
0.61265192
0.58269778
0.65083495
0.61682798
0.58855073
0.52582774
0.58049271
0.85023679
0.98969907
0.54205975
0.41766268
0.42774942
0.42921971
0.40708411
0.41997347
0.41998721
0.41957190
0.54209911
0.52302876
0.86081128
1.03834697
1.02756470
0.72696575
0.69769203
0.61312846
0.58933244
0.70509726
0.68401890
0.45372458
0.68931933
0.56934558
0.59363897
0.49522300
0.53302425
0.51376852
0.48460994
0.37286506
0.58002491
0.44806768
0.61336473
0.61846756
0.83807905
1.25655809
1.14752664
1.01583645
0.91357154
0.61830436
0.76364637
0.76460547
1.21798800
1.01495047
1.03107345
0.87659853
0.55293409
0.49550387
0.84784010
0.64324088
0.70660270
0.68134982
0.59064618
1.24385033
2.59258017
1.35424396
0.70085634
0.97025393
1.18064743
1.04666955
1.09588028
0.98986703
0.72273024
0.67281039
0.73069441
1.10659658
0.95112668
0.86612700
0.82202199
1.03145922
1.16544612
1.05581045
0.93376998
0.85232187
0.56237624
0.69026503
0.66157727
0.68370879
0.58527229
0.72582377
1.06548191
0.81229617
1.15012216
1.91079023
1.89823760
1.60666973
1.36903179
1.23539137
1.30004969
1.02969041
0.93253645
0.93188646
0.86352401
0.99174518
0.86285425
0.74799845
0.85018350
0.65452670
0.72867942
0.69002186
0.69821312
0.63828083
0.67174706
0.64136019
0.58855987
0.97926991
2.03972429
1.43419614
1.50993833
1.39176641
1.10735535
0.99772972
0.83851636
0.59152187
0.52321075
0.50741379
0.53882068
0.53712637
0.57501405
0.43489283
0.56847326
0.57636128
0.56166580
0.50667677
0.53299206
0.53364665
0.54334459
0.63393689
0.67340287
0.67008520
0.70271981
0.99555868
1.16926537
1.01409928
0.99663766
0.67922538
0.75814025
0.76398121
0.70866786
0.71451002
0.76234554
0.70310591
0.70782655
0.57670520
0.67947445
0.55738960
0.53138204
0.52965420
0.51976714
0.51266243
0.55559153
0.65611501
0.78798286
0.69258725
0.93528311
1.07905122
1.26547389
0.75812274
0.86126314
0.81896984
0.78186372
0.75409795
0.73493413
0.69054098
0.72983070
0.75001446
0.78861360
0.59937150
0.61813201
0.49263214
0.43398495
0.40192462
0.39106038
0.39410827
0.41487089
0.45923197
0.55459433
0.58644743
0.77436012
1.09174200
1.02217110
0.92740278
0.75838592
0.62837028
0.62087529
0.59952139
0.57168465
0.55393795
0.58330004
0.54794987
0.58407803
0.47073044
0.61368476
0.50007526
0.46584531
0.41024236
0.38758779
0.42429011
0.41971094
0.49066063
0.57949846
0.62932667
0.67806856
0.92753387
0.99969414
0.66626821
0.69755609
0.64120379
0.63342732
0.58203667
0.56311382
0.52698016
0.52827792
0.47522057
0.44770944
0.57315103
0.66052051
0.65365894
0.54005470
0.51577297
0.42927400
0.40759002
0.42146605
0.53003805
0.57930338
0.77029565
0.80855118
0.84176617
1.14397852
0.69311095
0.76518372
0.67941732
0.59994200
0.57708826
0.61229276
0.55491546
0.55806461
0.55186118
0.61407608
0.61410501
0.54799726
0.52247125
0.44803769
0.42263498
0.44938329
0.48685191
0.55355035
0.75185708
0.75266709
0.92914155
1.20847661
0.77965176
0.84235042
0.66081228
0.60436914
0.54533909
0.55353396
0.54877433
0.53835808
0.53644179
0.53459298
0.51225834
0.56622176
0.52252341
0.47114026
0.42774923
0.38904222
0.38315173
0.43165601
0.45078980
0.57922937
0.61955684
0.72337817
1.01502410
0.84626838
0.83932809
0.72535664
0.72412195
0.65100608
0.60268366
0.58625708
0.56295351
0.51502714
0.51568420
0.52097659
0.44398061
0.61668865
0.54311593
0.45347254
0.42156878
0.35403531
0.33845474
0.41090375
0.44759373
0.55913500
0.71962181
0.76719668
0.94229452
1.00323832
0.86294252
0.73383731
0.62514268
0.50937024
0.53930596
0.50644543
0.48814103
0.43681416
0.47635140
0.45791939
0.42958011
0.56449817
0.50954456
0.46320397
0.40707203
0.35886280
0.37369724
0.43920501
0.41531866
0.54267684
0.57583664
0.69375021
0.95864968
0.97883824
0.84735562
0.66228094
0.58331811
0.53376685
0.53489691
0.49444522
0.47272958
0.48067306
0.42309753
0.48630765
0.42206641
0.51999734
0.50346240
0.44325138
0.38412285
0.36246172
0.36269618
0.38235723
0.40905468
0.52962559
0.57524438
0.58880000
0.84777441
0.79134064
0.89646571
0.66523097
0.59375856
0.56938766
0.63430401
0.48643102
0.42259189
0.48691331
0.46735676
0.43436303
0.38671405
0.36950459
0.39759545
0.41035263
0.42339318
0.49114077
0.46862122
0.58055411
0.83385323
0.89617228
0.76772079
0.56208989
0.60559826
0.47415473
0.52775499
0.57064356
0.48711327
0.44644269
0.49362960
0.41650943
0.47142561
0.42944071
0.43226533
0.45422829
0.39401794
0.52448935
0.63443298
1.04193118
0.90026207
0.80192533
0.66448856
0.74693892
0.58430611
0.55105210
0.53958903
0.45887823
0.50839198
0.45516650
0.35459205
0.84764760
0.62323287
0.45492550
0.38824028
0.36220484
0.38663181
0.43272046
0.46382589
0.55870723
0.53700916
0.66854570
1.00081699
0.87523647
0.94085828
0.52841170
0.65468678
0.58166616
0.51430373
0.46192898
0.42277200
0.41177830
0.42290842
0.37397937
0.39228809
0.62497917
0.46726450
0.49134199
0.38091838
0.33581677
0.39575697
0.38906850
0.40191894
0.56009803
0.63227838
0.75495670
0.95609114
0.99311016
0.89732545
0.67784982
0.61280505
0.55434976
0.45591445
0.46438633
0.40146471
0.35998859
0.40331585
0.39639425
0.34582929
0.45879610
0.47877381
0.39886070
0.44840088
0.32345042
0.36550548
0.39410824
0.44199794
0.52490036
0.69182763
0.79647569
0.84353741
0.86117454
0.86726416
0.54114767
0.62044686
0.52574814
0.48485262
0.48422565
0.39663862
0.42234074
0.34786242
0.35565125
0.47281964
0.42465090
0.36959067
0.34197542
0.38507190
0.44963842
0.48502411
0.50388049
0.64987547
0.90044480
0.92181207
0.79926743
0.56690588
0.59241149
0.47610727
0.49188758
0.47507154
0.44728415
0.47899531
0.44316907
0.36237355
0.35337135
0.50029824
0.45373530
0.44491079
0.38842793
0.33637210
0.35685760
0.50117067
0.41921064
0.60620219
0.61268529
0.84923439
1.19378144
0.69372886
0.83059447
0.64249676
0.54946102
0.47170621
0.52355810
0.46015334
0.48495591
0.51576980
0.44828411
0.43064858
0.42846473
0.50383463
0.48908390
0.43042492
0.42145972
0.38182362
0.41421629
0.42940884
0.53615750
0.72305327
0.79626659
1.03498391
1.10071678
0.98082492
1.00210466
0.73491168
0.75641290
0.59817102
0.67397603
0.64975402
0.59263143
0.65991491
0.62658138
0.57891513
0.60868704
0.67079994
0.64006059
0.65965351
0.47526784
0.51294952
0.52441586
0.57406580
0.56873198
0.64447268
0.55987188
0.96995385
1.07140827
1.03096993
0.93701514
0.81912009
0.68368919
0.53511240
0.57637799
0.55352971
0.52373113
0.51688837
0.43929431
0.64839025
0.58188031
0.52911826
0.48553615
0.50001549
0.51460008
0.53362128
0.68200440
0.63081532
0.85147340
1.02661393
1.29937784
0.90167933
0.83272410
0.67792949
0.63534451
0.54172807
0.55736462
0.61184381
0.52328828
0.51836431
0.49872823
0.57655594
0.55429057
0.47601086
0.44969667
0.55174321
0.75609510
0.73439614
0.84645856
1.17755735
0.78046332
1.00941909
0.81969477
0.76422328
0.66309220
0.65356439
0.57767418
0.54488363
0.53175133
0.57468515
0.63568770
0.58853026
0.46630075
0.42677614
0.43190527
0.48678851
0.52091602
0.63111292
0.78790566
1.15101155
1.40471250
0.91917201
0.93028968
0.91123317
0.56215195
0.64503304
0.64868575
0.54165516
0.62904780
0.70048738
0.53379123
0.44044472
0.71968393
0.71099794
0.59497936
0.44905548
0.47775501
0.50369798
0.60010209
0.56155293
0.79419878
0.78566793
1.13982041
1.19103417
1.17852076
0.75004469
0.81787439
0.72274320
0.58424391
0.62690719
0.58363695
0.63810550
0.55394335
0.69830257
0.58595246
0.68080754
0.63385560
0.82062432
0.55729211
0.41470422
0.52518071
0.54868274
0.55638910
0.67185241
0.81599371
0.89397012
1.08664282
1.12298696
0.95005400
0.71595066
0.79582574
0.64763451
0.55569777
1.42072296
0.59226516
0.56824379
0.60476774
0.55504881
0.68640955
0.66450204
0.75178306
0.53670792
0.58462571
0.54353366
0.54177855
0.61142164
0.72696447
0.80295272
1.04209736
1.05794478
1.14759082
0.99594781
0.83792415
0.63984944
0.67606473
0.54391154
0.57729235
0.54372079
0.57442824
0.53669494
0.72124237
0.71918049
0.66498636
0.67510783
0.56841791
0.56074526
0.58978414
0.67516611
0.71392934
0.72052525
0.97310169
1.04109900
1.10076528
0.85828114
0.71825873
0.65248273
0.60312687
0.61598051
0.51861727
0.61208419
0.60410118
0.51940982
0.63518807
0.68608153
0.60911872
0.58262227
0.59842248
0.56115796
0.59335529
0.62305024
0.68737385
0.66516766
0.84983302
0.94677276
1.05214351
1.49678514
0.86774408
0.81963270
0.74004421
0.70527618
0.64844356
0.55609604
0.62478166
0.60539256
0.56834889
0.54874916
0.60643462
0.64637823
0.58030170
0.56583625
0.56918936
0.53871097
0.51376846
0.55917161
0.57519573
0.65294725
0.74503889
0.85757955
0.87555312
0.85494141
0.79076768
0.71274170
0.61569978
0.59520085
0.63471946
0.54755079
0.59080909
0.57067994
0.54153422
0.53613419
0.58694728
0.59906002
0.57815741
0.50181776
0.51820107
0.51150567
0.59707559
0.59872867
0.78364678
0.78862272
0.86311824
1.27301519
0.88404026
0.80257007
0.72381545
0.66158661
0.61764229
0.62989896
0.60168503
0.64525658
0.59018596
0.62026432
0.55918436
0.59016148
0.59146262
0.64236901
0.52004926
0.50242701
0.50446692
0.50623673
0.54704470
0.62416488
0.82147359
0.96221982
1.13254543
0.94604596
0.98348975
0.82094562
0.73090386
0.62520607
0.73117058
0.67640097
0.66049295
0.55459024
0.71574897
0.55244934
0.60881856
0.56535245
0.54561249
0.52165118
0.57706644
0.64931920
0.76158044
0.95890940
0.87902559
1.02881515
1.12794638
0.80639527
0.99854613
0.79758643
0.65389265
0.66848941
0.70477406
0.61816074
0.70352268
0.64556558
0.64136877
0.70528291
0.61289166
0.59561724
0.39750524
0.43346025
0.45263801
0.55446666
0.76242375
0.74338968
1.23980541
1.24785288
1.56976505
1.30445869
0.91338906
0.79722909
0.58867063
0.62169312
0.56182205
0.58693675
0.51045760
0.41190644
0.48114066
0.72724985
0.69274017
0.60666907
0.48159759
0.45221487
0.50342393
0.59208002
0.67044007
0.78132273
1.12155162
1.14461358
2.34585118
1.78017877
1.16344626
0.80366591
0.83531929
0.61608131
0.55118746
0.49662754
0.47166618
0.64625260
0.61052415
0.74045777
0.67648313
0.69995432
0.58187857
0.57451713
0.58810355
0.68282559
0.70250335
0.81166507
0.95915964
1.13891248
1.31995254
1.14913575
1.17398098
0.91055861
0.78606867
0.80960195
0.75541784
0.74919255
0.66556362
0.72155866
0.68519262
0.55707745
0.63608131
0.66713111
0.73507606
0.58066838
0.57928163
0.60245145
0.64438291
0.71427661
0.84893352
0.96655925
1.05050887
1.04251488
0.93287827
0.82672092
0.77690457
0.71620199
0.71160591
0.70853049
0.66373698
0.62240002
0.60761168
0.61107228
0.56360480
0.68692214
0.67589704
0.66731384
0.62822620
0.59591244
0.63441684
0.68589834
0.82610132
0.89252935
1.12081819
1.12547862
1.12175474
1.05128934
0.96668131
0.99051113
0.87974925
0.71447894
0.87723855
0.72574402
0.76170006
0.71473293
0.67680486
0.71141602
0.60774352
0.73602809
0.66488033
0.61923703
0.55074202
0.55555008
0.61667944
0.69323671
0.81048881
0.93262967
1.10551712
1.24432226
1.07751682
0.99336580
1.03636423
0.92703924
0.82143645
0.76261740
0.71406106
0.73566120
0.66665895
0.62176998
0.54844674
0.54497814
0.75863932
0.73238190
0.57064705
0.53402831
0.54276553
0.56751506
0.68351637
0.71800827
0.93621607
0.97767096
0.95386923
0.95841284
0.98226231
0.94417040
0.71221488
0.77924532
0.77047689
0.77278558
0.79256919
0.89223219
0.92859011
0.80900111
0.77314235
0.68364501
0.66635650
0.60266349
0.61558622
0.68010698
0.71543847
0.77836585
0.94073803
1.06431150
1.03322345
1.06920531
0.90248189
0.94804876
0.94075422
0.93422281
5.49754000
0.86332609
0.70329874
0.71362333
0.65469504
0.67413204
0.66270309
0.79409423
0.68298444
0.66809611
0.64444482
0.63182134
0.66407970
0.69180911
0.73104752
0.91618365
1.12615701
1.37892666
1.48058619
1.11576621
1.10130283
0.91797820
0.86867163
0.80452717
0.74559310
0.69362888
0.71328027
0.69452314
0.67641873
0.70521068
0.69366456
0.74173753
0.74086724
0.75515563
0.66361108
0.64537014
0.64961976
0.70872257
0.69256881
0.73997560
1.07428500
1.29783045
1.18176109
1.29187385
0.93720839
0.91911195
0.75558310
0.74527046
0.71055410
0.65832826
0.72480312
0.70535428
0.68980646
0.60689584
0.65133769
0.62934488
0.62372916
0.57739894
0.57288685
0.59405875
0.58290757
0.73421670
0.80645498
0.96906872
0.84961376
0.89057751
0.97236987
0.83040829
0.79087454
0.86803324
0.75326801
0.75341097
0.72366669
0.64162754
0.79371327
0.77893487
0.71099965
0.70320166
0.66930602
0.62324694
0.59842770
0.61862576
0.67390734
0.77648136
0.90423186
1.29383792
1.13551431
1.02513566
1.18905412
1.27127243
1.15911743
1.05845536
0.92663449
0.77691897
0.92801015
0.83815838
0.81986246
0.69970306
0.84238335
0.79246879
0.71335910
0.70413595
0.64115534
0.63456880
0.64587383
0.65904344
0.81290620
0.88111157
1.24918387
1.36501421
1.95241011
1.54697912
1.56516618
1.22446526
1.15620872
1.33774834
1.03148189
0.93504997
0.71119690
0.76757096
0.73595491
0.77345194
0.69262833
0.82441690
0.73070760
0.71508808
0.74487542
0.73748874
0.71718355
0.83362410
0.95337350
1.31115307
1.16843728
1.03740189
1.07353825
1.18426545
0.81995712
1.08679581
1.21734241
1.00456228
1.03477665
0.94868626
0.99366553
0.90396047
0.78831316
0.79855656
0.73416613
0.74263862
0.67587439
0.70581799
0.72723240
0.75335691
0.87535497
0.92533507
1.19420541
0.85133051
1.31130510
1.18812702
1.10183903
1.05379014
1.07217665
0.78973493
0.89016613
0.92050831
0.95092981
0.82210241
0.82654043
0.79192771
0.70280720
0.86452389
0.80985190
0.75869043
0.80677832
0.68804977
0.81968981
0.82144269
1.06152614
1.44317491
1.22704598
1.58093753
1.51858142
1.06284454
1.29828216
1.17357032
0.93841752
0.71975909
0.79325364
0.82104353
0.77728705
0.76101191
0.79445655
0.71510777
0.67010064
0.54761580
0.84928409
0.85247661
0.80530528
0.88972828
0.77861351
0.68576784
0.72698158
0.64597535
0.77753414
0.72311311
0.83190521
0.67423025
0.71415082
0.79582388
0.85332398
1.03638511
1.16972028
1.37015829
1.19479416
1.50872750
1.25480461
1.18351259
0.83818377
1.05843861
1.11546083
0.87860810
1.09936881
0.87085319
0.84359663
0.77704047
0.68855794
0.69783680
0.77121712
0.69466063
0.78632306
0.65466019
0.72306000
0.77467421
0.88485863
1.08493711
1.14704937
1.40645395
0.96798139
1.75374565
1.22262717
1.24777944
1.04428574
0.92492625
1.20389637
0.93644898
0.86976817
0.82053926
0.85536952
0.96114700
0.95831627
0.81478727
0.77159338
0.76629966
0.72422947
0.79286220
0.94262210
1.14142180
1.50385784
1.32986870
1.35511367
1.30690884
1.36129883
1.26118176
1.29325091
1.13162827
0.87818027
1.00724076
0.82977850
0.79177049
0.77641222
1.01967346
0.67252477
0.80545979
0.69776071
0.67119822
0.68661262
0.73013863
0.77315175
0.92081862
1.05974998
1.25720739
1.69107807
1.38872596
1.18474326
1.00755615
0.88992546
0.87935786
0.81356086
0.66833495
0.63470052
0.71022998
0.69741283
0.72521922
0.60871200
0.63697412
0.84112948
0.77120948
1.02627236
1.38391616
1.70182049
1.30911499
1.44916721
1.10994932
1.20104749
1.00461581
1.24974972
0.93053733
0.69667424
1.90695504
1.14246709
1.11277859
0.69499072
1.12436828
1.63223167
1.12621421
1.22375614
0.83630874
0.76450853
0.82484611
0.85889896
1.06302492
1.40538621
1.74459065
2.03489870
1.93540664
2.27425030
2.14033402
1.77426028
1.25941144
1.02897680
0.92461508
0.90973291
0.86921612
0.54129574
1.17775664
1.13735223
0.89066703
0.61049008
0.90980340
0.99796628
0.76009723
0.69561733
0.75601460
0.79008465
0.91734887
1.13719366
1.42018674
1.62974774
2.39951967
1.90579825
1.41094529
1.51420659
0.90768020
0.94964070
0.85347955
0.73407197
0.66483265
0.75117559
0.69993210
0.51200708
0.76852593
0.72096919
0.83464084
0.62773681
0.65120311
0.83082644
0.70879753
0.91480952
1.19163675
1.64855352
1.75118246
2.23766161
1.66328470
0.83292067
0.93389358
0.68950609
0.76890353
0.69890489
0.68131815
0.57042347
0.63045223
0.61422479
0.65586823
0.69343635
0.61131293
0.80782769
0.65370848
0.93730676
1.34108358
1.47226847
1.72638564
1.31968555
1.26290504
1.20176143
1.10625237
1.45940073
1.09848557
0.95339438
0.87886378
1.12067995
0.99183785
0.83166593
0.60047252
0.55587636
0.82380515
0.67860640
0.68751410
0.65749655
0.75337310
0.87876919
1.14312883
1.15805691
1.63436765
1.74975518
2.01440046
1.49396357
0.90847200
1.34644468
