2.7144
2.65681
2.56378
2.69487
2.56379
2.51715
2.435
2.23417
2.23877
2.2228
2.44833
2.10198
2.38565
2.35166
2.48176
2.5217
2.59259
2.60779
2.66371
2.53698
2.71288
2.91939
2.96952
2.98606
3.13064
2.96143
2.89217
2.96574
3.01888
2.84647
2.81642
2.67312
2.65909
2.66522
2.61156
2.6899
2.58413
2.37726
2.31575
2.40625
2.28234
2.24654
2.3008
2.17215
1.99323
1.82459
2.08502
1.72779
1.87607
1.7555
1.67658
1.51801
1.61387
1.74142
1.80941
1.54284
1.68667
1.7945
1.77096
1.98953
2.16821
2.14365
2.1277
1.86485
2.10906
2.01886
2.08098
2.05922
1.77644
1.81673
1.80931
1.80936
2.02248
1.68166
1.69053
1.53883
1.80163
1.54958
1.72111
1.62882
1.7924
1.61516
1.84074
1.97409
2.02388
1.90175
1.92309
2.16462
1.96879
2.02122
2.35172
1.85601
1.95768
1.87573
2.14592
2.0751
2.11715
2.36911
2.40383
2.27513
2.38128
2.61572
2.51658
2.30159
2.47639
2.57192
2.58503
2.7095
2.80202
2.71169
2.81667
2.52056
2.5767
2.50374
2.34193
2.38785
2.13464
2.0759
1.96381
1.87634
2.02644
1.53321
1.68919
1.46777
1.5375
1.56522
1.39039
1.44007
1.4223
1.18355
1.31011
1.38347
1.4523
1.44481
1.54357
1.4491
1.44936
1.60446
1.85593
1.65646
1.77846
1.80476
1.94116
2.11213
2.09782
2.35567
2.30742
1.89205
1.93127
1.99837
1.93552
1.87938
1.96528
1.88441
1.96027
2.08726
2.0426
2.15062
2.09296
1.92058
1.94573
1.87745
1.7788
1.61855
1.58773
1.56452
1.53601
1.48187
1.62654
1.5269
1.44313
1.45312
1.54375
1.58263
1.53423
1.67347
1.68847
1.58114
1.80335
1.92033
2.00735
3.15731
2.66286
2.69491
3.17859
2.63855
2.89701
2.80422
2.7385
2.72601
2.83785
3.17263
3.51204
3.15441
3.27058
3.29041
3.09931
2.91676
3.18199
3.15629
2.79607
2.88175
3.22662
2.88908
3.2079
3.05436
2.54107
2.69116
2.68473
2.82107
2.79345
2.69233
2.51478
2.66097
3.09272
2.4474
3.0514
2.69405
2.7516
2.84824
2.69778
2.75901
2.78353
2.03582
1.97078
2.17259
2.13817
2.24571
2.64693
2.37922
2.18345
2.49528
2.96874
2.66013
2.93438
2.85157
2.94678
3.42324
3.20393
3.71117
3.57901
1.88328
1.62559
1.44157
1.33513
1.3226
1.19911
1.02083
1.09242
1.30458
1.42084
1.62456
1.66577
1.63303
1.63613
1.82311
1.94571
1.9572
2.09104
1.92217
2.05023
2.18043
2.24406
2.39871
2.40735
2.30621
2.33583
2.33168
2.50874
2.60918
2.62491
2.67614
2.86658
2.94362
3.06779
3.0886
3.20976
3.15918
2.99768
3.03705
2.87788
2.75482
2.50461
2.33403
2.27213
2.03695
2.06812
1.89534
1.94075
1.95759
1.93034
1.93399
1.89256
1.78862
1.81588
1.86065
1.85351
1.85096
1.94697
1.81607
1.80632
1.78871
1.65794
1.70689
1.76208
1.61666
1.85973
1.82855
1.84044
2.009
2.00538
2.07118
2.08715
2.18821
2.16083
2.12526
2.23734
2.22071
2.22507
2.17258
2.01357
1.99235
2.01158
1.88322
2.01114
1.92254
1.79755
1.83177
1.69875
1.7756
1.78123
1.70112
1.6464
1.70466
1.83727
1.70253
1.99218
1.93297
1.83203
1.81365
1.77623
1.86633
1.78743
1.93709
1.79605
1.78184
2.06942
1.77394
1.97907
1.9216
1.70027
1.73555
1.78967
1.8303
1.99799
1.74347
1.83965
1.99587
1.79771
2.00276
2.07227
2.09942
1.94869
1.92645
2.28751
1.92682
2.15732
2.07703
1.79729
1.88715
1.72659
1.83528
1.87363
1.73107
1.6434
1.55938
1.66184
1.28559
1.4689
1.45902
1.45857
1.54919
1.71361
1.80185
1.92212
1.82635
1.83921
1.93592
1.91386
1.88852
2.02833
1.89862
1.7552
1.93759
2.12372
1.71249
1.95713
1.98525
1.98023
2.17787
2.26788
2.53606
2.44501
2.2971
2.38302
2.48696
2.53514
2.53801
2.66908
2.6058
2.51068
2.5811
2.62701
2.42094
2.38993
2.26768
2.17525
2.20766
2.10532
2.01494
2.0747
1.77432
1.6623
1.92924
1.64895
1.62124
1.76436
1.62196
2.28808
2.02442
1.96827
2.3033
1.98339
2.12411
2.29909
2.12745
2.25379
2.24143
2.57413
2.61068
2.59842
2.86248
2.74912
2.88001
2.97284
3.03702
3.28693
2.94458
2.88942
3.25202
3.00779
3.06465
3.0714
2.72688
2.83073
2.88268
3.11081
2.82175
2.83205
2.39933
2.32611
2.64422
2.01955
2.01688
2.13481
1.66292
1.70504
1.85602
1.95083
1.89511
1.67333
1.31843
1.45279
1.53782
1.57615
1.88134
1.84679
1.44334
1.90133
2.22994
2.10002
3.12653
2.82036
2.66052
3.44277
2.98095
3.50881
3.66849
3.38181
3.21815
3.37445
3.43905
3.62923
3.31898
3.36691
3.48016
3.35201
3.01473
3.21137
3.25603
2.98908
2.64969
3.24737
2.72459
3.1706
3.06319
2.42062
2.67544
2.58646
2.3634
2.50818
2.38958
2.18984
2.28836
2.86384
2.04725
2.6162
2.376
2.52045
2.43746
2.36447
2.39953
2.68656
2.09483
1.89698
2.41896
2.32687
2.11071
2.65466
2.43182
2.22374
2.5346
3.03391
2.78702
3.11991
2.99579
3.02533
3.50131
3.11437
3.65216
3.57901
1.88328
1.62559
1.49029
1.34039
1.31135
1.28904
1.05189
1.1233
1.41733
1.92742
1.71785
1.94121
2.11911
1.7053
2.21079
2.1612
2.33411
2.39099
2.29152
2.5916
2.80623
2.55948
2.95782
2.95337
2.77456
2.76672
2.96271
3.03144
3.00885
3.1365
3.23014
3.14763
3.40267
3.23865
3.24632
3.54874
3.26055
3.24696
3.17816
2.98374
2.82523
2.66722
2.67681
2.05537
2.29698
1.98801
2.03814
1.93802
1.87905
1.89286
1.7715
1.37798
1.54707
1.61086
1.57085
1.57066
1.72799
1.66676
1.5763
1.83127
1.94737
1.70397
1.9173
1.88409
1.98452
2.23746
2.05871
2.37516
2.29421
1.96244
2.08353
2.16459
2.31485
2.22808
2.21594
2.35418
2.32138
2.29388
2.27065
2.1488
2.09372
2.10713
2.03008
2.11304
2.04658
1.90016
1.86878
1.75989
1.8228
1.83646
1.75071
1.68761
1.68695
1.80975
1.80362
1.94083
1.99066
1.87254
1.80227
1.87574
1.87129
1.82739
1.97477
1.66432
1.59635
1.80458
1.52091
1.81704
1.67341
1.52507
1.50833
1.56415
1.69019
1.86314
1.58857
1.69102
1.75523
1.71776
1.90606
1.99968
2.16924
1.90763
1.8589
2.10522
2.00097
2.09061
2.07368
1.80965
1.93896
1.79599
1.89628
1.98777
1.80052
1.69793
1.66922
1.85014
1.60611
1.77904
1.70515
1.83849
1.82326
1.9929
2.15261
2.16742
2.00528
2.10609
1.98014
2.07534
2.07987
2.03864
2.0724
1.707
1.91628
2.04355
1.87395
2.00103
1.9974
1.89904
2.05011
1.98281
2.32291
2.25522
2.00608
2.19214
2.17846
2.33612
2.41257
2.41303
2.66089
2.40298
2.27797
2.55069
2.21459
2.27479
2.09797
2.07646
1.75857
1.82395
1.70339
1.77289
1.61117
1.48088
1.4588
1.42097
1.37127
1.32588
1.38734
1.37548
1.35785
1.47325
1.46027
1.56583
1.59858
1.5403
1.53142
1.66893
1.61388
1.74517
1.75993
1.59347
1.86517
1.86707
1.64482
1.98991
1.81078
1.92064
1.84071
1.88355
1.99389
1.89048
1.84815
1.92244
1.84451
1.90476
2.02841
2.04645
2.07208
2.03073
1.91237
1.93056
1.85947
1.80312
1.62348
1.60773
1.65374
1.56298
1.56362
1.72938
1.68541
1.42072
1.55419
1.49707
1.57111
1.57766
1.62624
1.79866
1.62644
1.75993
1.92669
1.87925
3.16901
2.61398
2.52546
3.14926
2.47197
2.82002
2.76267
2.72059
2.76355
2.73027
3.02617
3.5065
3.0257
3.22597
3.22081
3.08834
2.88105
3.07906
3.24092
2.70772
2.81812
3.17705
2.80108
3.18252
3.04861
2.50633
2.69315
2.55653
2.74005
2.73488
2.64545
2.46299
2.54445
3.12164
2.31726
3.04531
2.70993
2.70071
2.87003
2.68104
2.75835
2.95578
2.12812
2.14521
2.33328
2.24976
2.31696
2.76368
2.53798
2.27128
2.51629
3.07349
2.69604
2.99084
2.88979
2.91494
3.45713
3.11437
3.65216
3.57901
1.88328
1.62559
1.44157
1.35019
1.63354
1.3794
1.10677
1.47571
1.44139
1.51315
1.75665
1.82292
1.72823
1.71017
2.08794
2.25937
2.21739
2.37656
2.37825
2.43833
2.45059
2.62877
2.90507
2.72727
2.69116
2.89345
2.76117
2.93318
3.02318
3.32063
3.05167
3.19584
3.61476
3.14448
3.47043
3.38148
3.34031
3.41403
3.07564
3.14525
3.29931
2.71182
2.78495
2.65743
2.50065
2.45136
2.12753
2.10188
2.15914
1.92179
2.09752
1.87576
1.99208
1.61506
1.65164
2.07313
1.85199
1.98411
2.0652
1.98715
2.01676
1.9311
2.51077
2.04244
2.17048
2.08273
2.26411
2.19904
2.25621
2.31028
2.32305
2.0067
2.23251
2.23884
2.15543
2.25603
2.35005
2.17899
2.17392
2.01899
2.34841
2.03074
2.19455
2.23038
2.1802
2.28081
2.0535
2.14415
2.19899
1.73353
1.67939
1.59432
1.65912
1.7234
1.65066
1.88728
2.03309
1.77731
1.80787
1.85785
1.87641
1.92891
1.99762
1.84549
1.76233
1.78182
1.52985
1.78508
1.63832
1.54183
1.43968
1.58657
1.65765
1.83321
1.62381
1.71639
1.81138
1.781
1.90449
2.17606
2.11928
2.02618
1.90958
2.17411
2.02936
2.13991
2.09139
1.91282
1.8334
1.90613
1.85096
1.86129
1.86754
1.77913
1.69999
1.80885
1.6745
1.80277
1.66558
1.895
1.8059
1.97076
2.13714
2.23019
2.21396
2.07559
2.03492
2.17123
1.96679
2.10965
1.98937
1.81271
1.86558
2.00286
1.87054
2.00781
2.08841
2.03203
2.00688
2.12757
2.37787
2.34715
2.32027
2.26211
2.36895
2.37468
2.58905
2.46379
2.61672
2.46681
2.39611
2.57516
2.27852
2.22157
2.43864
3.09842
2.54373
2.68425
2.98876
2.11346
2.74457
2.30596
2.32634
2.36412
2.44633
2.64432
2.85297
2.49914
2.94912
3.07096
2.78933
2.9579
3.29066
3.08727
2.90298
3.1967
3.23149
3.04694
3.38012
2.97464
2.86507
3.17653
2.83447
3.22701
3.18818
2.80397
2.88671
2.92154
3.42241
2.33326
3.14386
2.71518
2.80566
2.83153
2.65278
2.91976
2.82933
2.09615
2.20962
2.11227
1.84706
1.97744
2.6463
1.82937
1.80162
2.5939
2.19718
2.38953
2.62611
2.54761
2.73212
3.04731
2.93036
3.86663
3.51983
2.69208
2.78029
2.66493
2.60429
2.88373
3.82552
3.11087
3.24498
3.97326
3.07126
3.646
3.31709
3.08976
3.37219
3.17977
3.54686
3.85588
3.37414
3.43447
3.51047
3.72658
2.74641
3.51344
3.29403
2.96006
3.11009
3.3312
3.10362
3.38383
2.73633
2.40096
2.60291
2.46039
2.63266
2.79302
2.51144
2.18561
2.58792
3.37611
2.34217
3.26472
2.89264
2.98844
3.41705
3.03627
3.74488
4.10295
2.7718
2.73566
3.04255
2.82209
2.79579
3.29056
3.05751
2.88018
3.15811
3.91834
3.84108
3.9967
3.94925
4.11582
4.39277
4.03925
4.62155
4.64993
3.63403
3.57767
3.59449
3.45083
3.69914
3.10117
2.71678
3.10687
2.79277
3.16831
3.10674
3.05362
2.87695
3.01159
3.4396
3.34794
2.98811
3.36615
3.20607
3.29488
3.22182
3.43065
3.39311
2.65928
2.47355
2.79459
2.57429
2.95835
2.92688
2.64192
2.63892
2.97404
3.58751
3.5498
3.59189
3.80935
3.9534
4.44717
3.99612
4.66392
4.42037
3.38782
2.65231
2.40923
2.45464
2.35632
1.73936
1.85752
1.92702
1.87648
1.86006
2.02513
1.85729
1.6771
1.98952
2.22838
1.90982
2.22978
2.08176
2.16204
2.33924
1.98991
2.47948
2.35642
1.74488
1.8621
1.79391
1.83899
1.90761
1.94714
2.07985
2.1689
2.32356
2.24051
2.21484
2.35368
2.32085
2.29304
2.27295
2.15524
2.09429
2.11196
2.03509
2.11638
2.04804
1.90498
1.8744
1.76227
1.82649
1.84315
1.75775
1.71144
1.70818
1.82373
1.82506
1.94778
1.96162
1.82296
1.78403
1.82648
1.81454
1.81483
1.82788
1.69153
1.66582
1.77298
1.69489
1.88571
1.77059
1.6204
1.59837
1.64817
1.74215
1.81855
1.70474
1.75485
1.79151
1.74536
1.95668
1.97345
1.99849
1.8891
1.71344
1.98172
1.82007
1.91583
1.93071
1.77127
1.78442
1.76031
1.73995
1.88912
1.74754
1.65388
1.54414
1.53253
1.47138
1.47955
1.41509
1.49238
1.46998
1.66707
