0.141804
0.138151
0.137193
0.123857
0.122692
0.137962
0.145952
0.167973
0.186031
0.19186
0.176312
0.154801
0.146573
0.136878
0.121602
0.11421
0.115175
0.107318
0.105792
0.0895869
0.0740962
0.0843649
0.0874444
0.102357
0.105676
0.119251
0.13493
0.138408
0.136764
0.147473
0.160034
0.175387
0.201583
0.201448
0.189697
0.173223
0.153778
0.137895
0.130039
0.130137
0.123479
0.105076
0.0956605
0.0720523
0.0594926
0.0593798
0.0734733
0.072578
0.0720383
0.092398
0.0870282
0.079834
0.0776301
0.0904523
0.113464
0.144933
0.179002
0.189859
0.190534
0.176909
0.188461
0.176573
0.171153
0.161829
0.152166
0.139005
0.12441
0.099936
0.0889685
0.0827028
0.0904709
0.0879772
0.0923682
0.0995544
0.0944916
0.0903276
0.0879893
0.0889137
0.0946251
0.115284
0.12055
0.13337
0.131615
0.13472
0.126299
0.117653
0.120618
0.124914
0.11984
0.124347
0.10982
0.0917401
0.0853659
0.0770871
0.0735543
0.0783332
0.0819239
0.0793016
0.0833922
0.0864366
0.093761
0.0990378
0.117134
0.133761
0.153549
0.172901
0.188509
0.183559
0.175493
0.168966
0.161916
0.165755
0.154853
0.143133
0.127201
0.103972
0.0820297
0.0775943
0.0785446
0.0780989
0.0871387
0.093241
0.0900099
0.0872597
0.0924425
0.108342
0.130326
0.150055
0.174962
0.172543
0.16251
0.13745
0.120718
0.114339
0.116876
0.12067
0.116001
0.106967
0.0980209
0.103377
0.0807897
0.0822379
0.0884942
0.0952847
0.10422
0.104111
0.0969129
0.0990722
0.111668
0.133497
0.156497
0.186077
0.210957
0.217614
0.208333
0.198081
0.185043
0.178172
0.173695
0.164788
0.154532
0.134303
0.119883
0.0959697
0.0879319
0.0923732
0.102203
0.107332
0.101895
0.0977979
0.0897697
0.0827786
0.0832189
0.0957664
0.114508
0.132697
0.143791
0.1541
0.152847
0.14629
0.142637
0.142252
0.140833
0.133144
0.114125
0.0963523
0.0803908
0.0589466
0.0696174
0.0721663
0.0727924
0.0700288
0.0777017
0.0763389
0.0759979
0.0809034
0.0960246
0.108328
0.133177
0.166514
0.186354
0.196016
0.198707
0.192788
0.181551
0.172348
0.171581
0.154927
0.142155
0.122647
0.0984609
0.0765092
0.0751676
0.0785102
0.07641
0.0707813
0.0706262
0.0646769
0.0603554
0.0679461
0.0765022
0.0892134
0.121792
0.142968
0.155348
0.15532
0.159806
0.150695
0.14012
0.145322
0.139234
0.12651
0.115255
0.10316
0.0736789
0.0524043
0.0565417
0.0689996
0.0755772
0.0829809
0.0958199
0.092566
0.0925279
0.0983165
0.104443
0.117543
0.138023
0.162197
0.184576
0.179893
0.180887
0.166156
0.16015
0.158148
0.155637
0.145496
0.142073
0.129489
0.105899
0.0866184
0.0835066
0.0925364
0.101075
0.110251
0.122942
0.124656
0.136407
0.152447
0.155577
0.169417
0.187446
0.211616
0.21759
0.211353
0.207111
0.194498
0.173872
0.161823
0.151611
0.130363
0.116809
0.106597
0.0888683
0.0680797
0.0723194
0.0754376
0.0776497
0.0811751
0.0914016
0.0928901
0.0987115
0.10836
0.124151
0.13455
0.148747
0.158199
0.16952
0.172699
0.180143
0.178499
0.165383
0.157655
0.149024
0.135402
0.129542
0.124094
0.112238
0.0933605
0.10313
0.120127
0.126885
0.12681
0.132233
0.134867
0.141766
0.150677
0.151983
0.148655
0.159314
0.167006
0.17598
0.176243
0.172957
0.162675
0.150301
0.14803
0.142463
0.142149
0.127079
0.125167
0.110462
0.096023
0.100056
0.0985952
0.0935422
0.0947804
0.0949554
0.0917651
0.0887795
0.0875884
0.0925402
0.0923934
0.106957
0.125757
0.141563
0.14411
0.146313
0.146228
0.139188
0.148887
0.147398
0.144425
0.138342
0.135439
0.126205
0.103502
0.101586
0.0946503
0.0987655
0.0995524
0.0988545
0.0920956
0.0888553
0.0913537
0.10181
0.119148
0.138891
0.152928
0.16494
0.16987
0.16022
0.148663
0.131843
0.12383
0.12359
0.11466
0.111359
0.105385
0.0914598
0.0797661
0.0901027
0.0959548
0.106084
0.108379
0.119323
0.120544
0.116995
0.106349
0.0983467
0.0972694
0.10366
0.114146
0.125944
0.131222
0.127464
0.124834
0.113724
0.10781
0.107944
0.107254
0.103183
0.0955117
0.087724
0.0745846
0.0738353
0.0776883
0.0766483
0.0828436
0.0936587
0.103653
0.105028
0.105464
0.10425
0.109035
0.126644
0.152671
0.171648
0.176942
0.179643
0.173699
0.166626
0.159658
0.163194
0.160511
0.158329
0.146238
0.133042
0.11378
0.113691
0.117666
0.113137
0.11119
0.114289
0.108818
0.103681
0.103516
0.106695
0.112895
0.124845
0.149361
0.161866
0.166775
0.164856
0.150325
0.140967
0.14161
0.148034
0.146171
0.146097
0.141361
0.127291
0.114964
0.117205
0.121581
0.123295
0.12931
0.128412
0.126465
0.123643
0.117487
0.114495
0.125388
0.134689
0.150835
0.166359
0.164774
0.153442
0.141158
0.131288
0.130282
0.139345
0.14006
0.137277
0.129035
0.114634
0.0948496
0.0916322
0.0890083
0.0814669
0.0812973
0.0879727
0.0839822
0.0755154
0.0717491
0.0727778
0.08193
0.096275
0.120085
0.144241
0.145733
0.141444
0.133068
0.123272
0.130708
0.138321
0.141961
0.142526
0.138003
0.118219
0.098705
0.0878468
0.0896263
0.0943419
0.0904081
0.099864
0.101907
0.100985
0.111238
0.12302
0.133841
0.158115
0.188518
0.202936
0.198673
0.189365
0.170639
0.149966
0.137409
0.135577
0.123594
0.119572
0.111579
0.092821
0.0809616
0.094537
0.107467
0.112131
0.118304
0.126433
0.126516
0.114554
0.113004
0.121629
0.127583
0.142818
0.162368
0.175994
0.171998
0.16114
0.146033
0.13245
0.12419
0.123859
0.123288
0.114677
0.116361
0.103002
0.092371
0.104597
0.105257
0.105493
0.110588
0.115798
0.119695
0.120361
0.117778
0.118659
0.131617
0.150749
0.171001
0.184569
0.173502
0.166274
0.147762
0.143593
0.140647
0.144476
0.147737
0.151648
0.143191
0.129939
0.113663
0.113063
0.104706
0.08856
0.0845875
0.0964439
0.0902533
0.083366
0.0713109
0.0749829
0.0775953
0.0954832
0.105528
0.114634
0.116258
0.124261
0.125669
0.118624
0.126454
0.139381
0.140901
0.14966
0.135423
0.123711
0.117365
0.131211
0.139343
0.13917
0.126559
0.119314
0.11505
0.112394
0.114284
0.11545
0.118293
0.138317
0.152514
0.164932
0.154893
0.142436
0.132599
0.120067
0.119379
0.12437
0.106204
0.0917841
0.074221
0.0580453
0.0501054
0.0739069
0.0752117
0.0769092
0.0827834
0.0844429
0.0770519
0.0787972
0.0921189
0.113189
0.136712
0.160369
0.176745
0.175696
0.169937
0.169743
0.164953
0.171222
0.176671
0.170596
0.16931
0.155093
0.13928
0.122299
0.098074
0.0947685
0.0930591
0.0925073
0.0951268
0.0915569
0.0828605
0.101547
0.110903
0.132332
0.149913
0.171714
0.17908
0.175089
0.170394
0.16183
0.157094
0.16057
0.166951
0.157862
0.146345
0.134928
0.111134
0.0957966
0.0896035
0.0842919
0.0788382
0.0862635
0.0839563
0.077063
0.0713977
0.0833267
0.0945272
0.119257
0.142258
0.165896
0.160858
0.155973
0.149013
0.145884
0.15287
0.157817
0.153518
0.151823
0.137436
0.122365
0.11204
0.108094
0.114138
0.117157
0.121248
0.135145
0.136852
0.128942
0.117211
0.110152
0.125733
0.157368
0.184427
0.185033
0.171295
0.153495
0.143099
0.132832
0.138784
0.145946
0.142993
0.139245
0.13121
0.114632
0.0989348
0.104618
0.11327
0.122908
0.132973
0.132285
0.125684
0.111232
0.106333
0.108193
0.125234
0.151364
0.17762
0.191594
0.176411
0.155598
0.143416
0.136497
0.143724
0.149831
0.148722
0.13406
0.107043
0.0832768
0.0652031
0.0524643
0.0548413
0.0622075
0.0622928
0.0738809
0.0745561
0.0744767
0.0769519
0.0908633
0.101939
0.113421
0.133278
0.139957
0.137826
0.128107
0.12353
0.120176
0.122941
0.132002
0.128241
0.126421
0.117828
0.108891
0.112815
0.122704
0.11775
0.110112
0.110518
0.109166
0.102727
0.10784
0.119347
0.129631
0.136439
0.15178
0.159482
0.155027
0.155239
0.154982
0.148039
0.143638
0.142899
0.131819
0.114423
0.0992907
0.0904851
0.0829933
0.076162
0.0909738
0.087652
0.0762168
0.0683473
0.0600035
0.059298
0.0750314
0.0977625
0.107599
0.140952
0.172794
0.18057
0.166979
0.150968
0.156009
0.155344
0.157842
0.15342
0.134756
0.123041
0.108372
0.0722952
0.0386604
0.0301849
0.0202188
0.0291377
0.0441825
0.05109
0.0654716
0.063696
0.0713257
0.0783848
0.0997374
0.133726
0.155028
0.169005
0.170423
0.166056
0.166515
0.172814
0.175175
0.176111
0.173516
0.166055
0.1494
0.133379
0.122205
0.112653
0.101285
0.0975421
0.0933941
0.0874201
0.069333
0.0643525
0.0750584
0.0905387
0.119547
0.149068
0.171743
0.177688
0.174041
0.167173
0.164715
0.169646
0.170205
0.159225
0.146131
0.130744
0.112235
0.0943458
0.0942806
0.102365
0.110188
0.110363
0.111272
0.110829
0.108528
0.112587
0.127077
0.152769
0.176633
0.200386
0.216866
0.191516
0.164158
0.147592
0.140381
0.136869
0.138906
0.128207
0.110376
0.0898369
0.0648437
0.0472121
0.0574792
0.0659577
0.0712108
0.0703768
0.079268
0.0863838
0.0802899
0.0901769
0.107619
0.124409
0.147273
0.178025
0.198246
0.190887
0.183469
0.162173
0.155201
0.15307
0.150816
0.142876
0.122456
0.1117
0.0875188
0.0733238
0.0651936
0.0704135
0.0592226
0.0522735
0.0624591
0.0737348
0.0751707
0.0746809
0.0947635
0.102049
0.119676
0.143173
0.158683
0.154741
0.150213
0.140688
0.1231
0.130456
0.141591
0.141829
0.144519
0.143673
0.135248
0.119492
0.117921
0.118102
0.113296
0.113049
0.121728
0.121211
0.121798
0.124099
0.130161
0.135334
0.158727
0.187016
0.224389
0.226923
0.202843
0.181552
0.15187
0.144283
0.144595
0.137457
0.137088
0.12699
0.108506
0.0855189
0.0907731
0.0857316
0.0835174
0.0806958
0.0934704
0.103688
0.0951137
0.0987667
0.100009
0.107909
0.134414
0.162204
0.183018
0.184907
0.184079
0.159684
0.136358
0.120375
0.118015
0.106706
0.107737
0.111251
0.101566
0.0948118
0.106615
0.109843
0.115277
0.11863
0.12079
0.119984
0.123379
0.1255
0.119087
0.122362
0.136319
0.153437
0.163934
0.170355
0.168567
0.154426
0.139589
0.126132
0.117303
0.11525
0.117024
0.118808
0.117474
0.108763
0.111674
0.117223
0.0969321
0.0867883
0.0890675
0.0855179
0.0886141
0.0851803
0.0850487
0.08321
0.10196
0.128454
0.157728
0.170586
0.174378
0.164391
0.155452
0.14336
0.137972
0.131302
0.132728
0.122033
0.108697
0.0985634
0.0897127
0.0920032
0.107947
0.101923
0.104698
0.116039
0.123869
0.120518
0.123297
0.130903
0.141444
0.161991
0.180825
0.200535
0.193673
0.186723
0.168361
0.152801
0.143313
0.138702
0.12678
0.119237
0.105423
0.0863796
0.0819011
0.0772155
0.0761549
0.0856368
0.0776548
0.0801669
0.0797718
0.071973
0.0703511
0.0751412
0.0908835
0.108109
0.13493
0.144003
0.145414
0.138379
0.124426
0.106902
0.104507
0.10801
0.106903
0.108163
0.100042
0.0843122
0.0713897
0.067525
0.0674298
0.0587228
0.071625
0.0794869
0.0742608
0.073761
0.0652796
0.0750391
0.0880653
0.113658
0.144309
0.160671
0.165657
0.152804
0.141062
0.129364
0.126423
0.13112
0.131695
0.13512
0.118581
0.109963
0.0821066
0.083055
0.0808799
0.0852119
0.0900075
0.106303
0.118831
0.124765
0.12943
0.140479
0.160137
0.186773
0.20674
0.222384
0.218256
0.203604
0.189745
0.173629
0.158025
0.154733
0.142469
0.13231
0.120297
0.100719
0.0907663
0.0787021
0.0782993
0.0830491
0.0840497
0.0920444
0.100049
0.0940679
0.0980506
0.116156
0.133315
0.154684
0.178873
0.186461
0.175451
0.169157
0.162228
0.14402
0.132712
0.127437
0.114113
0.115836
0.118328
0.10966
0.0982575
0.0982408
0.0997501
0.098308
0.0998102
0.111161
0.111715
0.115521
0.129864
0.138489
0.149231
0.167031
0.176732
0.178188
0.178242
0.185655
0.183378
0.187418
0.184609
0.169382
0.154591
0.145135
0.141943
0.140126
0.138784
0.144357
0.143067
0.146349
0.143087
0.143854
0.147179
0.162857
0.168168
0.167384
0.162353
0.156036
0.156099
0.146268
0.137873
0.11772
0.0975057
0.0945635
0.0813416
0.0459357
0.0151984
0.00666999
0.0188073
0.0458179
0.0701553
0.0942158
0.114184
0.129313
0.129026
0.118724
0.119113
0.125611
0.126568
0.138061
0.138054
0.122257
0.116319
0.120966
0.122213
0.134964
0.144019
0.151576
0.141496
0.137143
0.131977
0.121448
0.111066
0.11196
0.0982777
0.0809823
0.074297
0.0583475
0.0282899
0.0277757
0.0397854
0.0433822
0.0397417
0.0489875
0.0476235
0.0427015
0.0477615
0.0620782
0.0785087
0.0948384
0.114969
0.107756
0.0990971
0.085362
0.0676391
0.0637669
0.073797
0.101241
0.12061
0.153945
0.172235
0.180282
0.191917
0.213514
0.235557
0.222406
0.217481
0.202624
0.197288
0.188982
0.183203
0.176076
0.179955
0.200313
0.217656
0.22506
0.207091
0.195439
0.166525
0.14243
0.126532
0.118775
