0.40104810
0.39271888
0.30999612
0.21293855
0.20580091
0.25586746
0.30663048
0.29600204
0.53044013
0.79024951
0.74390682
0.73691979
0.69758224
0.68734184
0.51744794
0.51902672
0.51413337
0.41727563
0.24845741
0.30936049
0.27306789
0.26446101
0.23187974
0.26155251
0.32481563
0.25132067
0.21464614
0.16628026
0.21181514
0.30321709
0.28789797
0.39671569
0.58841553
0.59337773
0.71387012
0.78752521
0.73692132
0.68206204
0.72266165
0.52933941
0.40391844
0.34628548
0.27651563
0.27363372
0.34863304
0.28914823
0.32168693
0.26004096
0.20486294
0.20741968
0.17329802
0.13220264
0.17089561
0.27931563
0.24773458
0.34778895
0.67703999
0.62850606
0.60075444
0.59557683
0.71831204
0.63642850
0.56149003
0.43982641
0.36460063
0.30467183
0.26332016
0.24291525
0.24134638
0.20821441
0.20241560
0.23124302
0.17994167
0.19267338
0.16633547
0.14227206
0.13035499
0.16702107
0.21267616
0.28053115
0.47501155
0.54418714
0.50434006
0.53492221
0.60978950
0.51940348
0.52330380
0.42607747
0.32835911
0.35011889
0.24407899
0.24077757
0.21970177
0.21608145
0.22231037
0.25170020
0.22856694
0.16271768
0.18038318
0.12846822
0.13198890
0.17568437
0.22154360
0.27772877
0.44106887
0.47822831
0.54559472
0.66749073
0.54358466
0.58824539
0.42874874
0.39536015
0.36222542
0.32167456
0.27134135
0.23812287
0.21521812
0.21273499
0.19131385
0.24211199
0.22508144
0.19746100
0.13670090
0.11371980
0.15875414
0.20274612
0.22571891
0.28235432
0.47953235
0.64514139
0.52616624
0.57516512
0.57695741
0.51502533
0.40621222
0.44676458
0.36091814
0.35482272
0.28959628
0.24360534
0.20767761
0.29567976
0.21511508
0.22579843
0.21117132
0.16363009
0.12346088
0.11213888
0.12369565
0.17419171
0.19480112
0.24862266
0.40840477
0.53366134
0.54173427
0.44023276
0.46543455
0.43432531
0.35017691
0.38121746
0.32296192
0.25085171
0.22827614
0.15170825
0.18053764
0.17245190
0.17080903
0.15733240
0.16079581
0.14674564
0.14094477
0.10263895
0.11056242
0.14422639
0.15833228
0.31202591
0.52720495
0.43400562
0.49425701
0.45694456
0.44428486
0.36178389
0.30921541
0.32323232
0.22802719
0.24838586
0.23033996
0.19923651
0.18261599
0.20156621
0.19789093
0.18027129
0.19251434
0.15683009
0.12961343
0.11049449
0.17095781
0.23713129
0.22920915
0.29836710
0.49913336
0.46438563
0.47239554
0.54414627
0.57754144
0.51549411
0.40793343
0.39984011
0.35342509
0.28819481
0.21569162
0.23588869
0.19136733
0.18893414
0.20157283
0.22097754
0.20411036
0.16296513
0.11949224
0.11211438
0.13264208
0.22213373
0.19175021
0.26079015
0.47131410
0.47729646
0.44658494
0.49614648
0.49543241
0.42918553
0.41640682
0.37636552
0.34631039
0.32494118
0.22498845
0.19387734
0.19578348
0.17964733
0.17912505
0.15644171
0.13938947
0.14095452
0.09225392
0.08221613
0.09084980
0.15718041
0.17272806
0.25656598
0.42828373
0.44422696
0.48369819
0.45866849
0.41840201
0.39345162
0.31387196
0.28918331
0.24915569
0.25617308
0.21296817
0.21677005
0.19777650
0.18793432
0.18742014
0.18750694
0.16898061
0.15207494
0.13746148
0.10411258
0.14291855
0.14327545
0.18561891
0.17290778
0.48956942
0.47537144
0.51087519
0.53929564
0.56267037
0.49363991
0.37507176
0.36723178
0.30952776
0.28990774
0.24727392
0.22506690
0.23548004
0.24374234
0.22619847
0.22048026
0.17747466
0.16510969
0.13065989
0.11474066
0.14116799
0.18631750
0.22954193
0.37335860
0.48795822
0.53914989
0.46448492
0.62217115
0.55767240
0.45429605
0.45531560
0.40590213
0.41246047
0.32167094
0.31338405
0.26101117
0.26715131
0.20242247
0.25015183
0.25861648
0.20328919
0.16727510
0.12984037
0.11771921
0.18519685
0.25289811
0.23140504
0.36899018
0.49379464
0.49595890
0.44954502
0.41854127
0.59447169
0.66083174
0.56454697
0.42679304
0.40104744
0.24906158
0.31084903
0.23354209
0.21678708
0.23424041
0.22483463
0.22477003
0.18699633
0.19210463
0.13493661
0.12993576
0.16760471
0.18141005
0.23129651
0.28895096
0.45912264
0.57788655
0.45951148
0.57333333
0.73581162
0.53105436
0.48135597
0.44987892
0.42088379
0.32286480
0.14397321
0.04490989
0.23190967
0.30781422
0.21533720
0.20095585
0.45792539
0.20763379
0.18378689
0.16614521
0.05468989
0.41349399
0.21266565
0.40548477
0.39386820
0.52987658
0.47425853
0.48150130
0.71437855
0.59497076
0.49741448
0.47239412
0.39105232
0.34726186
0.29505266
0.27955488
0.24733987
0.23433091
0.24447655
0.26026448
0.19759374
0.19683235
0.16566288
0.14335911
0.21387588
0.21757086
0.23441415
0.34688507
0.41719519
0.42452044
0.54866396
0.58473017
0.61296848
0.57086477
0.58035288
0.52583927
0.39677125
0.34694954
0.28852223
0.25696807
0.27050176
0.23974296
0.23436153
0.18788602
0.22518323
0.16158209
0.15019315
0.13853007
0.13942348
0.14597110
0.18687885
0.31964039
0.52061443
0.45355178
0.50282116
0.59417457
0.41677927
0.45705158
0.42505389
0.39134237
0.56561146
0.32179013
0.22433267
0.24654905
0.20811922
0.22824977
0.20793934
0.20216677
0.20955083
0.18409119
0.17572856
0.15658318
0.16978013
0.21367979
0.30792976
0.20628819
0.38491316
0.48570165
0.54384141
0.51270800
0.51456770
0.38708049
0.29922266
0.46746335
0.30593940
0.26623729
0.22882423
0.37747984
0.22264036
0.23937430
0.21080751
0.20722000
0.18317123
0.17535293
0.14908247
0.13322111
0.15232840
0.19413540
0.22831657
0.31783197
0.36873921
0.50694899
0.47500310
0.49342589
0.48403013
0.52520348
0.37446179
0.29893085
0.20924791
0.39534224
0.24745171
0.20144925
0.22658793
0.21655160
0.21781892
0.27901374
0.17680007
0.15574388
0.16790459
0.14533932
0.16231099
0.22512702
0.30540513
0.27259249
0.33384489
0.50068286
0.39431031
0.68870817
0.54654147
0.46834965
0.43841252
0.40549218
0.34746437
0.35593495
0.32136941
0.29729699
0.31039733
0.27934036
0.27313855
0.21620842
0.21895649
0.18536221
0.16041040
0.22963135
0.21189924
0.23699071
0.28507481
0.49680353
0.41468275
0.65845902
0.47700297
0.59674688
0.51222517
0.49137578
0.37693083
0.33540859
0.33142625
0.33096261
0.16579459
0.39420593
0.28549702
0.28542661
0.28290912
0.26473414
0.29409535
0.21417924
0.18067868
0.27019900
0.27186827
0.22457243
0.36220360
0.49350776
0.48675379
0.50980644
0.60657313
0.62047835
0.53681758
0.58827678
0.52005067
0.40775700
0.32031312
0.30309578
0.25669304
0.22965086
0.19936612
0.20415677
0.20106537
0.21139616
0.17416763
0.12864360
0.11326961
0.19396938
0.21198207
0.18206719
0.28538259
0.28953612
0.43311355
0.43426771
0.60735085
0.55177794
0.51373800
0.57596834
0.46493992
0.36346871
0.29298537
0.27428810
0.21254588
0.21351202
0.19852127
0.19100275
0.17663985
0.17807286
0.13534701
0.11414260
0.10456974
0.14424691
0.17047414
0.15345924
0.19002024
0.37530294
0.34794208
0.39045431
0.40945211
0.43028530
0.42430883
0.45268032
0.44552044
0.15764996
0.40090553
0.24124370
0.16968708
0.23516000
0.20091324
0.20398549
0.20513762
0.14288136
0.44886836
0.13935194
0.12873600
0.12857262
0.16272267
0.00098397
0.24290277
0.38248295
0.32984480
0.52337773
0.45885651
0.39916287
0.37955569
0.41989186
0.30092019
0.28030162
0.25352018
0.25940852
0.19384444
0.21860399
0.19599800
0.18771347
0.19643113
0.17617491
0.16106453
0.14548881
0.10755274
0.15595256
0.20957734
0.14866949
0.20951184
0.29505936
0.36157217
0.43956625
0.49147479
0.44261493
0.44816035
0.43867803
0.37405645
0.37952211
0.32153367
0.33131416
0.25938724
0.25663704
0.22502969
0.24370140
0.21342804
0.14753452
0.22112262
0.15706655
0.13583971
0.14273199
0.20319320
0.16214801
0.03560903
0.51789729
0.37064924
0.61249949
0.47823650
0.44652954
0.41963031
0.40413586
0.37871726
0.00326508
0.00307837
0.45516069
0.29778627
0.20215808
0.24145420
0.22096426
0.22521349
0.21151711
0.19634174
0.14772206
0.13401982
0.14101354
0.16896544
0.15881314
0.22377354
0.45744809
0.49711059
0.46945416
0.49527970
0.46553507
0.53195095
0.45310147
0.42770618
0.17242517
0.42370493
0.26694770
0.26045373
0.06266845
0.33543166
0.22040366
0.27303415
0.22906931
0.20934391
0.15483587
0.17146836
0.20381808
0.29821345
0.23293560
0.27172021
0.37588171
0.37743554
0.43953628
0.57757680
0.47505190
0.56154374
0.45492533
0.41081755
0.31003549
0.31873461
0.32262954
0.26310011
0.23990814
0.24635895
0.23487048
0.23531170
0.25892068
0.21591846
0.16889743
0.13620050
0.19507440
0.25789968
0.21212591
0.25361678
0.28039611
0.33501102
0.32547287
0.47830988
0.42241017
0.42809240
0.45456758
0.43449502
0.37666305
0.27665789
0.23125139
0.23044248
0.22171848
0.14729248
0.27196953
0.18424957
0.18385493
0.14649862
0.13645942
0.08778577
0.11355346
0.12370824
0.14941199
0.21885474
0.36151398
0.20819819
0.48859723
0.50821258
0.41313022
0.44802538
0.35976217
0.37660293
0.28907377
0.31629274
0.32362781
0.25922530
0.22933266
0.21718473
0.20288717
0.19256299
0.17520964
0.13003722
0.17250369
0.10267965
0.12284295
0.16279498
0.17176247
0.29170423
0.40114420
0.47195315
0.44709430
0.58109913
0.46424955
0.49622984
0.45209815
0.43381598
0.38799427
0.33833625
0.30908708
0.29074432
0.30580932
0.31727603
0.29720504
0.23577319
0.18828697
0.17148745
0.13399478
0.10274999
0.12825261
0.17434559
0.15373381
0.22468661
0.36246809
0.19447549
0.69195612
0.46819913
0.44402394
0.48848213
0.45317479
0.41345173
0.37840661
0.29016246
0.26731207
0.31645950
0.26071189
0.23625769
0.23328581
0.19745703
0.15811137
0.15489626
0.12817602
0.09700923
0.12449505
0.13424251
0.12532051
0.22919716
0.50590285
0.44342044
0.41795059
0.53448276
0.54975491
0.47062495
0.44279742
0.41222823
0.37723634
0.27750455
0.30715369
0.25196199
0.25759084
0.24877271
0.23909791
0.22174139
0.17168893
0.15773270
0.12688613
0.10010234
0.12949775
0.19089207
0.18449065
0.33700571
0.50548599
0.55609671
0.46720151
0.56704580
0.45291547
0.49639643
0.47061694
0.42754962
0.37897763
0.33279441
0.26899076
0.27402217
0.25170154
0.24104836
0.24621686
0.21592633
0.24994982
0.15890796
0.13755287
0.19756165
0.28875250
0.38161105
0.27398764
0.50035104
0.58059732
0.43004880
0.42026360
0.53471557
0.75103864
0.52612040
0.56044515
0.40588360
0.44760719
0.36995183
0.34919020
0.30069084
0.34599954
0.31018325
0.39476707
0.30890021
0.30013038
0.25798193
0.22063214
0.21377228
0.25568541
0.32968346
0.26568425
0.44211069
0.70529338
0.48961763
0.57097160
0.22696418
0.62550609
0.58756715
0.49446836
0.48571948
0.34325765
0.32660771
0.29575945
0.25562374
0.26880824
0.17810698
0.20349222
0.18177049
0.15842147
0.14707121
0.12154024
0.09391210
0.12577032
0.17391316
0.16438874
0.31108331
0.53872054
0.42724504
0.50477794
0.64247559
0.55225299
0.47517444
0.48805060
0.43719928
0.37182008
0.31078804
0.30347591
0.18548778
0.22844437
0.22898896
0.22444936
0.16660237
0.13654247
0.13142476
0.12069083
0.11827028
0.16257435
0.17818604
0.30385303
0.55078953
0.44101018
0.53006815
0.46478241
0.48071690
0.43850399
0.34422263
0.16421551
0.45133455
0.48852341
0.30164101
0.26234546
0.27107166
0.25779041
0.29376561
0.20190185
0.18089359
0.18324146
0.15254697
0.12164922
0.13278255
0.19117281
0.24748807
0.30732610
0.35403679
0.51726855
0.45713707
0.54646128
0.45028784
0.48236022
0.48572176
0.58747700
0.94815072
0.65729072
0.18241075
0.21012642
0.33535685
0.29804693
0.23864355
0.21210338
0.18592390
0.15477608
0.13665745
0.16023077
0.21083048
0.28622422
0.43679110
0.46144479
0.57671821
0.67879888
0.54310431
0.65185032
0.51531978
0.56782243
0.47631357
0.41022214
0.37021458
0.03607339
0.32379996
0.34316072
0.39720344
0.31552976
0.30144478
0.26762086
0.23337673
0.19445277
0.13864779
0.21303042
0.25879080
0.24952093
0.27681782
1.05144247
0.55076176
0.55562931
0.60998456
0.57783019
0.59026889
0.55282513
0.49119833
0.41025836
0.33909556
0.28605070
0.32358650
0.30478665
0.25588239
0.24720791
0.25014084
0.25194386
0.25821863
0.22601554
0.15907098
0.21100551
0.24768757
0.28270969
0.42472384
0.54331472
0.61625000
0.65444032
0.63582251
0.82122611
0.84216455
0.73163189
0.54096467
0.45589765
0.37428856
0.31926518
0.30706547
0.27338616
0.26077632
0.28683908
0.27863938
0.30587277
0.28776766
0.26675666
0.26151927
0.27999414
0.35794913
0.39505787
0.51452121
0.53256017
0.47617243
0.60236217
0.64495631
0.69784617
0.69861643
0.70503589
0.61740435
0.51239017
0.40387509
0.37457872
0.28521126
0.25831884
0.24723549
0.25241930
0.21506135
0.21927237
0.25999349
0.11246568
0.12988991
0.18436885
0.29159039
0.35468707
0.36969393
0.61614876
0.57144536
0.57130990
0.76317037
0.54218342
0.62416127
0.57787988
0.67438808
0.46564835
0.37912924
0.37760577
0.29502961
0.29438095
0.28684191
0.64306745
0.11143349
0.16727228
0.13637171
0.17821655
0.21375784
0.24371423
0.39767067
0.56986258
0.61567238
0.56513503
0.64962391
0.68460183
0.64952966
0.76155376
0.54773781
0.41490586
0.34575048
0.29003771
0.29169004
0.25192199
0.25354117
0.23280125
0.21742578
0.23586631
0.19531231
0.19570147
0.20402614
0.14776840
0.26801700
0.26570057
0.39880993
0.45743023
0.65201236
0.58105652
0.48455576
0.51075650
0.55254928
0.52895699
0.49939939
0.44422337
0.34575893
0.35620763
0.36541153
0.30396455
0.31272076
0.26514188
0.20390353
0.20182612
0.17633428
0.16813139
0.12613429
0.14856824
0.18583077
0.19178902
0.35764887
0.56374855
0.62153538
0.65150700
0.55231290
0.56141799
0.47235208
0.45755834
0.51481869
0.44090440
0.43877303
0.38459148
0.33987007
0.27866874
0.28879721
0.26728612
0.22389627
0.20341080
0.17541315
0.16677515
0.12467887
0.19379779
0.19325735
0.24178459
0.46862903
0.57823159
0.65464847
0.59239963
0.63279689
0.65468807
0.86045190
0.56887716
0.54879427
0.43334728
0.32739514
0.28773379
0.33373649
0.26748116
0.25303438
0.27927321
0.23046451
0.21755327
0.22205639
0.18120611
0.14663638
0.17570956
0.25347662
0.22158824
0.40262623
0.53811842
0.53746894
0.55640794
0.56064608
0.73048260
0.68540039
0.63779514
0.49075234
0.44945881
0.31548827
0.27838088
0.23630927
0.23525447
0.22051212
0.23245651
0.24037112
0.19506241
0.21940944
0.15408253
0.12410187
0.16106917
0.22433589
0.20110573
0.32789052
0.58782344
0.49044581
0.52363442
0.60155313
0.51241557
0.53047620
0.49319533
0.47601360
0.32574986
0.26199465
0.22128530
0.21053174
0.20163339
0.18698106
0.17726196
0.17600082
0.15138543
0.13627732
0.11060546
0.10640719
0.12362885
0.17403045
0.15717152
0.29445049
0.66717841
0.53426839
0.53119546
0.52791255
0.51576163
0.55597208
0.51997985
0.39464212
0.37357717
0.29857909
0.30767411
0.34082375
0.33553658
0.34564120
0.27310711
0.15508943
0.12304653
0.16005242
0.08536657
0.08991819
0.12167941
0.17145402
0.23844052
0.38133949
0.82047239
0.77252557
0.69214465
0.61343642
0.57279459
0.55543951
0.66539759
0.45867738
0.27227042
0.32701975
0.29048949
0.27922224
0.23334506
0.22630730
0.25837856
0.17690847
0.24506218
0.17270517
0.13676887
0.09665103
0.11895660
0.16061519
0.19996047
0.36168863
0.53372907
0.73290213
0.41297521
0.54914424
0.40848967
0.46174452
0.48678269
0.44363040
0.39518298
0.31286904
0.35935318
0.39351574
0.34499283
0.26938461
0.40761377
0.17312927
0.21610905
0.17593099
0.16903856
0.14780754
0.10562706
0.00038500
0.46130162
0.23327162
0.46851610
0.58122686
0.63461901
0.56609990
0.49385617
0.51020839
0.59888170
0.47071976
0.48796048
0.40945390
0.39807888
0.28019152
0.24103945
0.38186323
0.24543258
0.23451532
0.20642072
0.17242950
0.15924196
0.15527823
0.11845361
0.24056954
0.22545801
0.27907057
0.56754661
0.56125335
0.64143738
0.82013339
0.49338355
0.54798253
0.62209931
0.51208012
0.50721701
0.48910891
0.42424976
0.41271019
0.34001279
0.32685377
0.28062584
0.25228992
0.29160280
0.21543693
0.22026094
0.18671704
0.17621901
0.23176558
0.27528630
0.26437048
0.40031816
0.62254562
0.63323968
0.65004487
0.73400849
0.59819030
0.63351660
0.47521555
0.46342046
0.38622424
0.32893275
0.32234159
0.31459802
0.29895218
0.29407640
0.24640144
0.23595019
0.20763223
0.16898859
0.14143554
0.12658569
0.18314755
0.20202041
0.25599661
0.29123345
0.54037850
0.52706254
0.54999552
0.55179662
0.59937299
0.55958840
0.51176247
0.42307945
0.36398232
0.31609869
0.26643065
0.23982877
0.19340737
0.20839775
0.21315769
0.18270773
0.14867710
0.12267536
0.10918193
0.08928526
0.12457495
0.17636456
0.20215246
0.33298712
0.53454896
0.64617046
0.67653212
0.48938320
0.40194280
0.54963817
0.43407513
0.43505194
0.43163239
0.33045697
0.30180977
0.35095135
0.25222889
0.24108719
0.24158904
0.28106847
0.20653249
0.15266377
0.13133578
0.10984385
0.25651510
0.31144604
0.28364021
0.44263013
0.64808248
0.79135191
0.41838463
0.44844360
0.43569111
0.43934930
0.32690630
0.44757470
0.46826344
0.36228989
0.35380510
0.35670000
0.35434203
0.30082348
0.25587632
0.26374253
0.24173329
0.18758225
0.16226426
0.14437668
0.23126005
0.45691165
0.32923099
0.39677838
0.62134846
0.53393148
0.53727702
0.45003655
0.57521396
0.43598100
0.48276158
0.39473822
0.42116139
0.36134287
0.40885592
0.49331055
0.49119490
0.49405314
0.34267475
0.34407880
0.21644906
0.19761267
0.15755551
0.12945228
0.26541576
0.41491693
0.43639954
0.51063830
0.66733457
0.68345679
0.73683039
0.57253268
0.42044698
0.52857016
0.41229829
0.49084086
0.42857287
0.34415904
0.36298584
0.29474601
0.48527989
0.41176306
0.41032163
0.36143655
0.33095721
0.27643233
0.29169429
0.30179469
0.29161724
0.27795319
0.24812718
0.16951171
0.24969039
0.38529963
0.38465626
0.37619416
0.57818710
0.72993619
0.67321645
0.61254001
0.64144585
0.58859873
0.57039581
0.47235450
0.37974110
0.35012918
0.27571095
0.28777674
0.26580798
0.27805056
0.28659804
0.26201892
0.25951360
0.24632461
0.20980855
0.17836461
0.24528956
0.34427629
0.30658647
0.43039128
0.54790134
0.64182106
0.81641031
0.67088858
0.61452807
0.61282217
0.57926829
0.48561581
0.40208246
0.37521299
0.30774015
0.27382793
0.24691038
0.22835389
0.23353519
0.21554857
0.22501508
0.20999313
0.15313252
0.11923100
0.16573202
0.23047417
0.23361948
0.28418865
0.55054873
0.72897105
0.53014661
0.67969180
0.56956630
0.55814125
0.50375775
0.38700615
0.36074457
0.26299224
0.26606070
0.24031736
0.22614419
0.20473812
0.17404382
0.17211119
0.18167654
0.16677282
0.10530563
0.08925024
0.16395456
0.18898973
0.21544124
0.44546646
0.51481068
0.49714178
0.60160605
0.40044812
0.38514613
0.45165011
0.41408243
0.42580942
0.34255651
0.32549987
0.18050388
0.55766770
0.36722254
0.46446347
0.32708754
0.27773027
0.28853364
0.22310563
0.15139434
0.13375374
0.15314109
0.24061466
0.30771192
0.39122885
0.56286680
0.57203888
0.58718635
0.34398953
0.40489062
0.44190000
0.28577949
0.37858356
