0.385493
0.647844
0.608204
0.604896
0.507939
0.39064
0.390634
0.40586
0.303528
0.371109
0.399495
0.399638
0.340238
0.506995
0.491002
0.405594
0.381937
0.361547
0.422736
0.315262
0.396138
0.284999
0.391612
0.381983
0.481538
0.5388
0.524608
0.376771
0.334656
0.258564
0.235276
0.251717
0.282446
0.296369
0.21881
0.204427
0.35286
0.322919
0.32792
0.393224
0.381116
0.495757
0.218063
0.28082
0.264537
0.305418
0.229651
0.316274
0.556979
0.511378
0.422724
0.397597
0.286824
0.21001
0.189078
0.198292
0.358712
0.336636
0.372489
0.54298
0.581461
0.518744
0.58043
0.565906
0.592869
0.479475
0.431303
0.390303
0.474157
0.419825
0.470256
0.5332
0.589404
0.633461
0.71573
0.590536
0.61035
0.493122
0.416802
0.440366
0.535684
0.411963
0.512026
0.565334
0.561459
0.622798
0.571511
0.619498
0.524926
0.423247
0.416518
0.493931
0.435432
0.441358
0.442815
0.711277
0.573739
0.595814
0.548209
0.493989
0.388769
0.367051
0.297955
0.398103
0.312598
0.467291
0.510512
0.559821
0.4768
0.498122
0.484363
0.454573
0.480186
0.442848
0.602733
0.347988
0.442405
0.403127
0.427547
0.406504
0.406689
0.374409
0.372001
0.234386
0.267984
0.319554
0.304028
0.331577
0.253612
0.22752
0.347804
0.383926
0.37227
0.373361
0.345594
0.378252
0.233766
0.278547
0.312212
0.37938
0.217007
0.215566
0.373234
0.362649
0.386317
0.507325
0.533337
0.333629
0.226071
0.296948
0.346638
0.381501
0.36098
0.482304
0.490711
0.331888
0.410311
0.469569
0.47517
0.421566
0.454057
0.405514
0.377066
0.372235
0.426578
0.502062
0.45955
0.461809
0.550013
0.560803
0.487394
0.500954
0.482141
0.374235
0.356583
0.380133
0.343965
0.359567
0.386145
0.404183
0.389301
0.416673
0.557762
0.559907
0.451352
0.413587
0.360968
0.354246
0.307305
0.363044
0.416372
0.395609
0.402488
0.501621
0.530659
0.489617
0.450306
0.509635
0.420728
0.408623
0.44231
0.474803
0.473679
0.494099
0.584285
0.649043
0.513751
0.48413
0.449676
0.422074
0.381365
0.408142
0.44996
0.429172
0.439644
0.561952
0.610605
0.513937
0.487625
0.444434
0.40001
0.408096
0.432894
0.483546
0.406058
0.380163
0.341399
0.458219
0.407785
0.408706
0.504342
0.489711
0.388962
0.262541
0.3127
0.392453
0.373011
0.374287
0.732753
0.586439
0.632326
0.472978
0.362885
0.465315
0.273876
0.209177
0.326736
0.327066
0.32213
0.404221
0.612073
0.572889
0.564265
0.524795
0.411205
0.430771
0.390522
0.287817
0.309666
0.333105
0.333596
0.317943
0.342923
0.366522
0.414507
0.417624
0.364583
0.397686
0.29374
0.412722
0.361367
0.289168
0.288931
0.338047
0.381809
0.378551
0.400646
0.529946
0.458189
0.326763
0.349367
0.292984
0.280303
0.291729
0.312216
0.270619
0.354363
0.380525
0.386358
0.345565
0.302543
0.196764
0.184713
0.219494
0.293712
0.226422
0.250046
0.352649
0.187087
0.216729
0.271635
0.538741
0.552583
0.294782
0.327363
0.233827
0.248777
0.25943
0.261702
0.291337
0.325241
0.292362
0.471211
0.590037
0.523468
0.502426
0.62033
0.470349
0.453
0.483588
0.537853
0.418231
0.451558
0.577833
0.675303
0.581239
0.667271
0.681454
0.531796
0.381212
0.359695
0.404919
0.371772
0.390932
0.315323
0.42411
0.371303
0.497322
0.488442
0.518377
0.492496
0.574356
0.274328
0.261255
0.295219
0.365922
0.269913
0.290766
0.516433
0.517729
0.408613
0.367565
0.248777
0.322807
0.134138
0.189509
0.233228
0.291722
0.255105
0.476675
0.679777
0.574572
0.571533
0.583635
0.529038
0.449292
0.539735
0.455564
0.445558
0.453242
0.462345
0.428175
0.520361
0.585202
0.668783
0.69189
0.702794
0.555487
0.499931
0.497786
0.572189
0.438859
0.523334
0.544841
0.537407
0.548352
0.616378
0.606984
0.553048
0.464982
0.401334
0.406712
0.434057
0.443898
0.401773
0.558332
0.462796
0.514372
0.580327
0.531021
0.469731
0.511785
0.267644
0.380982
0.400504
0.392928
0.346564
0.43598
0.470177
0.469339
0.3627
0.405688
0.375608
0.359829
0.331892
0.387555
0.406278
0.397861
0.477261
0.438721
0.376229
0.344824
0.378384
0.323238
0.320651
0.352081
0.42792
0.443312
0.314198
0.314268
0.299789
0.425826
0.388909
0.41197
0.448931
0.505683
0.345095
0.31938
0.28558
0.372797
0.344351
0.360737
0.385081
0.525277
0.488923
0.558156
0.453326
0.409641
0.40352
0.340866
0.324351
0.341486
0.403146
0.417501
0.483723
0.303924
0.28097
0.354857
0.35539
0.384909
0.414964
0.467119
0.395178
0.334369
0.327224
0.40603
0.456427
0.430133
0.529919
0.530886
0.366595
0.374562
0.431784
0.384865
0.309123
0.452018
0.324198
0.350324
0.366747
0.450376
0.486759
0.448744
0.541266
0.47181
0.488503
0.45909
0.45161
0.394917
0.334675
0.382856
0.393464
0.343968
0.325278
0.433731
0.388136
0.436363
0.500346
0.486636
0.459231
0.481384
0.502012
0.522339
0.549077
0.53455
0.583763
0.592276
0.533892
0.522254
0.438601
0.432487
0.390248
0.417538
0.455619
0.435422
0.462352
0.582779
0.622647
0.536861
0.50999
0.477621
0.443629
0.443253
0.447945
0.49078
0.419838
0.465106
0.374149
0.459183
0.400396
0.3922
0.425302
0.450413
0.32107
0.344657
0.308741
0.311927
0.366668
0.576118
0.548964
0.450493
0.466534
0.357803
0.347644
0.391463
0.340263
0.20635
0.267793
0.238079
0.324396
0.257186
0.474494
0.418246
0.460527
0.355535
0.429555
0.332174
0.270749
0.175857
0.216089
0.225467
0.197372
0.189129
0.274361
0.296356
0.165364
0.15569
0.281483
0.230938
0.237581
0.395198
0.341661
0.309383
0.301086
0.374211
0.460273
0.448039
0.427241
0.618914
0.527
0.424773
0.400597
0.378067
0.352037
0.383269
0.373331
0.368696
0.434324
0.43383
0.519767
0.501979
0.471366
0.390888
0.410214
0.453118
0.479279
0.486164
0.481261
0.507519
0.370644
0.400636
0.344679
0.357818
0.340038
0.256443
0.175685
0.191432
0.242517
0.216835
0.252995
0.247883
0.244689
0.247802
0.3811
0.364329
0.337839
0.374715
0.410377
0.260127
0.29706
0.320476
0.317927
0.299249
0.300511
0.308211
0.353883
0.296012
0.393976
0.38767
0.441214
0.303499
0.331985
0.380044
0.399554
0.461237
0.514047
0.653367
0.623109
0.516932
0.417803
0.518183
0.416075
0.45857
0.413502
0.414839
0.337609
0.354928
0.392271
0.470163
0.559857
0.471762
0.571536
0.416572
0.423706
0.567345
0.442734
0.553713
0.520239
0.545928
0.59382
0.659578
0.482508
0.549101
0.461779
0.417267
0.506967
0.540889
0.47324
0.478179
0.584014
0.356578
0.393702
0.443303
0.44621
0.572713
0.642228
0.631787
0.634809
0.598368
0.533864
0.51028
0.475356
0.412723
0.467635
0.388226
0.438713
0.492193
0.634541
0.530293
0.559799
0.470782
0.375695
0.357941
0.410407
0.44617
0.36452
0.499147
0.454901
0.569818
0.556074
0.577423
0.58014
0.530615
0.417571
0.42991
0.425398
0.406917
0.363341
0.424518
0.433488
0.444613
0.431069
0.483677
0.402862
0.382921
0.376335
0.363435
0.373729
0.382299
0.464984
0.409794
0.403391
0.389084
0.416463
0.35201
0.348081
0.364637
0.3703
0.456745
0.283041
0.28741
0.284275
0.385738
0.383545
0.401468
0.473332
0.485195
0.336959
0.298614
0.314619
0.328092
0.34893
0.377009
0.449051
0.506772
0.479834
0.525653
0.516956
0.45322
0.394721
0.338302
0.334496
0.342484
0.396303
0.457095
0.360522
0.302084
0.33532
0.433531
0.411016
0.428437
0.5066
0.530462
0.561503
0.343226
0.37689
0.363894
0.35957
0.424109
0.44879
0.433763
0.371462
0.390437
0.410279
0.340756
0.315368
0.248967
0.29145
0.310073
0.352819
0.335932
0.406333
0.480341
0.479897
0.405272
0.36184
0.309231
0.264802
0.20868
0.206581
0.274782
0.211649
0.241421
0.389601
0.483076
0.383062
0.433961
0.384263
0.586379
0.35992
0.459529
0.48982
0.508595
0.4418
0.44503
0.592956
0.534955
0.433397
0.476907
0.494961
0.365728
0.327817
0.389855
0.460695
0.442944
0.481563
0.656436
0.681225
0.670884
0.717553
0.54742
0.51526
0.535889
0.498332
0.430398
0.495205
0.50799
0.41091
0.553144
0.499649
0.456934
0.434451
0.372615
0.455137
0.296502
0.363372
0.360415
0.389574
0.376861
0.576786
0.506665
0.527765
0.33906
0.432084
0.357345
0.289927
0.17763
0.255053
0.246868
0.311114
0.32488
0.529972
0.533964
0.622361
0.452665
0.414065
0.369283
0.259213
0.233844
0.310084
0.304692
0.269444
0.414964
0.553132
0.541067
0.55731
0.559209
0.443781
0.277095
0.258355
0.30429
0.358952
0.238025
0.258959
0.467782
0.392858
0.384403
0.432519
0.474403
0.403785
0.264615
0.248928
0.287244
0.292317
0.214631
0.399778
0.253187
0.269874
0.388466
0.466857
0.455862
0.395893
0.263293
0.26777
0.266976
0.282938
0.297461
0.451337
0.260145
0.178902
0.279477
0.385738
0.369417
0.461509
0.514009
0.362086
0.30834
0.231485
0.384628
0.365908
0.427362
0.458926
0.547094
0.43462
0.457291
0.464004
0.487057
0.504047
0.475896
0.453633
0.482881
0.437297
0.49843
0.482341
0.587808
0.540281
0.561903
0.596635
0.622259
0.600167
0.439675
0.393645
0.364066
0.401234
0.335226
0.349809
0.375016
0.406508
0.357029
0.502782
0.534704
0.502553
0.469776
0.384534
0.34535
0.330797
0.277774
0.319204
0.3523
0.341018
0.357844
0.494585
0.436775
0.27664
0.386031
0.282217
0.325405
0.261802
0.346262
0.383914
0.369938
0.355912
0.450224
0.560879
0.572872
0.492177
0.526309
0.465265
0.326736
0.340236
0.470169
0.381117
0.59534
0.48621
0.698486
0.684323
0.56763
0.686961
0.655171
0.519782
0.535262
0.497622
0.498444
0.483018
0.540752
0.521798
0.534967
0.408305
0.4797
0.374147
0.427116
0.455761
0.500688
0.540437
0.382784
0.453257
0.51589
0.584644
0.55601
0.550583
0.605296
0.542898
0.374136
0.360793
0.370492
0.439802
0.365982
0.307007
0.323445
0.431657
0.427944
0.472621
0.512026
0.437099
0.484212
0.487967
0.38284
0.450333
0.426954
0.38524
0.42574
0.48608
0.397276
0.371071
0.388394
0.398826
0.290575
0.330563
0.339608
0.331651
0.269747
0.317261
0.456063
0.297907
0.257783
0.441055
0.412138
0.475499
0.270945
0.280594
0.382177
0.249661
0.237603
0.336965
0.381732
0.249314
0.246521
0.365374
0.31036
0.215222
0.384769
0.388106
0.41579
0.465478
0.514676
0.602206
0.435183
0.540871
0.56169
0.472858
0.408967
0.49255
0.489369
0.382349
0.371799
0.508212
0.502663
0.43715
0.602574
0.633863
0.576984
0.529418
0.535646
0.515491
0.46129
0.506173
0.356094
0.365126
0.422774
0.401626
0.420083
0.3992
0.472307
0.477014
0.355893
0.362385
0.399985
0.38785
0.354258
0.348563
0.39619
0.38811
0.348481
0.476056
0.295399
0.220785
0.251877
0.359555
0.398111
0.314971
0.467698
0.529922
0.353132
0.291678
0.33427
0.431545
0.403265
0.464787
0.38626
0.549336
0.418527
0.427812
0.428862
0.425909
0.305892
0.368835
0.432604
0.516432
0.443941
0.458916
0.461031
0.432655
0.430568
0.513866
0.577966
0.613085
0.506871
0.40856
0.433713
0.347814
0.377995
0.414405
0.511208
0.462207
0.502923
0.495309
0.449158
0.422532
0.5681
0.522279
0.395371
0.390862
0.347862
0.402392
0.37079
0.306635
0.349995
0.320681
0.25206
0.296574
0.310481
0.532131
0.411051
0.377048
0.391716
0.305333
0.235149
0.199726
0.15678
0.192016
0.203068
0.301155
0.342504
0.453473
0.31557
0.356093
0.272183
0.316727
0.289207
0.265744
0.417122
0.299857
0.232893
0.212891
0.372017
0.410852
0.407882
0.439722
0.501071
