13.56000000
8.33000000
11.78000000
15.28000000
10.06000000
7.44000000
8.11000000
10.72000000
11.83000000
9.61000000
10.22000000
10.72000000
10.28000000
13.72000000
7.39000000
2.61000000
7.33000000
8.50000000
10.56000000
13.78000000
7.78000000
7.72000000
10.11000000
9.56000000
14.94000000
25.89000000
10.17000000
6.39000000
12.89000000
9.06000000
11.67000000
7.94000000
8.17000000
24.72000000
9.06000000
14.89000000
8.28000000
7.83000000
12.28000000
14.94000000
14.39000000
7.50000000
11.50000000
10.00000000
8.83000000
11.33000000
11.17000000
9.83000000
7.67000000
14.89000000
7.28000000
11.83000000
13.72000000
21.33000000
21.61000000
14.61000000
15.28000000
10.33000000
7.61000000
8.89000000
10.72000000
9.06000000
14.00000000
14.56000000
8.06000000
4.89000000
7.72000000
9.11000000
6.89000000
9.11000000
8.33000000
5.33000000
6.11000000
4.06000000
7.06000000
5.83000000
8.67000000
5.94000000
3.39000000
5.50000000
9.11000000
12.83000000
6.11000000
5.67000000
6.17000000
2.44000000
4.00000000
6.72000000
1.44000000
9.00000000
1.06000000
6.61000000
4.61000000
3.28000000
1.83000000
3.17000000
5.17000000
2.56000000
4.17000000
0.67000000
0.61000000
2.72000000
2.39000000
5.67000000
0.83000000
1.61000000
4.39000000
3.67000000
1.89000000
0.83000000
1.72000000
4.44000000
5.50000000
4.17000000
2.22000000
10.11000000
1.72000000
1.39000000
6.11000000
7.94000000
5.67000000
5.67000000
4.44000000
6.06000000
2.17000000
5.61000000
6.44000000
8.00000000
10.33000000
14.28000000
14.06000000
11.61000000
12.94000000
12.39000000
16.78000000
8.67000000
21.72000000
10.67000000
12.28000000
16.17000000
25.61000000
25.78000000
9.44000000
8.83000000
11.72000000
12.17000000
14.33000000
12.11000000
13.67000000
9.17000000
15.06000000
19.56000000
18.00000000
14.17000000
8.33000000
15.72000000
12.83000000
21.22000000
17.39000000
16.11000000
18.83000000
16.89000000
18.61000000
12.78000000
13.33000000
20.17000000
21.56000000
11.78000000
12.78000000
12.17000000
7.78000000
6.56000000
13.06000000
15.06000000
11.72000000
6.50000000
12.72000000
9.56000000
13.78000000
12.33000000
9.22000000
10.39000000
5.06000000
5.72000000
10.56000000
12.72000000
18.33000000
8.78000000
9.61000000
13.33000000
7.00000000
9.61000000
11.78000000
3.06000000
13.33000000
14.28000000
14.33000000
6.89000000
11.22000000
8.17000000
8.28000000
15.11000000
13.06000000
12.39000000
13.28000000
6.06000000
17.61000000
13.22000000
10.11000000
8.83000000
12.89000000
4.61000000
15.28000000
6.56000000
9.61000000
13.67000000
8.78000000
11.78000000
9.94000000
11.33000000
12.44000000
12.61000000
10.78000000
10.28000000
14.17000000
13.72000000
12.67000000
14.17000000
15.39000000
13.44000000
10.33000000
12.06000000
11.17000000
14.00000000
11.78000000
13.61000000
7.44000000
9.78000000
11.67000000
8.56000000
7.50000000
12.22000000
12.44000000
7.89000000
17.72000000
13.94000000
11.94000000
13.39000000
8.94000000
14.33000000
14.67000000
11.17000000
18.50000000
5.56000000
10.11000000
10.72000000
8.44000000
10.17000000
9.83000000
11.50000000
9.89000000
11.78000000
9.17000000
6.72000000
8.11000000
8.06000000
3.78000000
7.11000000
6.78000000
6.50000000
6.56000000
4.78000000
3.72000000
3.78000000
10.67000000
5.67000000
13.33000000
9.44000000
10.22000000
8.00000000
7.78000000
5.11000000
3.83000000
2.94000000
6.56000000
3.72000000
5.56000000
4.78000000
5.11000000
5.11000000
9.44000000
3.39000000
5.83000000
1.39000000
3.22000000
1.61000000
5.17000000
1.61000000
1.78000000
0.67000000
2.06000000
3.89000000
2.61000000
3.50000000
4.33000000
1.22000000
1.94000000
2.44000000
2.28000000
2.72000000
2.94000000
3.22000000
0.72000000
0.56000000
4.78000000
1.61000000
1.72000000
2.72000000
2.22000000
1.83000000
5.83000000
8.17000000
10.67000000
3.17000000
7.56000000
6.11000000
6.44000000
4.11000000
2.17000000
5.06000000
12.00000000
11.83000000
13.56000000
4.56000000
7.00000000
8.00000000
12.33000000
12.44000000
13.06000000
6.28000000
11.50000000
11.33000000
8.39000000
12.78000000
11.28000000
8.89000000
8.33000000
17.61000000
10.83000000
12.22000000
12.67000000
7.50000000
13.00000000
10.78000000
12.22000000
18.50000000
13.72000000
12.06000000
9.44000000
7.72000000
8.72000000
11.94000000
5.50000000
7.39000000
17.28000000
12.06000000
7.50000000
6.22000000
7.17000000
7.94000000
13.61000000
10.56000000
7.22000000
12.67000000
10.72000000
11.83000000
10.11000000
8.33000000
16.72000000
10.44000000
11.39000000
8.50000000
8.22000000
10.44000000
9.67000000
7.56000000
6.17000000
10.39000000
7.67000000
9.39000000
12.17000000
15.50000000
5.06000000
6.06000000
6.17000000
6.44000000
9.50000000
13.39000000
8.89000000
9.44000000
8.00000000
11.11000000
10.28000000
6.50000000
6.72000000
14.28000000
1.17000000
8.44000000
12.33000000
12.06000000
12.28000000
8.06000000
9.44000000
12.28000000
6.72000000
9.33000000
12.17000000
8.83000000
6.72000000
11.33000000
3.89000000
8.56000000
16.06000000
8.83000000
6.78000000
10.33000000
13.89000000
9.72000000
4.17000000
4.00000000
6.22000000
8.33000000
9.28000000
10.28000000
4.39000000
6.06000000
5.06000000
13.94000000
9.17000000
5.72000000
5.50000000
4.50000000
5.67000000
11.11000000
8.44000000
11.17000000
5.72000000
7.67000000
5.00000000
5.94000000
4.83000000
4.83000000
7.39000000
5.72000000
4.56000000
2.17000000
7.11000000
4.17000000
4.44000000
1.67000000
4.06000000
4.06000000
6.33000000
6.06000000
2.44000000
5.61000000
3.44000000
8.72000000
3.22000000
2.00000000
4.67000000
6.94000000
4.11000000
5.06000000
8.67000000
6.89000000
5.11000000
1.44000000
4.33000000
1.94000000
0.83000000
0.78000000
2.61000000
4.44000000
0.67000000
0.94000000
3.11000000
3.78000000
2.89000000
4.61000000
3.44000000
3.67000000
1.22000000
4.06000000
0.89000000
3.50000000
1.06000000
3.72000000
3.00000000
3.78000000
2.94000000
3.06000000
2.17000000
7.28000000
7.11000000
5.61000000
4.61000000
6.39000000
10.06000000
11.78000000
7.06000000
5.11000000
7.11000000
10.28000000
7.89000000
11.61000000
9.44000000
7.61000000
3.22000000
7.33000000
13.67000000
10.17000000
10.17000000
13.17000000
11.50000000
11.11000000
6.17000000
7.17000000
13.78000000
9.17000000
7.83000000
9.67000000
10.72000000
13.17000000
9.22000000
8.00000000
9.67000000
3.67000000
7.00000000
7.06000000
12.06000000
8.78000000
11.33000000
13.89000000
6.00000000
7.11000000
5.17000000
9.00000000
11.11000000
6.94000000
9.72000000
6.00000000
9.06000000
7.39000000
6.00000000
9.89000000
4.78000000
10.56000000
8.33000000
15.28000000
11.50000000
6.94000000
6.11000000
6.22000000
7.28000000
7.44000000
10.94000000
5.39000000
7.33000000
9.11000000
8.78000000
2.22000000
3.22000000
6.56000000
6.72000000
2.33000000
10.72000000
4.67000000
9.44000000
6.28000000
6.50000000
5.00000000
10.06000000
9.50000000
9.00000000
6.22000000
7.00000000
15.00000000
7.28000000
5.17000000
4.17000000
10.78000000
14.33000000
4.17000000
8.28000000
5.56000000
10.72000000
5.06000000
3.33000000
3.78000000
6.22000000
7.83000000
11.83000000
6.00000000
6.83000000
5.89000000
9.67000000
8.11000000
7.78000000
5.06000000
10.83000000
6.39000000
4.83000000
2.61000000
2.44000000
3.39000000
3.56000000
4.56000000
6.67000000
1.78000000
8.61000000
2.00000000
10.89000000
3.83000000
6.50000000
3.78000000
3.83000000
5.11000000
3.56000000
2.28000000
5.22000000
4.22000000
1.72000000
2.89000000
7.00000000
2.94000000
6.67000000
3.00000000
1.11000000
4.83000000
3.56000000
10.06000000
5.11000000
9.94000000
3.56000000
5.50000000
6.61000000
6.78000000
11.11000000
7.56000000
15.00000000
8.72000000
11.56000000
10.39000000
14.11000000
8.39000000
9.11000000
2.50000000
9.17000000
7.11000000
12.83000000
5.94000000
6.67000000
5.00000000
8.67000000
8.94000000
10.44000000
10.50000000
12.28000000
15.22000000
7.17000000
8.11000000
11.56000000
4.83000000
12.28000000
10.67000000
9.94000000
10.22000000
8.28000000
4.28000000
6.06000000
9.22000000
9.50000000
10.89000000
8.17000000
9.50000000
6.33000000
8.11000000
6.50000000
6.17000000
13.06000000
9.33000000
10.72000000
9.56000000
6.83000000
9.56000000
6.33000000
7.28000000
7.22000000
6.72000000
11.28000000
11.78000000
5.56000000
5.06000000
6.56000000
5.22000000
6.67000000
4.00000000
4.56000000
10.94000000
12.44000000
6.33000000
8.89000000
13.56000000
6.94000000
9.17000000
6.28000000
5.72000000
4.67000000
5.11000000
3.56000000
9.50000000
2.83000000
5.89000000
2.72000000
1.56000000
4.61000000
3.44000000
6.06000000
4.22000000
7.06000000
3.00000000
5.06000000
6.28000000
1.89000000
2.67000000
2.33000000
4.50000000
4.17000000
1.78000000
1.67000000
2.89000000
2.61000000
4.44000000
0.83000000
2.72000000
3.06000000
1.94000000
0.61000000
0.83000000
3.56000000
2.44000000
6.83000000
15.11000000
6.61000000
12.06000000
7.33000000
5.83000000
12.06000000
8.44000000
5.94000000
8.17000000
7.61000000
8.83000000
6.22000000
5.17000000
10.78000000
10.89000000
7.89000000
6.78000000
4.83000000
8.50000000
9.11000000
10.56000000
3.89000000
16.94000000
10.89000000
6.28000000
10.50000000
6.56000000
10.67000000
13.06000000
10.06000000
10.50000000
6.17000000
6.89000000
9.33000000
3.94000000
11.00000000
11.67000000
6.22000000
11.00000000
8.11000000
8.33000000
9.06000000
3.67000000
6.44000000
7.28000000
5.39000000
7.72000000
5.00000000
1.50000000
10.78000000
5.50000000
4.06000000
11.06000000
2.56000000
7.78000000
11.28000000
5.28000000
11.11000000
7.28000000
10.44000000
5.06000000
9.28000000
8.39000000
9.50000000
5.11000000
8.67000000
7.22000000
6.67000000
6.22000000
7.00000000
11.22000000
6.89000000
9.06000000
6.61000000
12.89000000
6.94000000
11.94000000
12.17000000
8.72000000
12.11000000
10.39000000
5.11000000
5.33000000
8.72000000
10.67000000
6.17000000
4.06000000
7.28000000
3.22000000
7.94000000
4.44000000
5.83000000
4.83000000
6.39000000
10.33000000
4.56000000
3.06000000
6.06000000
3.28000000
1.67000000
5.56000000
1.33000000
2.56000000
6.50000000
0.89000000
13.17000000
4.83000000
3.94000000
3.78000000
2.44000000
6.00000000
6.89000000
2.33000000
4.17000000
0.56000000
12.89000000
5.22000000
3.33000000
0.78000000
2.56000000
0.94000000
2.17000000
2.06000000
3.44000000
5.06000000
0.67000000
0.67000000
3.06000000
2.61000000
3.06000000
2.11000000
1.61000000
0.94000000
0.72000000
5.11000000
0.78000000
0.72000000
2.67000000
1.06000000
6.06000000
2.56000000
8.94000000
5.61000000
11.89000000
14.67000000
12.94000000
12.83000000
14.22000000
13.00000000
8.11000000
17.78000000
14.11000000
11.22000000
10.67000000
6.83000000
14.39000000
6.83000000
15.94000000
10.22000000
14.78000000
10.33000000
3.67000000
6.83000000
6.50000000
3.44000000
3.22000000
11.28000000
7.28000000
7.44000000
8.50000000
9.28000000
9.78000000
9.61000000
7.61000000
11.11000000
8.83000000
10.94000000
9.78000000
8.44000000
7.00000000
10.94000000
12.94000000
6.78000000
10.61000000
11.28000000
10.61000000
7.17000000
12.50000000
8.50000000
9.06000000
9.50000000
11.11000000
3.28000000
5.94000000
12.06000000
7.06000000
9.83000000
8.17000000
4.50000000
8.11000000
10.78000000
8.61000000
8.67000000
9.00000000
14.72000000
6.17000000
3.50000000
10.17000000
11.67000000
8.67000000
13.44000000
8.89000000
9.83000000
8.94000000
4.17000000
8.67000000
4.00000000
9.78000000
9.61000000
9.83000000
5.56000000
9.94000000
12.89000000
6.33000000
4.72000000
9.06000000
11.56000000
10.00000000
4.61000000
6.67000000
17.22000000
11.44000000
8.56000000
9.17000000
6.72000000
9.78000000
9.28000000
9.28000000
11.72000000
10.33000000
8.89000000
10.78000000
7.61000000
10.28000000
6.61000000
3.78000000
10.78000000
2.83000000
5.28000000
8.44000000
6.50000000
7.44000000
13.44000000
6.39000000
7.28000000
7.17000000
4.78000000
3.00000000
3.89000000
3.06000000
3.56000000
4.94000000
6.33000000
4.72000000
8.56000000
6.17000000
3.89000000
4.67000000
1.33000000
6.44000000
6.44000000
5.39000000
10.22000000
4.67000000
1.28000000
4.67000000
4.89000000
1.67000000
3.17000000
2.00000000
2.56000000
3.28000000
5.22000000
5.39000000
4.78000000
7.11000000
1.67000000
2.17000000
2.22000000
0.89000000
2.72000000
5.17000000
0.78000000
3.00000000
2.39000000
0.94000000
3.33000000
2.50000000
3.78000000
0.22000000
3.11000000
0.72000000
1.00000000
4.67000000
0.72000000
3.89000000
1.56000000
2.22000000
2.44000000
1.50000000
8.94000000
3.56000000
8.28000000
8.17000000
4.22000000
7.94000000
6.28000000
3.00000000
8.56000000
5.06000000
5.06000000
9.56000000
6.44000000
4.61000000
13.94000000
13.06000000
7.50000000
10.72000000
8.11000000
7.22000000
6.61000000
7.94000000
11.11000000
13.78000000
9.44000000
9.28000000
9.33000000
11.28000000
12.28000000
15.28000000
3.56000000
8.11000000
9.28000000
10.28000000
9.06000000
11.39000000
8.06000000
12.78000000
13.44000000
8.00000000
11.56000000
6.94000000
4.28000000
8.06000000
10.61000000
7.06000000
8.39000000
10.11000000
4.50000000
4.72000000
13.89000000
5.06000000
15.06000000
9.22000000
10.11000000
11.89000000
7.22000000
4.67000000
11.94000000
6.56000000
5.44000000
7.72000000
2.72000000
7.50000000
12.72000000
4.78000000
10.22000000
9.17000000
7.89000000
17.11000000
17.06000000
10.33000000
10.50000000
10.67000000
11.00000000
9.33000000
11.28000000
5.50000000
11.94000000
9.67000000
10.83000000
10.67000000
2.56000000
8.50000000
11.00000000
11.72000000
11.06000000
4.83000000
10.83000000
6.56000000
4.89000000
8.78000000
2.94000000
4.33000000
9.50000000
16.94000000
10.89000000
8.17000000
4.11000000
9.94000000
7.33000000
11.00000000
7.22000000
6.00000000
8.39000000
7.67000000
10.56000000
5.94000000
6.33000000
6.72000000
12.28000000
7.00000000
9.28000000
8.00000000
4.67000000
10.00000000
9.61000000
10.28000000
8.50000000
7.89000000
10.06000000
11.89000000
7.94000000
12.72000000
11.56000000
8.11000000
10.72000000
4.11000000
6.39000000
8.94000000
9.56000000
10.06000000
11.44000000
5.56000000
4.44000000
6.06000000
13.50000000
3.89000000
7.94000000
7.94000000
7.56000000
4.22000000
6.94000000
5.89000000
3.67000000
8.33000000
5.83000000
5.33000000
6.78000000
6.33000000
7.11000000
0.89000000
5.17000000
1.50000000
5.44000000
3.39000000
6.94000000
5.44000000
5.78000000
2.61000000
2.56000000
4.61000000
5.72000000
5.56000000
5.94000000
5.28000000
3.94000000
2.89000000
5.06000000
3.17000000
6.78000000
1.78000000
5.50000000
2.94000000
6.50000000
1.00000000
3.11000000
0.78000000
5.56000000
2.22000000
3.44000000
1.83000000
0.56000000
3.78000000
0.72000000
3.39000000
1.78000000
4.22000000
1.44000000
1.06000000
1.00000000
0.89000000
1.39000000
0.67000000
4.67000000
1.56000000
1.78000000
2.28000000
0.67000000
2.28000000
1.72000000
6.94000000
0.67000000
1.50000000
3.61000000
1.89000000
2.72000000
1.33000000
0.83000000
1.78000000
0.78000000
6.83000000
1.72000000
2.11000000
2.78000000
0.56000000
1.67000000
4.28000000
5.67000000
5.78000000
5.33000000
6.33000000
2.11000000
3.06000000
7.33000000
4.89000000
3.33000000
9.44000000
3.22000000
7.00000000
2.28000000
7.39000000
9.00000000
6.44000000
4.22000000
3.00000000
8.72000000
3.28000000
6.00000000
6.78000000
6.28000000
7.83000000
5.94000000
9.39000000
6.83000000
5.56000000
8.67000000
5.83000000
6.11000000
5.61000000
11.33000000
5.00000000
8.72000000
4.44000000
7.44000000
8.17000000
6.28000000
4.33000000
7.94000000
10.83000000
8.94000000
5.44000000
12.83000000
15.17000000
7.56000000
8.06000000
8.33000000
8.06000000
5.22000000
10.44000000
7.22000000
5.39000000
5.56000000
5.28000000
5.78000000
5.78000000
6.94000000
3.89000000
4.89000000
4.28000000
7.33000000
7.00000000
9.06000000
8.94000000
5.33000000
9.56000000
4.17000000
4.78000000
9.72000000
8.89000000
3.89000000
8.17000000
12.33000000
8.00000000
6.33000000
2.72000000
7.56000000
7.83000000
7.94000000
8.44000000
9.44000000
2.78000000
3.94000000
8.17000000
2.17000000
5.61000000
5.06000000
5.28000000
10.83000000
9.94000000
9.50000000
11.78000000
3.39000000
3.17000000
6.44000000
4.00000000
5.72000000
5.83000000
6.61000000
9.33000000
10.06000000
7.39000000
7.78000000
5.94000000
2.44000000
9.39000000
5.00000000
6.00000000
5.50000000
5.78000000
5.72000000
5.61000000
3.17000000
2.94000000
6.11000000
5.17000000
5.17000000
3.44000000
5.44000000
2.11000000
4.56000000
4.06000000
3.50000000
3.33000000
3.22000000
3.50000000
1.39000000
3.17000000
4.72000000
3.33000000
4.50000000
2.50000000
3.28000000
5.11000000
4.28000000
3.83000000
3.44000000
6.33000000
1.67000000
5.44000000
2.61000000
3.83000000
3.44000000
3.33000000
4.56000000
0.67000000
4.33000000
2.50000000
1.94000000
4.06000000
5.17000000
2.00000000
1.78000000
3.06000000
0.67000000
1.56000000
4.39000000
4.17000000
1.67000000
1.39000000
3.61000000
0.83000000
2.56000000
1.50000000
0.89000000
0.78000000
0.83000000
1.00000000
0.83000000
0.78000000
2.00000000
1.61000000
0.78000000
2.50000000
0.06000000
1.89000000
2.67000000
3.83000000
1.56000000
1.89000000
1.61000000
1.17000000
0.72000000
3.56000000
1.72000000
2.44000000
0.89000000
3.39000000
1.44000000
2.28000000
1.61000000
6.11000000
4.28000000
3.67000000
3.89000000
2.39000000
3.11000000
1.56000000
5.72000000
3.78000000
3.06000000
4.17000000
4.83000000
5.00000000
6.44000000
4.50000000
4.67000000
3.67000000
7.67000000
6.33000000
6.78000000
2.28000000
2.83000000
5.94000000
5.00000000
3.94000000
5.50000000
4.00000000
8.22000000
6.61000000
6.89000000
4.94000000
8.78000000
2.94000000
4.50000000
11.06000000
7.83000000
7.72000000
4.06000000
10.44000000
0.83000000
14.22000000
7.39000000
6.39000000
9.39000000
6.50000000
7.89000000
8.22000000
9.67000000
9.22000000
6.83000000
9.61000000
4.56000000
9.11000000
6.89000000
6.56000000
8.61000000
5.39000000
8.39000000
4.28000000
7.83000000
5.44000000
4.67000000
6.06000000
5.11000000
6.06000000
8.33000000
5.28000000
8.39000000
10.17000000
3.00000000
8.39000000
6.39000000
10.17000000
6.56000000
9.11000000
9.89000000
5.89000000
4.44000000
7.00000000
6.83000000
4.06000000
6.39000000
8.94000000
9.33000000
10.33000000
5.44000000
3.06000000
6.06000000
9.72000000
9.17000000
8.39000000
6.67000000
3.67000000
9.67000000
7.33000000
4.94000000
5.33000000
9.17000000
2.78000000
4.28000000
10.39000000
2.39000000
11.17000000
6.67000000
6.28000000
5.94000000
5.83000000
6.00000000
8.33000000
5.39000000
10.17000000
6.67000000
5.78000000
9.72000000
1.67000000
7.78000000
6.83000000
2.00000000
3.83000000
4.83000000
4.56000000
4.44000000
6.61000000
6.89000000
5.89000000
7.00000000
7.94000000
4.72000000
3.22000000
3.00000000
2.44000000
1.89000000
3.67000000
7.61000000
2.22000000
3.39000000
3.33000000
2.33000000
0.83000000
4.28000000
6.28000000
4.11000000
2.50000000
2.94000000
2.39000000
0.89000000
1.89000000
0.94000000
0.61000000
2.33000000
1.83000000
1.44000000
4.61000000
1.22000000
1.78000000
0.89000000
0.94000000
2.11000000
1.61000000
1.67000000
1.78000000
1.72000000
3.61000000
1.50000000
5.22000000
2.72000000
3.78000000
0.78000000
1.50000000
0.89000000
0.83000000
0.89000000
0.94000000
2.44000000
2.56000000
2.50000000
1.39000000
3.39000000
4.00000000
1.94000000
4.33000000
3.56000000
2.28000000
6.11000000
4.72000000
2.39000000
5.22000000
3.67000000
3.11000000
8.00000000
6.06000000
8.61000000
4.06000000
10.39000000
13.39000000
4.89000000
6.83000000
8.39000000
7.50000000
11.17000000
12.67000000
14.00000000
9.22000000
6.78000000
11.94000000
10.67000000
8.94000000
10.94000000
12.61000000
6.00000000
10.28000000
6.28000000
11.67000000
10.50000000
20.72000000
18.61000000
9.72000000
12.11000000
6.50000000
10.78000000
15.39000000
11.94000000
3.56000000
3.94000000
5.78000000
10.17000000
12.39000000
9.94000000
8.67000000
14.28000000
5.50000000
11.78000000
8.11000000
13.11000000
5.67000000
9.67000000
8.39000000
5.56000000
6.72000000
9.22000000
7.06000000
10.33000000
6.22000000
11.28000000
6.67000000
10.56000000
6.11000000
8.78000000
16.28000000
13.89000000
4.33000000
8.17000000
5.44000000
6.00000000
1.89000000
13.44000000
10.39000000
8.39000000
14.39000000
8.39000000
7.72000000
7.44000000
8.28000000
8.22000000
5.22000000
11.00000000
6.28000000
8.67000000
7.83000000
9.89000000
10.33000000
8.11000000
3.89000000
7.00000000
1.50000000
4.78000000
11.28000000
5.78000000
10.83000000
12.00000000
12.22000000
7.94000000
9.11000000
9.67000000
6.89000000
5.17000000
17.33000000
2.67000000
8.39000000
9.89000000
5.50000000
8.17000000
8.94000000
8.28000000
13.28000000
12.56000000
13.61000000
4.22000000
8.83000000
6.39000000
7.94000000
11.06000000
3.83000000
7.89000000
9.00000000
7.50000000
14.33000000
11.50000000
7.78000000
11.56000000
8.56000000
9.17000000
6.11000000
4.89000000
7.22000000
4.83000000
8.61000000
12.28000000
7.22000000
6.56000000
2.78000000
5.33000000
8.39000000
7.83000000
10.94000000
2.72000000
9.67000000
7.94000000
9.22000000
3.44000000
4.83000000
6.83000000
7.94000000
8.83000000
8.83000000
6.56000000
7.17000000
2.50000000
8.94000000
7.56000000
9.44000000
5.61000000
2.28000000
9.78000000
5.11000000
3.67000000
3.33000000
5.50000000
3.50000000
5.56000000
2.17000000
1.61000000
3.28000000
6.50000000
5.28000000
2.33000000
1.67000000
8.89000000
6.28000000
1.72000000
0.83000000
6.61000000
0.83000000
1.00000000
0.94000000
3.00000000
3.50000000
2.39000000
2.39000000
1.56000000
1.44000000
2.83000000
0.67000000
1.00000000
1.61000000
0.78000000
1.00000000
0.61000000
2.83000000
1.61000000
0.78000000
3.61000000
1.67000000
2.78000000
0.56000000
1.00000000
0.67000000
1.56000000
0.61000000
3.50000000
2.83000000
0.78000000
4.28000000
0.83000000
0.72000000
5.06000000
2.72000000
3.06000000
4.61000000
5.33000000
4.56000000
4.56000000
0.72000000
5.67000000
4.17000000
5.28000000
9.56000000
1.33000000
6.39000000
3.72000000
12.28000000
10.33000000
13.83000000
8.78000000
7.56000000
9.33000000
10.78000000
9.83000000
7.28000000
10.17000000
7.61000000
12.11000000
14.17000000
10.28000000
11.89000000
9.17000000
7.33000000
11.50000000
11.39000000
7.89000000
7.67000000
9.06000000
9.67000000
9.78000000
11.83000000
12.44000000
8.28000000
12.61000000
8.17000000
5.22000000
12.06000000
14.61000000
15.00000000
8.72000000
7.06000000
10.22000000
8.11000000
11.44000000
15.50000000
7.44000000
2.94000000
12.17000000
14.56000000
2.94000000
7.94000000
7.44000000
5.00000000
6.89000000
8.94000000
8.83000000
11.72000000
11.83000000
6.94000000
6.78000000
6.83000000
11.56000000
11.56000000
12.11000000
9.00000000
6.94000000
10.00000000
5.39000000
8.89000000
5.94000000
10.50000000
5.83000000
11.67000000
4.22000000
7.56000000
6.83000000
4.50000000
13.28000000
7.06000000
3.67000000
13.56000000
9.67000000
5.44000000
5.33000000
7.39000000
9.50000000
6.39000000
14.11000000
6.83000000
7.94000000
12.61000000
8.78000000
10.33000000
8.06000000
6.56000000
7.33000000
9.83000000
8.17000000
4.89000000
9.28000000
12.17000000
7.06000000
5.83000000
9.11000000
7.00000000
12.78000000
7.39000000
6.06000000
7.72000000
10.83000000
11.17000000
11.39000000
8.33000000
11.56000000
5.33000000
7.89000000
11.06000000
8.00000000
8.11000000
8.83000000
7.67000000
9.94000000
7.72000000
5.94000000
9.44000000
4.06000000
7.94000000
10.78000000
9.67000000
8.50000000
7.39000000
9.72000000
6.94000000
8.22000000
6.44000000
11.22000000
4.89000000
6.56000000
11.39000000
7.50000000
11.67000000
13.00000000
9.33000000
7.83000000
6.61000000
3.06000000
4.06000000
10.56000000
9.44000000
12.56000000
4.94000000
5.33000000
4.67000000
6.56000000
7.83000000
4.61000000
2.83000000
3.50000000
8.67000000
1.83000000
1.17000000
3.67000000
5.17000000
7.06000000
6.67000000
5.72000000
2.44000000
7.00000000
7.17000000
4.06000000
8.61000000
3.17000000
4.17000000
5.94000000
1.50000000
7.50000000
5.50000000
1.56000000
7.39000000
2.33000000
2.22000000
2.89000000
4.94000000
11.94000000
4.50000000
6.17000000
1.89000000
5.67000000
7.06000000
3.11000000
0.72000000
3.61000000
2.39000000
3.28000000
1.56000000
2.28000000
4.39000000
1.00000000
2.28000000
0.44000000
2.28000000
7.28000000
0.83000000
1.44000000
0.78000000
0.72000000
2.78000000
4.28000000
3.72000000
0.78000000
0.83000000
1.06000000
0.83000000
0.94000000
2.67000000
3.44000000
1.67000000
1.89000000
1.94000000
0.78000000
2.17000000
1.33000000
3.94000000
2.39000000
2.33000000
3.67000000
3.06000000
2.28000000
2.94000000
3.33000000
4.72000000
3.44000000
3.33000000
4.06000000
1.83000000
4.33000000
4.67000000
5.89000000
1.61000000
4.39000000
5.11000000
8.72000000
9.94000000
4.78000000
10.67000000
9.11000000
3.83000000
8.28000000
14.17000000
11.61000000
5.39000000
7.11000000
13.50000000
9.67000000
6.06000000
9.56000000
7.44000000
10.44000000
15.61000000
11.89000000
4.61000000
8.56000000
7.94000000
11.22000000
13.61000000
7.67000000
10.33000000
11.94000000
16.44000000
32.17000000
26.00000000
38.83000000
12.78000000
38.28000000
33.50000000
22.50000000
27.17000000
29.94000000
27.83000000
7.78000000
12.83000000
15.28000000
9.11000000
9.22000000
9.83000000
8.44000000
11.50000000
8.00000000
12.89000000
4.56000000
15.83000000
9.61000000
10.17000000
12.22000000
9.61000000
9.00000000
6.67000000
3.94000000
16.33000000
10.00000000
8.67000000
11.06000000
5.44000000
6.61000000
3.44000000
7.44000000
13.67000000
5.56000000
11.11000000
8.11000000
15.72000000
8.61000000
12.67000000
13.06000000
10.39000000
7.50000000
4.11000000
5.50000000
11.56000000
3.83000000
8.22000000
6.50000000
4.33000000
7.72000000
14.00000000
5.11000000
8.56000000
6.39000000
4.00000000
2.56000000
8.89000000
6.11000000
6.67000000
10.00000000
8.56000000
5.22000000
13.22000000
8.94000000
14.33000000
7.56000000
14.67000000
5.61000000
11.44000000
9.44000000
6.11000000
8.22000000
10.17000000
8.83000000
6.61000000
6.00000000
6.83000000
10.78000000
12.44000000
9.83000000
5.89000000
5.78000000
12.39000000
9.11000000
15.11000000
16.00000000
6.72000000
11.06000000
8.78000000
12.56000000
14.78000000
2.78000000
6.17000000
8.89000000
9.83000000
8.67000000
6.78000000
5.11000000
11.33000000
8.33000000
5.83000000
6.11000000
5.67000000
19.00000000
11.89000000
5.39000000
5.17000000
10.78000000
9.50000000
11.28000000
8.44000000
10.94000000
5.44000000
7.44000000
7.00000000
8.17000000
11.94000000
11.06000000
8.56000000
9.00000000
6.78000000
5.11000000
8.17000000
3.94000000
4.67000000
8.72000000
4.44000000
4.72000000
5.56000000
7.50000000
6.56000000
5.72000000
0.78000000
4.44000000
6.44000000
4.06000000
4.78000000
5.72000000
7.61000000
4.33000000
7.11000000
3.11000000
3.22000000
4.44000000
2.50000000
7.00000000
2.39000000
1.56000000
1.72000000
2.11000000
1.83000000
2.61000000
5.61000000
6.67000000
0.72000000
0.72000000
4.89000000
3.06000000
1.67000000
1.50000000
3.33000000
4.11000000
2.61000000
5.11000000
0.72000000
2.67000000
1.72000000
2.11000000
0.72000000
1.39000000
0.67000000
4.33000000
2.44000000
2.89000000
2.17000000
2.94000000
0.78000000
1.56000000
1.28000000
1.67000000
2.22000000
2.56000000
4.28000000
1.17000000
0.89000000
0.94000000
0.89000000
0.67000000
0.78000000
3.83000000
1.22000000
1.00000000
0.67000000
0.78000000
3.17000000
0.67000000
1.56000000
0.72000000
1.56000000
4.94000000
0.61000000
1.33000000
2.06000000
1.39000000
2.72000000
3.39000000
2.33000000
0.00000000
4.33000000
4.33000000
3.56000000
4.11000000
4.72000000
2.33000000
4.72000000
2.72000000
3.61000000
6.39000000
5.33000000
8.39000000
2.39000000
3.28000000
8.06000000
7.22000000
5.67000000
11.39000000
8.06000000
4.22000000
2.89000000
5.39000000
7.00000000
8.94000000
13.06000000
13.00000000
13.17000000
5.94000000
9.00000000
11.06000000
8.89000000
17.39000000
14.11000000
9.83000000
7.78000000
14.56000000
19.00000000
43.06000000
36.33000000
14.17000000
26.61000000
22.11000000
15.22000000
20.56000000
17.06000000
6.50000000
13.56000000
7.06000000
13.11000000
10.67000000
11.61000000
12.33000000
7.72000000
9.33000000
10.56000000
10.44000000
13.06000000
5.17000000
9.67000000
4.00000000
10.72000000
8.61000000
6.94000000
15.50000000
7.11000000
8.22000000
9.83000000
6.89000000
10.11000000
10.39000000
9.61000000
12.67000000
12.17000000
9.28000000
12.44000000
7.67000000
9.44000000
10.94000000
4.94000000
7.78000000
5.44000000
10.00000000
5.56000000
9.56000000
8.78000000
5.11000000
3.78000000
5.67000000
9.22000000
4.11000000
10.28000000
14.28000000
5.56000000
11.78000000
10.39000000
8.56000000
4.33000000
6.39000000
12.44000000
7.33000000
6.50000000
7.11000000
16.94000000
11.78000000
11.06000000
10.89000000
5.22000000
2.56000000
10.61000000
3.78000000
15.33000000
13.17000000
10.61000000
6.22000000
14.94000000
13.22000000
12.11000000
7.83000000
10.94000000
6.94000000
10.00000000
0.61000000
10.50000000
6.78000000
9.33000000
8.28000000
10.78000000
5.67000000
7.17000000
7.17000000
7.33000000
7.11000000
6.28000000
4.39000000
8.72000000
9.94000000
12.72000000
10.00000000
9.39000000
8.06000000
