-23.216
-22.2701
-24.2998
-21.7502
-21.2937
-25.1976
-29.9333
-30.5486
-31.4252
-35.3427
-34.8533
-34.6068
-37.0324
-32.819
-33.2945
-35.0576
-36.9313
-32.1846
-35.2995
-32.5288
-29.5015
-24.0188
-22.3358
-26.1439
-26.6569
-26.4799
-28.8987
-23.9672
-20.6009
-22.4705
-16.8743
-22.5963
-20.1951
-23.9462
-20.8771
-20.6096
-16.1229
-15.6161
-15.5228
-16.2099
-15.3644
-14.6993
-13.0989
-10.7981
-5.39435
-8.85874
-0.666007
3.07572
0.859263
1.28414
-1.12017
0.244299
5.69887
10.9528
17.7951
11.1373
11.7521
12.693
9.23743
10.583
11.1432
5.97735
10.1889
12.9069
4.41237
-0.632154
-3.45681
-3.50674
-3.01599
-6.08314
-0.675844
-3.80784
-4.60158
1.08984
-1.73039
-1.95879
-4.12716
4.03392
-1.84517
1.80621
4.27791
-4.83002
1.50206
-6.58228
-9.72389
-11.9153
-10.3626
-10.5408
-13.8502
-16.1861
-22.4623
-23.5102
-20.2088
-22.3023
-23.6665
-24.5513
-20.7092
-23.431
-19.7747
-23.361
-24.1288
-23.9149
-21.3685
-19.2782
-23.7952
-25.7366
-19.4168
-23.8437
-25.915
-26.6708
-30.8361
-28.9101
-30.1746
-28.3996
-29.1885
-30.5048
-32.8058
-30.5528
-32.6594
-28.5376
-30.2567
-29.8195
-27.665
-28.3466
-28.4863
-25.0859
-24.8891
-20.2581
-22.3114
-22.1329
-17.6501
-20.4705
-18.5952
-16.06
-23.199
-18.5967
-20.2987
-22.1345
-21.8901
-21.5765
-21.5093
-18.993
-20.4543
-18.5127
-19.5045
-18.6861
-18.4004
-13.7787
-16.0048
-12.7965
-13.5578
-10.1581
-14.4724
-10.0233
-16.4737
-13.4602
-11.8296
-10.6049
-11.9426
-10.1214
-13.3779
-10.7238
-12.6682
-15.1733
-16.5786
-14.2031
-16.9223
-18.5971
-16.5282
-15.3072
-16.6102
-17.6644
-18.2024
-19.039
-21.7624
-22.6283
-20.0377
-23.3348
-23.2247
-23.1022
-26.6516
-29.939
-26.1539
-26.4327
-26.9909
-19.1413
-21.928
-23.4365
-21.3257
-23.2116
-21.6495
-19.8254
-21.1828
-15.9866
-23.0027
-18.2421
-22.2973
-24.395
-22.7194
-22.8598
-23.4626
-22.1305
-24.4293
-24.9326
-28.9478
-28.9091
-25.8391
-30.1715
-29.4909
-27.2064
-28.8506
-26.7149
-25.9242
-29.0589
-24.8815
-21.628
-21.0065
-15.1535
-17.7073
-13.625
-16.3868
-17.039
-15.907
-18.1474
-16.8537
-12.2718
-17.198
-15.2923
-17.5742
-19.0713
-20.6795
-15.558
-18.9876
-15.0845
-18.4169
-14.5137
-19.3813
-15.4895
-17.4388
-15.6848
-16.0871
2.63874
-2.41654
6.07325
3.40587
4.27468
2.24869
4.00276
3.1875
7.34225
-1.53627
6.44579
-1.41681
-3.16984
-2.17369
-6.15002
-13.2103
-6.87588
-8.92989
-6.11748
-9.45173
-11.4909
-16.2357
-15.7456
-16.2008
-10.2663
-3.83244
-6.42967
-7.13338
-5.99245
-6.26984
-6.45853
-12.0734
-9.52897
0.651262
-8.16986
-4.50673
-13.6314
-17.2127
-17.1182
-16.1417
-20.2379
-24.8509
-21.9479
-22.4936
-24.916
-23.7419
-25.9268
-29.8111
-26.9548
-22.6074
-25.835
-24.0009
-24.989
-19.6652
-17.9254
-21.317
-17.7199
-18.7989
-20.1923
-15.949
-21.8784
-25.9648
-22.9826
-24.8426
-25.9994
-25.9087
-25.8235
-26.2894
-28.0722
-27.2842
-29.0703
-30.3176
-30.0093
-29.8428
-28.7599
-24.4196
-21.0901
-20.5605
-19.7116
-18.9576
-15.1135
-11.8207
-15.8856
-11.7844
-12.8186
-18.2715
-14.5471
-16.2128
-18.1197
-13.8968
-21.2656
-14.2132
-16.9726
-18.9201
-17.661
-14.5386
-13.6382
-11.8038
-13.766
-15.9134
-16.8801
-12.6367
-9.8193
-4.65643
-3.32501
1.4969
2.55123
4.73738
5.84288
4.49716
7.7078
12.5799
18.7274
20.8435
5.9582
11.1856
5.46171
5.04746
6.42309
4.14844
1.43089
5.37035
-0.751682
-1.91616
-10.7212
-5.77738
-7.57664
-3.84676
-5.39089
4.05536
1.54539
4.88737
1.61438
7.58826
7.59128
1.79873
-2.8329
4.96208
-2.10048
11.8603
12.9123
11.4002
1.92964
0.223676
1.88061
-4.39705
-3.86561
-5.86277
-10.8729
-17.3406
-12.0831
-11.7594
-13.596
-13.0698
-12.2862
-11.7103
-13.3503
-7.77648
-14.7955
-17.1285
-15.5467
-15.2863
-16.3053
-16.0011
-18.2469
-13.8009
-13.2012
-20.06
-23.3149
-25.7495
-27.0134
-26.6066
-25.1418
-26.1932
-28.8674
-32.4794
-31.1041
-34.4358
-33.4226
-31.9745
-31.5259
-28.0897
-26.5505
-24.8598
-23.3944
-24.8034
-21.0526
-25.8257
-24.4401
-19.4779
-20.022
-20.0181
-16.3981
-24.0603
-23.1109
-23.0701
-20.2554
-21.3302
-17.4102
-16.6845
-19.5754
-21.8382
-19.1271
-21.2088
-20.4468
-18.4004
-13.7787
-16.0048
-12.7965
-13.5578
-10.1581
-14.4724
-10.0233
-16.4737
-13.4602
-11.8296
-10.6049
-11.9426
-10.1214
-13.3779
-10.7238
-12.6682
-15.1733
-16.5786
-14.2031
-16.9223
-18.5971
-16.5282
-15.3072
-16.6102
-17.6644
-18.2024
-19.039
-21.7624
-22.6283
-20.0377
-23.3348
-23.2247
-23.1022
-26.6516
-29.939
-26.1539
-26.4327
-26.9909
-19.1413
-21.928
-23.4365
-21.3257
-23.2116
-21.6495
-19.8254
-21.1828
-15.9866
-23.0027
-18.2421
-22.2973
-24.395
-22.7194
-22.8598
-23.4626
-22.1305
-24.4293
-24.9326
-28.9478
-28.9091
-25.8391
-30.1715
-29.4909
-27.2064
-28.8506
-26.7149
-25.9242
-29.0589
-24.8815
-21.628
-21.0065
-15.1535
-17.7073
-13.625
-16.3868
-17.039
-15.907
-18.1474
-16.8537
-12.2718
-17.198
-15.2923
-17.5742
-19.0713
-20.6795
-15.558
-18.9876
-15.0845
-18.4169
-14.5137
-19.3813
-15.4895
-17.4388
-15.6848
-16.0871
2.63874
-2.41654
6.07325
8.8046
7.37314
7.38963
6.90066
3.58102
8.88862
0.890031
6.32008
0.233805
-5.43267
-2.7522
-8.12064
-15.0102
-9.44885
-12.2696
-10.3785
-11.5288
-14.8976
-19.2438
-19.2836
-19.9761
-14.2725
-7.2445
-9.23105
-8.34826
-6.90055
-5.30964
-6.73537
-13.3305
-10.2998
-2.7444
-9.91894
-4.77462
-14.7307
-17.2383
-18.4404
-19.5528
-23.0639
-28.613
-25.5379
-24.4387
-26.8862
-24.3291
-26.2348
-30.6745
-28.2005
-24.0053
-28.0433
-24.5105
-25.4118
-18.9136
-16.26
-19.6966
-16.1882
-17.8146
-19.2938
-13.6406
-19.7184
-21.6829
-18.6128
-22.7911
-24.1368
-25.7909
-26.2563
-25.2509
-27.336
-26.433
-28.1789
-30.3176
-30.0093
-29.8428
-28.7599
-24.4196
-21.0901
-20.5605
-19.7116
-18.9576
-15.1135
-11.8207
-15.8856
-11.7844
-12.8186
-18.2715
-14.5471
-16.2128
-18.1197
-13.8968
-21.2656
-14.2132
-16.9726
-18.9201
-17.661
-14.5386
-13.6382
-11.8038
-13.766
-15.9134
-16.8801
-12.6367
-9.8193
-4.65643
-3.32501
1.4969
2.55123
4.56365
7.29369
6.57525
8.58102
11.3585
16.7417
14.4897
6.41859
6.01293
1.77983
-3.40336
4.75932
0.290806
2.67734
-0.814572
1.08191
-5.06286
-7.16079
-4.62154
-5.42618
-4.21551
-1.03631
5.78194
6.26063
0.29948
13.3335
11.1093
15.3126
6.80419
2.58073
4.8435
3.14054
-0.335199
15.8279
8.4684
3.59796
-4.62942
-0.735817
-3.1551
-1.20402
-6.59547
-8.01037
-14.7655
-7.17851
-5.35587
-8.70163
-12.1695
-9.88726
-10.5082
-11.7038
-7.35259
-10.3152
-14.4202
-12.998
-11.4577
-14.5578
-19.5454
-18.3309
-15.542
-13.9717
-20.175
-24.8974
-26.7304
-28.5786
-30.2854
-27.7989
-27.725
-29.5618
-33.3082
-30.2546
-32.9699
-30.5085
-32.6084
-31.2629
-29.3675
-27.4737
-26.2381
-23.5403
-24.8105
-20.3167
-26.1055
-22.7869
-21.2878
-21.3296
-19.0547
-17.7873
-24.1639
-23.7136
-24.3239
-20.4119
-23.0301
-19.9157
-17.4198
-19.2991
-21.4841
-19.573
-19.5045
-18.6861
-18.4004
-13.7787
-16.0048
-12.7965
-13.5578
-10.1581
-14.4724
-10.0233
-16.4737
-13.4602
-11.8296
-10.6049
-11.9426
-10.1214
-13.3779
-10.7238
-12.6682
-15.1733
-16.5786
-14.2031
-16.9223
-18.5971
-16.5282
-15.3072
-16.6102
-17.6644
-18.2024
-19.039
-21.7624
-22.6283
-20.0377
-23.3348
-23.2247
-23.1022
-26.6516
-29.939
-26.1539
-26.4327
-26.9909
-19.1413
-21.928
-23.4365
-21.3257
-23.2116
-21.6495
-19.8254
-21.1828
-15.9866
-23.0027
-18.2421
-22.2973
-24.395
-22.7194
-22.8598
-23.4626
-22.1305
-24.4293
-24.9326
-28.9478
-28.9091
-25.8391
-30.1715
-29.4909
-27.2064
-28.8506
-26.7149
-25.9242
-29.0589
-24.8815
-21.628
-21.0065
-15.1535
-17.7073
-13.625
-16.3868
-17.039
-15.907
-18.1474
-16.8537
-12.2718
-17.198
-15.2923
-17.5742
-19.0713
-20.6795
-15.558
-18.9876
-15.0845
-18.4169
-14.5137
-19.3813
-15.4895
-17.4388
-15.6848
-16.0871
2.63874
-2.41654
6.07325
4.25423
0.991219
3.17161
3.17472
-0.645283
6.55077
-2.27759
6.08574
-1.23241
-3.55907
-1.17387
-5.76472
-11.5731
-4.27712
-8.3478
-4.46076
-6.23899
-10.1468
-14.8987
-13.2368
-14.6949
-9.00181
-1.52628
-4.06389
-5.87705
-5.28086
-4.59662
-6.68502
-12.4497
-8.69136
-0.302073
-7.00958
-3.06764
-13.7715
-15.7533
-16.2412
-15.9374
-19.075
-23.7416
-20.2494
-20.3616
-23.7674
-21.7545
-24.7891
-29.5766
-26.4015
-22.1161
-26.0305
-22.9524
-24.5062
-19.1116
-17.4002
-21.6291
-17.7128
-19.6629
-20.7937
-16.4917
-23.1021
-25.9332
-24.2479
-26.9681
-26.1795
-27.2733
-27.2855
-26.0782
-27.886
-27.2043
-28.9865
-30.3176
-30.0093
-29.8428
-28.7599
-24.4196
-21.0901
-20.5605
-19.7116
-18.9576
-15.1135
-11.8207
-15.8856
-11.7844
-12.8186
-18.2715
-14.5471
-16.2128
-18.1197
-13.8968
-21.2656
-14.2132
-16.9726
-18.9201
-17.661
-14.5386
-13.6382
-11.8038
-13.766
-15.9134
-16.8801
-12.6367
-9.8193
-4.65643
-3.32501
1.4969
2.55123
4.56365
6.39319
8.79277
9.98133
13.1006
16.7954
19.4776
5.48617
9.96228
1.40656
-1.75149
3.10419
3.58295
-0.443632
1.34152
-3.41435
-4.25402
-11.5831
-6.78604
-8.95931
-7.2831
-7.97034
2.32172
-0.597297
2.04601
7.2634
3.98735
-0.250625
5.13037
-3.40321
1.22967
-0.695619
6.63589
-7.56143
5.90748
-7.83344
-6.02007
-10.1357
-5.40165
-10.777
-10.8174
-14.8669
-17.3905
-18.4813
-9.87502
-11.7753
-13.4458
-15.2957
-10.0208
-16.6993
-11.8271
-16.3806
-17.2248
-18.4719
-12.7705
-14.5356
-18.5077
-19.5107
-16.1483
-19.7319
-22.0897
-24.3609
-27.563
-26.3663
-27.8472
-26.7957
-28.8532
-31.0712
-34.6158
-32.2029
-33.5842
-30.0782
-30.7293
-31.8025
-27.8482
-29.4052
-27.8663
-26.8467
-26.2551
-22.7004
-24.572
-24.1415
-20.246
-23.5882
-22.2344
-22.7162
-28.0111
-22.4428
-24.3975
-22.3317
-22.2572
-22.5307
-22.0846
-19.8781
-21.4069
-18.5127
-19.5045
-18.6861
-18.4004
-13.7787
-16.0048
-12.7965
-13.5578
-10.1581
-14.4724
-10.0233
-16.4737
-13.4602
-11.8296
-10.6049
-11.9426
-10.1214
-13.3779
-10.7238
-12.6682
-15.1733
-16.5786
-14.2031
-16.9223
-18.5971
-16.5282
-15.3072
-16.6102
-17.6644
-18.2024
-19.039
-21.7624
-22.6283
-20.0377
-23.3348
-23.2247
-23.1022
-26.6516
-29.939
-26.1539
-26.4327
-26.9909
-19.1413
-21.928
-23.4365
-21.3257
-23.2116
-21.6495
-19.8254
-21.1828
-15.9866
-23.0027
-18.2421
-22.2973
-24.395
-22.7194
-22.8598
-23.4626
-22.1305
-24.4293
-24.9326
-28.9478
-28.9091
-25.8391
-30.1715
-29.4909
-27.2064
-28.8506
-26.7149
-25.9242
-29.0589
-24.8815
-21.628
-21.0065
-15.1535
-17.7073
-13.625
-16.3868
-17.039
-15.907
-18.1474
-16.8537
-12.2718
-17.198
-15.2923
-17.5742
-19.0713
-20.6795
-15.558
-18.9876
-15.0845
-18.4169
-14.5137
-19.3813
-15.4895
-17.4388
-15.6848
-16.0871
2.63874
-2.41654
6.07325
3.88655
1.35541
3.06962
0.318364
3.43884
6.15727
0.173352
5.75426
-1.79516
-3.24332
-0.202882
-5.78997
-11.1118
-6.2324
-7.40275
-4.41594
-6.7772
-10.4473
-14.8843
-14.1485
-14.0409
-8.71489
-1.6802
-4.60967
-6.07843
-5.38409
-5.10041
-7.0398
-11.7526
-9.0493
1.39305
-6.27095
-3.80404
-12.7797
-16.9296
-16.6039
-15.3277
-19.0449
-23.1109
-20.0029
-20.9654
-23.8042
-22.3886
-25.7499
-29.2859
-26.7882
-21.5198
-25.3864
-22.5125
-24.7164
-18.6903
-18.3378
-21.3445
-18.2268
-19.3844
-20.0938
-16.1896
-22.1967
-26.2803
-24.5497
-26.0641
-26.5837
-26.4851
-25.7567
-26.077
-27.6318
-27.7284
-29.5374
-30.3176
-30.0093
-29.8428
-28.7599
-24.4196
-21.0901
-20.5605
-19.7116
-18.9576
-15.1135
-11.8207
-15.8856
-11.7844
-12.8186
-18.2715
-14.5471
-16.2128
-18.1197
-13.8968
-21.2656
-14.2132
-16.9726
-18.9201
-17.661
-14.5386
-13.6382
-11.8038
-13.766
-15.9134
-16.8801
-12.6367
-9.8193
-4.65643
-3.32501
1.4969
2.55123
4.56365
4.62455
5.85073
8.24937
11.7605
16.5273
14.4758
7.33227
5.66598
1.62525
-1.98959
5.34865
5.00362
2.19173
1.57867
-0.642101
-1.30769
-5.16453
-1.96691
-4.09209
0.242015
1.91419
-2.1218
8.256
8.15908
15.621
14.2537
17.3056
14.0255
23.4628
14.3476
13.3465
16.0488
23.0706
18.6667
8.73133
3.57873
3.94792
0.559312
-0.134402
-5.68499
-10.9048
-15.2014
-10.0028
-9.39695
-12.1194
-15.8614
-16.0385
-15.3123
-14.5435
-9.52129
-15.5775
-14.787
-12.669
-14.0805
-13.7771
-18.0435
-20.1131
-13.7421
-16.446
-20.9969
-23.6386
-28.2198
-30.3901
-32.8517
-31.6744
-32.1076
-33.6674
-37.4098
-32.4593
-36.3221
-33.9938
-35.8586
-35.6646
-32.4032
-29.2809
-28.1111
-25.5276
-26.7461
-20.7446
-25.6134
-24.1854
-17.9193
-18.6404
-16.5332
-14.2189
-21.4023
-18.3938
-18.4536
-19.441
-20.7441
-16.9384
-16.675
-18.993
-20.4543
-18.5127
-19.5045
-18.6861
-18.4004
-13.7787
-16.0048
-12.7965
-13.5578
-10.1581
-14.4724
-10.0233
-16.4737
-13.4602
-11.8296
-10.6049
-11.9426
-10.1214
-13.3779
-10.7238
-12.6682
-15.1733
-16.5786
-14.2031
-16.9223
-18.5971
-16.5282
-15.3072
-16.6102
-17.6644
-18.2024
-19.039
-21.7624
-22.6283
-20.0377
-23.3348
-23.2247
-23.1022
-26.6516
-29.939
-26.1539
-26.4327
-26.9909
-19.1413
-21.928
-23.4365
-21.3257
-23.2116
-21.6495
-19.8254
-21.1828
-15.9866
-23.0027
-18.2421
-22.2973
-24.395
-22.7194
-22.8598
-23.4626
-22.1305
-24.4293
-24.9326
-28.9478
-28.9091
-25.8391
-30.1715
-29.4909
-27.2064
-28.8506
-26.7149
-25.9242
-29.0589
-24.8815
-21.628
-21.0065
-15.1535
-17.7073
-13.625
-16.3868
-17.039
-15.907
-18.1474
-16.8537
-12.2718
-17.198
-15.2923
-17.5742
-19.0713
-20.6795
-15.558
-18.9876
-15.0845
-18.4169
-14.5137
-19.3813
-15.4895
-17.4388
-15.6848
-16.0871
2.63874
-2.41654
6.07325
2.07499
4.29098
2.50117
4.12393
3.12151
7.33665
-0.55566
7.00444
-3.01924
-2.60926
-2.43594
-5.48086
-12.6918
-6.6957
-8.88943
-5.0947
-8.57419
-10.4149
-15.8153
-14.3857
-14.8718
-9.25889
-2.73207
-5.31835
-7.02343
-5.40966
-5.51021
-5.44097
-11.0459
-8.67974
2.04186
-11.5142
-4.40211
-14.1394
-17.144
-17.1447
-15.2958
-19.7857
-22.3138
-20.1359
-20.6236
-24.1537
-21.6217
-23.3107
-27.3349
-24.6499
-19.4102
-23.5184
-21.9986
-22.4937
-17.7304
-16.7309
-19.5716
-15.8194
-17.5287
-19.6263
-15.5216
-21.9345
-25.8758
-22.3436
-24.374
-24.429
-24.7644
-25.6152
-25.7163
-26.9402
-26.7097
-28.1003
-28.6628
-28.0258
-28.0351
-27.9387
-23.3303
-20.6579
-20.048
-19.0217
-17.7899
-14.502
-10.4223
-15.5147
-11.2224
-13.2118
-18.9103
-14.894
-16.66
-18.0616
-14.4074
-22.6678
-14.753
-18.7335
-20.8844
-17.661
-14.5386
-13.6382
-11.8038
-13.766
-15.9134
-16.8801
-12.6367
-9.8193
-4.65643
-3.32501
1.4969
2.55123
4.56365
4.45755
4.53321
7.48986
11.6704
18.205
14.5871
12.134
14.4173
15.0124
9.20389
12.4445
11.9574
12.3067
13.9049
14.7948
2.57942
-1.11794
-1.42161
-3.48065
-4.58094
-6.8214
-3.33043
-4.25713
-3.64158
0.403659
-3.45527
-2.91516
-4.34261
2.96941
-3.49267
1.26699
3.3852
9.48786
-3.07662
-3.7932
-9.98828
-8.94474
-10.7707
-8.77839
-15.1999
-16.161
-24.2268
-21.6656
-23.8363
-24.3293
-25.5111
-25.2783
-24.3313
-23.5804
-21.3842
-24.9012
-25.8491
-22.8746
-22.81
-19.9504
-23.4972
-24.2789
-19.869
-21.659
-26.7688
-28.1885
-29.8077
-30.0784
-28.7777
-26.6261
-27.426
-29.7229
-33.4142
-31.7039
-33.2357
-29.6425
-30.2005
-28.9545
-29.1393
-28.3857
-29.3958
-25.6337
-26.1416
-19.7486
-24.1054
-20.8708
-18.113
-18.8083
-17.8902
-16.1093
-22.6872
-19.2152
-19.1175
-20.1328
-22.48
-18.8842
-20.1839
-22.8121
-20.4543
-18.5127
-19.5045
-18.6861
-18.4004
-13.7787
-16.0048
-12.7965
-13.5578
-10.1581
-14.4724
-10.0233
-16.4737
-13.4602
-11.8296
-10.6049
-11.9426
-10.1214
-13.3779
-10.7238
-12.6682
-15.1733
-16.5786
-14.2031
-16.9223
-18.5971
-16.5282
-15.3072
-16.6102
-17.6644
-18.2024
-19.039
-21.7624
-22.6283
-20.0377
-23.3348
-23.2247
-23.1022
-26.6516
-29.939
-26.1539
-26.4327
-26.9909
-19.1413
-21.928
-23.4365
-21.3257
-23.2116
-21.6495
-19.8254
-21.1828
-15.9866
-23.0027
-18.2421
-22.2973
-24.395
-22.7194
-22.8598
-23.4626
-22.1305
-24.4293
-24.9326
-28.9478
-28.9091
-25.8391
-30.1715
-29.4909
-27.2064
-28.8506
-26.7149
-25.9242
-29.0589
-24.8815
-21.628
-21.0065
-15.1535
-17.7073
-13.625
-16.3868
-17.039
-15.907
-18.1474
-16.8537
-12.2718
-17.198
-15.2923
-17.5742
-19.0713
-20.6795
-15.558
-18.9876
-15.0845
-18.4169
-14.5137
-19.3813
-15.4895
-17.4388
-15.6848
-16.0871
2.63874
-5.59518
6.08343
1.51889
4.4802
-0.482557
4.09513
-1.88778
8.52467
-3.06998
8.79018
-3.26395
-0.40676
-0.134229
-1.56748
-10.4559
-0.92722
-5.64798
0.110273
-3.50737
-4.82312
-11.6329
-9.32473
-10.8131
-4.86459
0.49616
-1.5636
-4.36905
-2.14677
-2.52437
-3.65365
-9.89309
-7.21414
2.31329
-6.01192
-1.43217
-11.2293
-13.6545
-13.7875
-12.3781
-16.4924
-21.2763
-18.0135
-18.997
-21.2544
-20.1438
-21.9831
-27.5385
-23.6079
-20.9074
-23.5221
-23.2947
-23.446
-19.281
-16.6774
-21.0951
-17.4807
-20.0592
-21.0204
-17.7021
-23.8806
-27.2227
-24.4407
-26.7997
-27.4817
-27.6758
-27.6582
-26.9292
-28.5292
-27.7284
-29.5374
-30.3176
-30.0093
-29.8428
-28.7599
-24.4196
-21.0901
-20.5605
-19.7116
-18.9576
-15.1135
-11.8207
-15.8856
-11.7844
-12.8186
-18.2715
-14.5471
-16.2128
-18.1197
-13.8968
-21.2656
-14.2132
-16.9726
-18.9201
-17.661
-14.5386
-13.6382
-11.8038
-13.766
-15.9134
-16.8801
-12.6367
-9.8193
-4.65643
-3.32501
1.4969
2.55123
3.98952
4.48801
7.27984
10.1373
15.2427
18.613
15.4798
13.5856
10.9885
13.3738
4.96758
7.83282
4.51528
5.65597
3.47175
0.0949039
-8.03711
-10.6478
-9.8013
-10.6372
-9.84735
-10.9505
-5.33512
-3.76015
-2.68556
1.20231
1.23765
4.04446
2.3155
9.38322
2.95842
5.68064
6.25124
2.47676
6.56021
-3.3775
-5.81152
-10.5695
-11.5938
-12.0698
-16.7332
-20.9423
-24.2902
-24.6114
-20.5158
-21.0172
-23.9807
-24.2338
-21.0303
-22.8091
-17.6831
-20.5124
-21.3918
-18.4557
-18.0799
-15.9759
-22.3205
-23.9338
-17.6012
-20.9115
-22.4111
-24.2486
-28.3876
-27.8044
-31.0402
-29.717
-29.4022
-32.515
-35.255
-32.6172
-36.0644
-32.2906
-32.7242
-33.6848
-31.0771
-29.6627
-29.3488
-25.2737
-25.2319
-20.4225
-22.7228
-22.216
-17.7972
-20.3037
-18.3778
-15.9322
-23.0265
-18.5954
-20.1124
-21.6846
-21.6898
-21.0095
-20.913
-18.993
-20.4543
-18.5127
-19.5045
-18.6861
-18.4004
-13.7787
-16.0048
-12.7965
-13.5578
-10.1581
-14.4724
-10.0233
-16.4737
-13.4602
-11.8296
-10.6049
-11.9426
-10.1214
-13.3779
-10.7238
-12.6682
-15.1733
-16.5786
-14.2031
-16.9223
-18.5971
-16.5282
-15.3072
-16.6102
-17.6644
-18.2024
-19.039
-21.7624
-22.6283
-20.0377
-23.3348
-23.2247
-23.1022
-26.6516
-29.939
-26.1539
-26.4327
-26.9909
-19.1413
-21.928
-23.4365
-21.3257
-23.2116
-21.6495
-19.8254
-21.1828
-15.9866
-23.0027
-18.2421
-22.2973
-24.395
-22.7194
-22.8598
-23.4626
-22.1305
-24.4293
-24.9326
-28.9478
-28.9091
-25.8391
-30.1715
-29.4909
-27.2064
-28.8506
-26.7149
-25.9242
-29.0589
-24.8815
-21.628
-21.0065
-15.1535
-17.7073
-13.625
-16.3868
-17.039
-15.907
-18.1474
-16.8537
-12.2718
-17.198
-15.2923
-17.5742
-19.0713
-20.6795
-15.558
-18.9876
-15.0845
-18.4169
-14.5137
-19.3813
-15.4895
-17.4388
-15.6848
-16.0871
2.63874
-2.41654
6.07325
8.8046
4.92582
4.34145
4.3957
2.5299
7.82297
2.09029
5.53739
1.11941
-4.75888
-0.678472
-6.92059
-13.7104
-8.16771
-10.2937
-9.36333
-9.67138
-14.1615
-18.8725
-18.6242
-18.6371
-13.4437
-6.06008
-8.34846
-7.89197
-7.45414
-6.15276
-8.24895
-14.7755
-10.581
-2.01519
-9.17328
-3.38544
-14.318
-17.5184
-18.0442
-19.2887
-21.9688
-27.0152
-23.8569
-22.7595
-25.9666
-24.205
-26.6619
-31.6108
-29.0993
-23.9507
-28.1075
-23.9189
-25.1379
-18.8401
-17.0537
-20.7752
-17.8406
-18.9036
-20.245
-14.085
-20.6679
-22.952
-20.1159
-24.9479
-25.3775
-25.6222
-25.7726
-24.2955
-26.3772
-26.311
-28.0516
-30.3176
-30.0093
-29.8428
-28.7599
-24.4196
-21.0901
-20.5605
-19.7116
-18.9576
-15.1135
-11.8207
-15.8856
-11.7844
-12.8186
-18.2715
-14.5471
-16.2128
-18.1197
-13.8968
-21.2656
-14.2132
-16.9726
-18.9201
-17.661
-14.5386
-13.6382
-11.8038
-13.766
