2.09063
0.111574
3.59743
1.27939
-1.22663
-3.24443
-4.77329
-5.1978
-5.76915
-5.69068
-7.65078
-6.69059
-5.62658
-6.32899
-5.70516
-4.88143
-6.26063
-3.97496
-3.73243
-4.47863
-2.7715
-3.99361
0.127385
-0.857558
3.42614
1.34752
3.13238
4.49398
4.84958
4.74691
4.24015
4.30619
2.54634
3.82911
3.54617
2.08678
4.00837
3.38617
3.16436
4.27206
2.44387
0.560185
1.00505
4.00533
0.839611
0.843949
-1.13017
-3.13245
-3.85155
-3.00785
-3.53279
-5.617
-4.53662
0.15736
-0.550285
1.40588
-3.46893
-2.55862
-1.08126
0.59198
0.646857
-2.35124
-1.56761
-1.9205
0.822571
1.59036
-1.80865
-3.26713
-5.95816
-3.8701
-3.1055
-2.6444
-7.33369
-6.37944
-4.67982
-4.3426
-5.2941
-9.41898
-9.95366
-11.6096
-9.75661
-9.9226
-13.3646
-12.9477
-9.83115
-6.81353
-0.716607
-2.55188
-4.49246
-5.53069
-2.50537
-1.94747
-5.10753
-5.28399
-9.25323
-5.19932
-1.74421
1.80767
-1.86097
-2.85379
-1.66447
-1.62158
1.4678
-1.15524
-0.969891
-4.15131
0.509942
-2.55809
-3.38428
-5.76299
-4.69479
-1.3398
0.786046
-0.67524
-2.68266
-3.53313
-0.733614
1.45918
0.58855
-0.725134
-1.93452
4.64989
1.98788
4.89746
0.434011
4.46322
1.23804
3.55394
3.12146
0.964174
2.53466
1.79291
1.56814
-0.875918
2.57263
-0.676053
-0.565945
-0.960206
-0.0366804
-0.699616
-1.17094
-1.84919
-1.21822
-0.175646
-0.113964
-0.810442
-0.925261
0.807778
-2.12774
-1.71075
-4.11548
-2.73111
-2.48089
-2.32756
-2.13278
-1.48376
-1.12726
-2.71095
-3.27966
-3.22193
-5.52339
-3.48112
-3.42113
-4.99072
-4.09089
-5.32716
-3.43929
-5.82112
-5.05719
-6.60024
-7.24035
-6.43392
-6.00681
-5.52729
-6.75287
-8.62784
-10.5456
-8.49783
-7.09193
-8.40972
-11.485
-15.6947
-14.9623
-12.958
-15.2139
-13.3597
-14.4415
-8.06212
-8.19691
-6.20578
-4.68712
-3.60307
-2.29744
-2.10348
2.51522
0.295784
2.20302
2.14818
0.857601
2.77581
1.40384
6.1863
0.241172
5.08654
4.69011
3.73178
5.55222
5.89885
3.68706
4.19762
5.29531
5.95703
0.987534
2.41824
3.09885
1.48877
2.41729
2.65749
0.315807
2.9259
2.27973
0.998066
1.07661
-3.77362
0.623545
-2.52318
0.548402
0.103491
2.01443
1.99136
0.431651
1.53905
0.700537
-1.49614
-2.7991
-0.209338
-0.789657
2.72837
0.387943
0.80309
0.924309
1.958
5.40912
2.20478
2.26551
-0.907395
-2.59972
-1.23269
-2.93626
-1.91654
0.268967
-1.35828
3.86954
0.95703
1.42823
-0.759002
0.373739
-4.32074
-3.1558
-5.70234
-7.476
-8.21799
-7.59956
-2.36909
-7.08741
-4.20545
-6.92544
-7.06083
-2.49379
-6.25589
-7.57016
-8.6879
-7.38998
-9.22822
-6.80402
-7.67638
-9.17888
-10.5747
-7.59778
-9.0417
-6.48943
-8.32964
-10.7716
-13.672
-11.1687
-13.2347
-11.1542
-7.84195
-5.91462
-5.81807
-9.77763
-9.87144
-15.6056
-10.9101
-8.67118
-12.7937
-12.1735
-13.6799
-11.3717
-7.64216
-8.54502
-9.06569
-11.0654
-9.75963
-9.22176
-12.2619
-15.2574
-18.6393
-23.8594
-21.3739
-17.5284
-13.1041
-5.5301
-8.00233
-3.77191
0.55558
0.268407
1.7723
-0.0833492
2.75258
2.91618
3.56619
4.5556
4.48703
3.85616
7.11634
7.96451
8.82489
7.80511
8.24339
5.50532
7.18943
7.26949
7.17336
4.96328
1.96252
5.78384
0.704936
6.26713
1.34623
1.62383
0.859169
1.91966
2.34371
0.552433
0.661261
-0.917562
-1.78637
-1.53799
1.59932
0.774325
2.84078
-0.470388
1.35726
2.59449
1.76162
0.836345
0.977075
3.29491
5.71029
3.1214
2.25849
-2.29159
-0.347149
-0.539718
-1.09137
-1.52491
-0.979594
-2.38297
-1.096
-0.271707
-4.76503
-4.76474
-7.98101
-6.62642
-8.22874
-4.68563
-4.85053
-8.17939
-7.4423
-7.87923
-6.50701
-7.87314
-8.33274
-8.22082
-4.71874
-3.00279
-3.72363
-5.66899
-2.10727
-1.46755
0.759871
-2.67394
-1.10942
-2.29534
-0.822362
-1.35144
-5.02238
-3.70906
-5.54287
-1.46892
-1.77885
2.10905
1.11256
1.11787
-1.4228
-1.92044
-3.82675
-4.14762
-6.14768
-6.32082
-1.45767
1.02471
-0.0295633
-2.36474
-3.16081
-1.85035
-0.0487131
0.335119
-2.51569
-2.08143
4.36441
1.10573
3.63332
-2.23849
3.5044
-1.49082
1.82617
2.57883
1.21412
1.62109
1.28342
0.588967
-1.7446
2.01047
-0.22516
-0.762543
-1.98953
-0.405253
-1.84327
-3.60333
-3.55107
-4.05918
-1.07435
-0.378091
0.265649
-0.623949
1.69507
-2.38017
-0.0855636
-4.32646
-3.03579
-5.16064
-2.97469
-3.80543
-1.64049
0.717901
-1.1814
-3.45362
-2.4748
-4.07636
-3.15959
-3.6115
-5.29074
-4.32857
-5.38111
-2.06117
-5.55613
-5.15899
-6.41398
-7.76997
-7.26741
-6.79505
-6.225
-9.69041
-9.65693
-11.1831
-7.94549
-7.36167
-7.67874
-9.51193
-13.0784
-12.0403
-12.4732
-16.392
-15.2283
-17.1449
-11.4511
-9.04727
-5.93694
-3.88038
-2.33855
-0.931377
-1.70208
3.08204
0.295784
2.20302
2.14818
1.84858
3.18943
1.28798
6.83639
1.71206
3.77714
4.46119
5.93472
5.98397
4.73345
4.60859
4.97973
5.55194
8.44278
1.71158
3.93897
4.27129
6.19242
1.89209
3.96535
3.54004
2.35368
4.4155
1.62774
0.917887
0.997482
3.20591
1.6317
3.67689
3.43024
3.00318
3.89512
3.6704
0.987893
2.92158
1.42229
1.68709
0.928662
4.84328
4.6434
1.51657
2.82949
1.70484
4.58951
4.51392
1.83927
0.109302
1.6985
0.249226
-2.29829
-4.36367
-0.466101
-1.26658
0.545557
2.72771
1.56048
0.372946
-0.552738
0.156764
-4.3062
-0.476392
-4.22162
-4.28334
-6.16716
-3.72263
-4.6369
-7.37141
-5.75145
-7.61698
-4.95973
-0.484367
-4.96165
-6.58639
-7.35314
-5.29267
-6.7604
-7.67874
-8.92076
-9.62271
-7.67449
-7.9263
-9.26833
-7.08395
-7.94164
-11.1679
-12.9258
-9.56379
-11.2001
-8.98616
-9.05221
-7.24392
-7.37173
-10.2721
-11.2459
-15.7034
-11.1971
-8.89087
-13.713
-11.4011
-13.2322
-10.9966
-7.38607
-7.77721
-6.97085
-9.53358
-9.2348
-9.96791
-11.649
-15.0702
-18.4902
-23.834
-21.1593
-17.4195
-13.4221
-6.07373
-8.72108
-3.77191
0.55558
0.268407
1.7723
1.19052
3.9876
3.88252
5.16594
6.22872
4.97468
6.19527
8.98298
10.2042
12.6303
10.4395
10.9473
8.18129
11.1747
10.5867
8.32253
8.66386
6.51688
8.16449
5.93868
6.74145
3.87943
4.65533
2.12126
3.72925
3.92577
1.58441
2.04512
-0.266022
-0.281745
-1.4995
0.454571
1.18028
-1.39751
0.765498
1.48602
1.38856
0.381206
-1.31498
-1.06624
-1.0382
1.55115
0.698063
-2.13988
-0.846753
1.15266
0.370676
1.02307
-0.296857
0.453861
-2.88555
-1.63831
-0.876948
-1.31715
-5.53504
-5.08467
-5.12846
-4.36943
-3.45482
-6.24652
-4.78026
-7.37847
-6.19484
-6.78876
-9.934
-10.2579
-10.1521
-6.70623
-5.73621
-4.73198
-5.48297
-4.42329
-2.8093
-1.63122
-5.20017
-4.74165
-5.44073
-1.5577
-1.57095
-0.602801
-1.55162
-2.07448
-2.59836
-2.31986
1.06405
0.0669241
0.566797
-4.3533
-0.993477
-2.43957
-3.43742
-4.57783
-4.75846
0.368873
2.4185
1.06123
-1.17605
-3.11615
-0.877832
-0.44531
-1.7003
-3.69244
-1.93452
4.64989
1.69015
4.60437
-0.0171252
3.91135
0.558831
3.16757
3.16794
1.51238
2.95549
2.53234
3.31068
0.249219
4.09683
1.31177
1.89066
0.772279
1.27288
1.07233
-0.674523
-0.602362
-0.0211525
0.353482
0.989817
0.650319
1.04375
0.981788
-0.503756
-0.44297
-3.59927
-1.94981
-2.31519
-1.7862
-2.95572
-1.57749
-1.65091
-2.37875
-3.758
-4.2879
-6.37173
-5.72992
-4.29263
-6.10071
-4.85497
-7.01113
-4.69052
-5.22142
-6.23822
-7.44399
-7.73178
-6.73571
-6.14833
-6.07342
-6.72678
-9.13032
-10.0807
-8.0673
-6.85948
-5.97506
-9.26064
-13.4929
-14.0627
-10.8672
-13.6584
-14.0094
-16.053
-11.0072
-9.01923
-7.6629
-5.88493
-5.7938
-3.5025
-3.15518
0.891463
0.672681
2.4295
1.33075
0.759957
3.29304
-0.387605
5.30474
1.03587
2.30361
1.95458
4.53643
4.98161
3.45655
2.4711
5.816
3.52657
3.85026
2.96388
1.18851
-1.39128
2.46658
-2.0096
0.129064
0.209673
3.02724
-0.660683
-2.94562
3.60638
0.437998
0.323646
0.936983
3.31611
0.727728
3.08115
0.518874
0.822987
-1.22859
0.981079
1.48597
3.51776
0.927765
2.02344
3.00009
1.31697
0.330869
3.01663
1.02831
0.079886
0.920056
3.05781
0.790166
-0.193437
-0.435808
-4.82336
-0.579453
-1.30163
-1.27823
-1.57255
3.30895
1.33794
0.317383
0.633122
-1.75481
-0.512669
-3.47138
-2.666
-3.8741
-4.29818
-7.28169
-10.2092
-5.77269
-6.17719
-5.53155
-2.13017
-3.79881
-1.96791
-5.39328
-3.62496
-7.58191
-8.68601
-9.04768
-12.8669
-8.27572
-9.21936
-6.75252
-9.27334
-7.79885
-11.5701
-11.8969
-10.6065
-11.9558
-10.0211
-12.9169
-9.81693
-10.3778
-11.1115
-11.11
-15.0381
-8.48041
-7.82979
-12.2593
-10.1222
-13.7601
-10.6166
-8.30633
-8.71082
-7.33259
-10.1326
-9.18507
-10.0411
-9.6105
-14.3099
-17.851
-23.8332
-20.0742
-17.3582
-16.5913
-11.5412
-15.0454
-3.77191
0.55558
0.268407
1.7723
0.266855
3.1076
2.59308
2.0698
2.5796
1.28632
1.24198
5.31311
6.27634
8.78261
7.40988
7.78881
6.92507
7.91157
10.0924
8.03916
5.699
4.2656
4.14848
2.03328
1.45507
0.585334
1.39191
-0.0278159
3.92784
3.30701
2.71289
4.14247
1.74085
2.61527
-2.98492
2.24937
-3.12875
0.0353084
-4.3498
1.91594
-0.309541
0.939048
0.536802
-1.86278
1.11016
-0.337437
-0.0708386
-2.11023
-3.09456
0.960935
-1.73111
-1.25662
-2.07806
-0.643854
-1.36279
-4.11328
-2.7248
-6.48117
-6.34977
-7.88992
-5.97105
-5.10107
-3.4398
-1.49989
-3.49224
-1.89562
-4.00518
-4.75841
-9.79309
-11.7453
-10.4743
-11.0408
-8.41894
-8.13854
-6.73724
-1.49886
-1.73461
0.248421
-4.58484
-2.59144
-1.92066
-2.09362
-3.07358
-6.47445
-4.96993
-4.54052
-0.51984
-2.5628
1.65277
0.405324
1.9062
-0.906547
1.06514
-0.750247
-3.10772
-4.98245
-4.45464
0.798057
1.79785
0.364626
-3.15303
-3.06607
-0.857147
-0.430152
-1.70242
-3.67291
-1.92628
4.6169
1.83786
4.73444
0.777106
4.72322
1.37174
4.04264
3.68144
1.24848
3.09425
2.4808
2.85269
0.402125
3.19682
1.07557
0.685935
0.57262
1.37037
0.232697
0.290774
-0.52628
0.05882
0.987285
-0.10427
0.283383
-0.284325
0.772713
-1.36834
-1.00614
-4.42666
-2.46799
-2.07148
-1.63896
-2.15992
-2.19758
-1.90349
-4.13728
-3.88973
-3.98497
-6.28248
-4.66529
-4.35544
-4.9852
-4.56361
-6.87529
-4.57967
-6.61995
-5.57782
-7.27277
-7.79509
-6.07847
-6.68464
-5.40181
-6.41922
-8.2266
-9.83573
-8.65829
-7.75321
-7.43007
-10.5895
-15.5981
-15.5688
-13.7057
-13.867
-12.6542
-14.0769
-8.33191
-9.10374
-7.66514
-5.80573
-5.39487
-3.19316
-3.18474
1.03568
0.74083
2.66375
2.53155
2.36805
4.33217
2.49509
7.80518
2.65312
5.33792
5.48501
4.9194
5.80599
5.19949
3.95846
4.5323
3.88426
6.00408
0.211824
3.94389
1.40279
2.47527
1.26483
2.01577
-0.150733
-0.340135
0.958079
-4.60919
-1.10899
-2.89375
-3.38489
-2.35698
1.14456
1.75397
0.868164
1.77435
-0.000133132
-3.74953
-1.17045
-3.87495
-1.51171
-2.43495
1.6864
1.94107
1.0255
0.133654
0.139471
1.9554
-1.20648
0.166901
0.0486555
-1.77648
-5.93578
-3.64656
-2.58408
-2.31588
-1.05597
-1.21402
0.765835
0.0261928
1.2385
-3.74444
-2.63689
-6.59972
-3.84722
-9.37993
-4.91378
-5.08825
-3.52135
-4.37126
-6.8896
-3.60249
-8.19544
-7.12722
-5.61257
-5.75834
-4.63679
-4.98996
-5.49891
-6.62539
-6.73753
-5.49319
-10.0695
-11.2298
-11.0419
-9.038
-9.66188
-10.3509
-12.0668
-13.5065
-11.6915
-13.97
-10.8547
-9.64189
-4.63044
-8.14557
-13.1245
-12.7859
-15.6844
-10.8056
-11.8373
-12.8724
-8.78056
-11.0164
-8.47383
-8.11983
-7.6827
-5.44377
-10.8863
-9.50169
-11.2167
-10.1177
-16.2646
-18.678
-24.643
-20.0979
-18.0986
-16.7277
-9.14979
-12.5875
0.727744
0.55558
0.268407
1.7723
1.19052
3.9876
3.52283
3.72429
5.0388
3.01352
2.95845
6.29324
7.93518
8.48798
6.16825
6.65977
4.17263
7.29625
7.23895
6.83019
5.85613
5.20958
4.78924
1.47831
4.42035
1.7682
2.09351
0.661555
-0.198022
2.6834
0.424228
2.5762
-0.244621
3.06884
-0.187358
3.06368
0.292592
1.9457
-1.31707
1.59896
1.5741
-0.0658264
1.10914
-0.642309
1.82382
3.36155
3.012
1.19394
-1.14888
-2.8707
-4.88497
-3.17889
-1.73698
-3.81265
-4.01447
-3.03552
-1.28531
-5.43033
-6.34289
-9.80477
-7.77157
-8.9718
-7.6953
-7.67046
-6.52181
-5.50411
-6.14449
-4.86243
-4.24795
-6.28495
-6.34597
-6.05482
-3.45988
-3.76328
-7.89574
-7.2206
-5.16007
-0.41469
-1.47345
0.496899
-0.848719
-1.51361
-2.20867
-5.93128
-4.67349
-7.06581
-2.75061
-4.71192
-0.149023
1.11288
2.33263
-1.12874
0.830846
-0.591923
-3.04476
-5.15268
-5.68201
-1.42929
0.642402
-0.314088
-3.53471
-3.7375
-0.8881
1.97687
-0.444067
-2.38826
-2.64553
2.94049
-0.245818
3.58984
-1.9063
2.48108
-1.89466
1.35055
-0.00538599
-1.26511
0.385358
0.0558752
0.329199
-1.65388
1.13103
-2.75339
-0.375661
-2.49651
0.849067
-2.15252
-1.48079
-3.19076
-1.8561
-1.36414
-1.44976
-1.29529
-0.146442
-0.225997
0.0596354
-1.56954
-1.62173
-1.63005
-1.29669
-2.0731
-1.62436
-0.337461
-2.25999
-2.11354
-3.41372
-1.04293
-5.6334
-1.97387
-3.04939
-4.68388
-2.4457
-7.04609
-3.57054
-6.45844
-4.75291
-7.74347
-7.95401
-6.33457
-6.28941
-7.46024
-7.56245
-10.3746
-9.40212
-8.97857
-7.08553
-9.013
-10.1926
-13.6752
-13.6343
-9.51449
-13.6642
-10.4232
-14.7032
-7.31477
-9.42356
-7.35607
-6.18382
-5.42355
-1.96684
-1.68189
3.11094
0.74083
2.66375
2.53155
2.36805
4.33217
2.49509
7.80518
2.25916
5.52394
5.91282
6.91252
9.37858
7.4862
7.10449
8.84227
8.62085
10.3902
5.50507
7.89607
6.48022
8.24747
7.17222
6.55223
7.75364
9.4878
7.28489
5.64676
5.08376
3.75703
2.81111
2.01077
0.236731
1.46773
-0.650956
0.463218
0.42469
-0.289818
0.290993
-2.80126
-0.528706
-3.37331
-1.68937
-0.551636
-3.59428
-2.18485
-2.12507
-0.389453
-1.99138
-3.05033
-1.66327
-2.9711
-0.702225
-2.79243
-4.88823
-1.72695
0.288166
1.3045
1.50012
3.11598
0.322467
1.1691
-0.473208
-2.07725
-1.04769
-6.28114
-6.85583
-9.07116
-5.50797
-7.03495
-10.3006
-6.02497
-6.52417
-5.94444
-3.88315
-7.04429
-8.70979
-9.57996
-7.74332
-11.1119
-9.24191
-12.5984
-12.3923
-9.71755
-6.78309
-6.92861
-8.37691
-6.27092
-8.82226
-9.45605
-9.3833
-12.1613
-10.9099
-10.8807
-8.97229
-9.80034
-10.0305
-10.4228
-15.094
-10.0912
-8.76135
-12.8077
-11.222
-13.1097
-11.2845
-7.95803
-8.03028
-7.61703
-10.0463
-10.0151
-10.0193
-11.5125
-14.9294
-18.3771
-23.8177
-20.992
-17.3486
-13.7168
-6.58315
-9.36575
-3.77191
0.55558
0.268407
1.7723
-0.176506
2.65765
1.74621
2.27583
3.55498
3.01922
3.17006
7.85616
8.21949
9.72158
8.7198
8.39348
7.03496
8.45201
10.6031
6.96324
4.66713
4.46729
4.16821
0.700677
3.69446
0.474274
1.63467
1.32366
3.74019
1.61052
2.70845
2.96425
1.06026
-1.30621
-4.51389
0.557713
-2.9749
0.670536
-2.83122
0.689635
-1.23685
-1.50085
-0.109891
-0.145238
1.61085
2.57693
1.31163
-0.0438233
-1.59503
1.00342
-2.2508
-2.78656
-1.79104
0.00162292
-1.84805
-2.59361
-1.8361
-3.95877
-4.00312
-5.51267
-6.13047
-6.2767
-3.91304
-1.98178
-4.52545
-3.12503
-5.41503
-8.52447
-10.3364
-10.0728
-8.51116
-8.31756
-9.31581
-8.07643
-6.6542
-1.55125
-1.37177
-0.604889
-2.91292
-1.17883
-2.03053
-1.11487
-2.74715
-5.82407
-5.96439
-4.82101
-2.03538
-2.16724
1.36297
0.868173
3.79125
-0.285411
0.617554
-3.94048
-4.82801
-6.67549
-6.30022
-1.31182
-0.319053
-1.3207
-4.68602
-3.30855
-1.93721
-0.218064
-1.3591
-5.088
-2.94028
3.62458
-0.0118798
3.90351
-1.85298
3.2873
-1.25396
3.46276
2.05189
2.28837
2.64717
2.70824
2.67435
-0.573014
4.57732
0.648231
3.19386
0.779681
1.31968
0.699939
-1.21247
-1.39199
-1.04461
-0.185448
1.00219
0.393208
2.00925
0.820695
0.744139
-0.307037
-3.57542
-1.95451
-3.00727
-1.5654
-4.04604
-0.69687
-1.91534
-1.57869
-3.37234
-3.6182
-5.07433
-4.78979
-1.5427
-4.98875
-3.16306
-5.99199
-4.55724
-4.97281
-5.92533
-7.60267
-7.62903
-7.82489
-6.3261
-7.3495
-7.06878
-9.63111
-10.0827
-8.4632
-6.8328
-5.3945
-8.72802
-12.1502
-13.809
-10.7714
-14.0619
-14.0982
-15.667
-11.0764
-9.03746
-7.08492
-5.16011
-4.5512
-3.19316
-3.18474
1.03568
0.74083
2.66375
1.9552
1.69277
3.87742
0.391049
5.93745
0.976663
3.02234
2.702
3.37746
3.97419
3.88202
-0.000693217
3.00286
3.88037
5.18915
2.92567
0.680301
2.21022
1.44322
0.422257
2.43301
0.140402
1.81239
1.77877
-1.94114
0.121425
-2.56943
-1.62097
-0.973481
3.07796
0.571287
3.86044
-1.85516
2.70931
0.00489254
3.41666
1.41686
-1.59415
-0.303974
-3.35245
3.76389
2.07517
1.81829
-0.436904
0.754035
2.05151
-0.377777
0.254173
-1.64482
-1.44241
-1.58125
-1.62917
-1.25829
-2.66241
-0.598329
-1.08932
4.25762
0.661947
-1.79727
-2.36983
-5.63033
-0.623097
-2.24909
-4.24318
-5.53712
-7.55863
-3.59486
-5.78999
-1.2323
-4.86047
-8.01451
-4.96191
-4.55797
-3.34223
-7.89524
-4.84648
-8.35216
-5.58278
-8.26767
-10.7399
-9.1739
-9.15854
-5.76595
-8.13644
-6.52356
-12.123
-13.2622
-11.554
-11.1854
-8.9583
-10.7317
-9.76198
-10.5885
-9.45789
-8.38223
-12.1124
-10.0527
-9.20855
-12.459
-9.50168
-10.8562
-9.42747
-7.9512
-8.03941
-7.58103
-10.0267
-9.95285
-9.99447
-11.4058
-14.8852
-18.3414
-23.8132
-20.9382
-17.3287
-13.8213
-6.76466
-9.59045
-3.77191
0.55558
0.268407
1.7723
-0.214014
2.61937
2.8036
2.37923
3.31339
3.92673
2.77512
4.32453
6.62128
7.66405
5.06537
6.14377
5.74725
8.36991
7.81421
7.78178
7.16575
6.29406
9.43096
6.3131
8.59982
6.50437
7.0656
5.1559
3.38646
3.32861
3.28448
3.42936
0.242885
2.42656
0.754071
2.69668
2.82191
1.98423
0.412731
0.251657
-0.3531
-2.73332
-3.08958
-1.06706
-3.6046
-2.59147
-6.12706
-6.04969
-5.60244
-5.218
-5.54197
-7.08132
-3.23811
-5.29062
-7.79206
-7.79657
-7.20891
-7.39732
-9.61616
-8.49821
-7.21882
-3.94724
-4.72732
-5.74933
-3.42559
-5.35301
-6.43391
-8.65869
-6.50384
-3.00451
-2.81882
-2.75601
-7.34025
-6.1606
-6.50092
-6.49581
-7.6639
-7.18774
-8.71177
-10.8993
-9.0985
-7.31287
-5.06278
-4.11265
-4.85155
-2.38183
0.34782
1.82064
-0.481764
-3.05871
-0.809472
-3.63297
0.653587
-2.05765
-0.600538
0.100815
2.14721
3.61634
1.18198
-0.762295
-3.46858
-3.38582
-1.23535
-0.844793
-1.89257
-3.98095
-2.25786
4.38533
1.76057
4.80553
0.274913
4.56494
1.01076
3.44825
3.76394
2.04464
3.50617
3.18443
3.66755
0.890902
3.73017
1.86874
1.72
1.4555
2.07312
1.67879
0.317687
-0.0516376
0.450244
0.868078
1.23368
1.41055
1.31015
1.70501
-0.593389
-0.725054
-3.36975
-1.92391
-2.48709
-1.97875
-2.54059
-2.62855
-1.49935
-3.13535
-3.31236
-4.50425
-6.43527
-5.88315
-5.31964
-6.10062
-5.31385
-7.06034
-4.38365
-5.35628
-5.94812
-7.43534
-7.89933
-6.56711
-5.92298
-5.42202
-6.74898
-8.54306
-9.49622
-7.95625
-6.82261
-6.59968
-9.81356
-14.4397
-14.2618
-12.1107
-13.518
-13.911
-15.7758
-11.749
-9.79216
-7.11348
-5.34516
-4.72881
-2.97188
-3.10589
0.609689
0.182773
1.87689
2.53155
2.36805
4.33217
2.50146
7.4527
1.48873
4.55363
4.36062
3.67157
6.27639
5.52379
1.58793
3.37994
4.99108
7.80097
2.60306
4.54892
2.93509
3.48866
4.19402
3.7206
2.28136
4.96528
