3.06000000
6.44000000
5.17000000
3.83000000
4.50000000
2.94000000
2.28000000
1.67000000
18.83000000
12.00000000
13.11000000
12.72000000
1.67000000
12.78000000
7.50000000
1.94000000
3.72000000
2.72000000
3.83000000
3.83000000
1.83000000
2.56000000
2.28000000
2.28000000
7.89000000
2.28000000
2.06000000
1.17000000
1.17000000
1.56000000
3.61000000
2.72000000
1.17000000
3.44000000
3.50000000
4.50000000
1.44000000
5.44000000
1.67000000
5.17000000
2.06000000
2.56000000
2.94000000
1.44000000
2.94000000
1.83000000
1.94000000
2.17000000
1.00000000
0.89000000
1.39000000
0.28000000
0.39000000
1.00000000
1.00000000
0.50000000
0.22000000
5.00000000
0.50000000
0.00000000
0.50000000
0.00000000
1.67000000
2.17000000
0.50000000
1.44000000
1.39000000
3.50000000
2.56000000
2.56000000
6.06000000
2.06000000
4.39000000
5.44000000
12.39000000
5.83000000
4.50000000
9.28000000
5.39000000
9.17000000
7.50000000
10.33000000
10.44000000
10.94000000
8.89000000
15.61000000
11.89000000
17.00000000
7.83000000
11.11000000
14.33000000
10.83000000
8.11000000
14.83000000
13.67000000
16.50000000
12.28000000
11.06000000
7.61000000
11.44000000
6.33000000
13.89000000
9.44000000
2.72000000
6.17000000
11.83000000
8.50000000
6.06000000
7.50000000
9.78000000
11.89000000
9.28000000
6.44000000
4.28000000
6.83000000
8.00000000
9.00000000
1.06000000
4.11000000
8.11000000
5.06000000
4.61000000
1.00000000
1.39000000
4.22000000
3.33000000
4.67000000
3.33000000
2.94000000
3.83000000
1.78000000
3.89000000
3.50000000
6.67000000
2.28000000
5.39000000
4.11000000
2.17000000
3.33000000
1.28000000
2.28000000
4.28000000
7.06000000
4.67000000
4.50000000
4.89000000
7.11000000
2.33000000
3.06000000
1.56000000
3.33000000
4.22000000
7.89000000
4.28000000
3.22000000
5.06000000
1.00000000
4.89000000
2.17000000
6.28000000
1.00000000
6.28000000
6.72000000
5.94000000
4.39000000
5.06000000
5.83000000
3.72000000
3.33000000
4.67000000
4.61000000
4.28000000
2.44000000
3.11000000
3.11000000
2.83000000
6.17000000
5.00000000
1.44000000
2.17000000
3.44000000
6.83000000
7.89000000
9.39000000
7.33000000
5.44000000
8.50000000
7.83000000
4.00000000
4.78000000
2.72000000
5.39000000
2.56000000
3.83000000
4.67000000
4.61000000
0.78000000
1.56000000
4.00000000
4.11000000
4.39000000
2.67000000
4.67000000
4.22000000
4.89000000
1.17000000
2.33000000
4.89000000
3.89000000
4.61000000
3.72000000
3.50000000
1.17000000
2.67000000
4.67000000
2.28000000
1.28000000
3.44000000
2.67000000
2.56000000
0.78000000
1.56000000
2.94000000
1.83000000
0.00000000
2.33000000
1.06000000
0.22000000
0.28000000
1.00000000
1.28000000
1.44000000
0.50000000
0.61000000
0.28000000
1.78000000
0.28000000
1.94000000
1.00000000
1.17000000
1.94000000
2.44000000
0.22000000
1.67000000
1.83000000
0.39000000
1.56000000
4.78000000
1.17000000
10.94000000
1.56000000
3.89000000
5.39000000
4.11000000
3.61000000
2.56000000
7.44000000
9.94000000
4.61000000
12.28000000
10.56000000
21.17000000
15.33000000
12.11000000
11.33000000
13.94000000
14.78000000
11.44000000
13.89000000
9.39000000
12.00000000
17.89000000
11.89000000
10.17000000
11.11000000
21.11000000
9.28000000
5.28000000
10.06000000
10.72000000
5.83000000
6.44000000
4.11000000
10.28000000
10.44000000
9.28000000
11.22000000
7.44000000
5.06000000
15.33000000
8.00000000
3.83000000
14.28000000
6.83000000
5.39000000
8.39000000
6.72000000
7.50000000
7.11000000
5.78000000
5.28000000
6.94000000
5.06000000
3.06000000
2.94000000
4.50000000
4.89000000
3.50000000
4.61000000
1.67000000
5.17000000
3.72000000
5.56000000
6.28000000
4.61000000
7.06000000
3.50000000
3.83000000
1.67000000
3.72000000
2.83000000
2.83000000
3.89000000
7.33000000
3.61000000
2.67000000
4.11000000
4.61000000
0.78000000
5.44000000
1.00000000
1.78000000
8.50000000
5.56000000
9.83000000
6.17000000
2.28000000
8.28000000
7.72000000
4.89000000
6.94000000
5.39000000
8.78000000
7.50000000
7.61000000
6.72000000
2.17000000
5.67000000
7.22000000
5.00000000
5.17000000
9.94000000
10.72000000
7.44000000
9.83000000
3.89000000
4.11000000
4.00000000
7.22000000
3.44000000
7.33000000
9.00000000
11.44000000
10.17000000
8.67000000
9.83000000
4.50000000
9.83000000
3.83000000
7.22000000
5.78000000
10.28000000
3.89000000
5.28000000
3.50000000
7.50000000
7.72000000
2.94000000
3.33000000
3.61000000
2.83000000
7.06000000
3.06000000
3.33000000
6.67000000
3.50000000
3.44000000
1.67000000
3.11000000
7.22000000
3.06000000
5.56000000
1.67000000
4.00000000
0.67000000
4.89000000
0.39000000
1.56000000
2.67000000
3.22000000
4.11000000
3.11000000
0.89000000
5.06000000
2.56000000
0.22000000
0.61000000
1.00000000
0.28000000
1.28000000
1.78000000
1.44000000
1.17000000
1.44000000
1.39000000
2.56000000
1.78000000
1.39000000
4.39000000
0.67000000
5.06000000
3.44000000
3.61000000
4.67000000
3.61000000
8.78000000
6.17000000
2.56000000
5.67000000
5.00000000
6.56000000
8.39000000
6.83000000
10.67000000
8.28000000
9.06000000
8.78000000
5.83000000
14.28000000
15.56000000
5.67000000
4.61000000
9.06000000
9.39000000
12.22000000
8.50000000
8.67000000
6.56000000
6.17000000
8.89000000
7.72000000
12.11000000
7.22000000
9.28000000
10.94000000
5.17000000
6.83000000
5.78000000
7.89000000
2.33000000
7.06000000
8.00000000
2.94000000
2.17000000
6.17000000
8.22000000
4.00000000
3.89000000
8.22000000
4.78000000
3.83000000
6.17000000
4.11000000
2.83000000
5.56000000
3.33000000
8.61000000
4.50000000
5.94000000
9.39000000
3.11000000
6.72000000
4.61000000
5.67000000
4.89000000
5.78000000
7.50000000
3.72000000
2.33000000
5.06000000
6.44000000
2.44000000
6.33000000
9.78000000
2.17000000
6.67000000
6.83000000
2.06000000
8.22000000
7.61000000
5.56000000
4.61000000
3.11000000
6.44000000
4.11000000
11.44000000
7.22000000
8.28000000
3.11000000
3.22000000
4.39000000
8.67000000
2.33000000
3.61000000
3.50000000
6.17000000
6.44000000
3.89000000
5.83000000
6.67000000
6.83000000
3.61000000
4.39000000
3.72000000
5.28000000
5.28000000
4.28000000
5.00000000
7.06000000
4.61000000
5.39000000
14.44000000
7.61000000
11.50000000
6.33000000
6.44000000
6.06000000
6.33000000
3.61000000
5.00000000
5.56000000
2.72000000
6.33000000
4.22000000
4.11000000
4.78000000
7.50000000
13.28000000
7.22000000
10.06000000
2.44000000
3.83000000
2.33000000
4.28000000
2.06000000
1.39000000
4.22000000
2.33000000
1.56000000
5.67000000
4.00000000
3.33000000
4.28000000
2.17000000
4.61000000
3.33000000
6.28000000
1.78000000
3.50000000
3.22000000
3.44000000
5.17000000
2.72000000
4.22000000
2.83000000
0.89000000
1.83000000
3.72000000
3.61000000
0.78000000
3.61000000
1.44000000
4.28000000
6.28000000
4.61000000
5.28000000
2.06000000
7.50000000
8.39000000
0.67000000
2.94000000
1.67000000
5.44000000
3.72000000
3.50000000
3.11000000
5.78000000
4.67000000
9.00000000
6.72000000
1.00000000
5.17000000
8.89000000
6.06000000
1.39000000
2.44000000
3.44000000
6.06000000
1.78000000
3.89000000
5.00000000
5.00000000
10.28000000
1.17000000
4.67000000
5.00000000
5.39000000
1.67000000
4.39000000
4.22000000
4.50000000
7.89000000
4.28000000
5.06000000
2.72000000
5.56000000
6.83000000
2.83000000
3.44000000
2.06000000
7.06000000
1.83000000
7.72000000
6.94000000
5.28000000
3.50000000
5.83000000
8.22000000
6.33000000
4.11000000
5.00000000
1.78000000
7.89000000
4.78000000
2.72000000
1.00000000
1.17000000
5.56000000
1.28000000
7.44000000
2.44000000
2.67000000
4.39000000
1.44000000
1.56000000
2.72000000
2.67000000
1.56000000
2.94000000
0.67000000
1.44000000
0.89000000
1.78000000
1.56000000
0.89000000
2.33000000
0.22000000
1.39000000
0.50000000
1.06000000
0.67000000
2.56000000
1.17000000
0.28000000
3.33000000
2.94000000
1.67000000
1.67000000
0.61000000
0.78000000
12.28000000
8.89000000
5.06000000
2.06000000
6.44000000
2.44000000
4.67000000
4.61000000
5.00000000
9.67000000
4.67000000
4.50000000
3.83000000
4.67000000
5.39000000
2.94000000
3.06000000
3.22000000
2.94000000
5.56000000
4.89000000
6.06000000
2.56000000
2.17000000
3.06000000
1.06000000
5.17000000
6.56000000
1.44000000
0.22000000
1.67000000
6.28000000
2.67000000
4.89000000
2.06000000
7.11000000
2.06000000
7.83000000
3.50000000
4.50000000
3.06000000
3.11000000
11.06000000
5.78000000
6.56000000
2.28000000
7.22000000
4.78000000
5.56000000
6.44000000
3.44000000
1.56000000
5.39000000
10.56000000
8.50000000
3.50000000
6.17000000
3.44000000
5.00000000
7.61000000
3.83000000
7.11000000
5.00000000
3.44000000
7.22000000
4.50000000
3.61000000
1.94000000
2.56000000
2.17000000
3.22000000
4.39000000
1.17000000
4.50000000
1.56000000
1.28000000
2.56000000
4.89000000
4.00000000
3.22000000
2.06000000
0.39000000
1.67000000
2.94000000
4.11000000
7.22000000
0.61000000
2.44000000
1.44000000
0.61000000
1.56000000
4.00000000
1.06000000
0.78000000
1.67000000
7.06000000
1.94000000
3.11000000
2.94000000
0.78000000
0.61000000
1.00000000
0.78000000
3.83000000
1.28000000
0.67000000
1.06000000
8.28000000
2.83000000
0.39000000
3.61000000
1.39000000
0.50000000
1.67000000
1.06000000
0.61000000
2.17000000
1.06000000
2.17000000
2.72000000
0.39000000
0.67000000
0.89000000
11.33000000
6.72000000
5.67000000
6.44000000
8.67000000
9.06000000
5.28000000
12.28000000
9.06000000
8.89000000
3.89000000
2.94000000
6.33000000
6.56000000
4.78000000
3.61000000
7.22000000
10.72000000
4.11000000
6.06000000
7.50000000
1.94000000
3.72000000
6.06000000
2.28000000
1.67000000
4.00000000
10.56000000
4.78000000
4.28000000
1.67000000
4.39000000
7.44000000
1.39000000
2.33000000
7.06000000
4.22000000
1.56000000
4.00000000
1.44000000
1.78000000
6.56000000
2.28000000
5.78000000
1.17000000
3.22000000
1.28000000
2.44000000
1.94000000
6.44000000
3.89000000
2.06000000
2.28000000
6.44000000
0.61000000
2.17000000
4.67000000
7.61000000
7.06000000
1.94000000
4.39000000
5.06000000
4.61000000
1.78000000
6.33000000
4.39000000
3.72000000
5.83000000
4.39000000
3.50000000
5.56000000
2.28000000
6.17000000
3.72000000
1.67000000
5.06000000
8.61000000
8.11000000
6.17000000
5.17000000
5.67000000
8.00000000
4.28000000
4.50000000
6.94000000
5.44000000
6.33000000
7.33000000
4.28000000
5.83000000
5.28000000
9.28000000
4.39000000
6.06000000
9.56000000
5.67000000
3.83000000
2.83000000
5.44000000
8.61000000
1.06000000
5.28000000
2.33000000
2.33000000
2.17000000
5.06000000
0.39000000
1.83000000
3.06000000
5.06000000
2.56000000
3.11000000
1.83000000
1.83000000
1.83000000
3.11000000
1.78000000
2.33000000
1.44000000
3.44000000
1.94000000
0.22000000
2.06000000
3.50000000
0.61000000
1.44000000
1.56000000
0.28000000
0.78000000
0.89000000
4.00000000
2.33000000
2.28000000
1.44000000
1.83000000
1.00000000
0.28000000
0.78000000
1.06000000
0.39000000
1.78000000
0.67000000
0.89000000
1.67000000
1.17000000
0.50000000
1.56000000
0.78000000
3.33000000
0.61000000
0.22000000
3.50000000
0.67000000
2.72000000
2.94000000
3.61000000
4.11000000
2.67000000
4.50000000
6.44000000
8.39000000
7.06000000
4.50000000
8.39000000
6.44000000
11.50000000
9.06000000
5.44000000
9.94000000
12.50000000
14.17000000
12.11000000
6.94000000
14.33000000
8.11000000
13.00000000
10.94000000
11.83000000
6.33000000
10.44000000
13.11000000
12.78000000
8.39000000
11.33000000
9.44000000
7.44000000
4.39000000
9.06000000
5.56000000
4.39000000
6.67000000
9.56000000
9.17000000
5.28000000
5.28000000
3.50000000
4.22000000
5.17000000
4.78000000
5.28000000
8.22000000
0.89000000
5.39000000
0.28000000
2.67000000
2.33000000
4.28000000
7.11000000
3.22000000
3.72000000
8.00000000
1.39000000
5.83000000
3.61000000
8.50000000
6.28000000
5.28000000
1.67000000
6.67000000
2.06000000
4.39000000
3.89000000
3.50000000
5.28000000
6.67000000
3.83000000
6.33000000
5.00000000
2.67000000
1.78000000
5.94000000
3.89000000
7.50000000
1.94000000
4.39000000
4.28000000
8.11000000
7.44000000
5.56000000
3.89000000
4.89000000
5.83000000
9.94000000
9.00000000
4.61000000
5.78000000
3.33000000
2.56000000
6.06000000
4.39000000
5.56000000
1.94000000
10.33000000
4.11000000
5.56000000
10.17000000
10.83000000
6.72000000
3.22000000
10.06000000
8.28000000
7.22000000
6.28000000
4.61000000
7.61000000
3.50000000
8.89000000
2.67000000
1.56000000
5.94000000
4.89000000
7.11000000
6.33000000
8.28000000
9.28000000
6.83000000
1.67000000
4.67000000
4.78000000
10.33000000
4.67000000
3.72000000
9.78000000
7.61000000
6.56000000
5.56000000
4.78000000
7.11000000
6.83000000
3.06000000
5.44000000
7.50000000
5.83000000
5.06000000
3.50000000
6.33000000
3.44000000
2.83000000
4.50000000
1.78000000
2.83000000
3.72000000
3.44000000
1.28000000
1.67000000
3.22000000
4.39000000
1.94000000
3.11000000
6.06000000
8.39000000
1.39000000
5.17000000
2.44000000
7.83000000
2.33000000
1.39000000
2.28000000
2.44000000
1.39000000
0.78000000
3.06000000
0.78000000
1.39000000
2.28000000
5.06000000
2.72000000
4.67000000
2.06000000
3.06000000
5.06000000
0.78000000
2.28000000
1.00000000
0.78000000
1.06000000
0.00000000
0.78000000
3.61000000
0.67000000
1.67000000
0.00000000
0.00000000
0.89000000
0.89000000
0.61000000
1.67000000
2.44000000
3.33000000
0.50000000
0.00000000
0.00000000
0.22000000
1.67000000
0.39000000
1.39000000
1.39000000
1.94000000
4.11000000
1.56000000
2.06000000
3.61000000
0.28000000
2.83000000
3.61000000
5.06000000
2.28000000
3.06000000
2.44000000
2.17000000
1.67000000
5.44000000
3.44000000
2.72000000
3.11000000
2.06000000
2.06000000
2.17000000
0.89000000
8.61000000
2.44000000
2.72000000
7.11000000
2.72000000
1.39000000
2.67000000
1.28000000
5.94000000
1.94000000
2.33000000
2.56000000
3.22000000
3.89000000
1.94000000
5.28000000
3.83000000
3.61000000
8.61000000
12.50000000
5.17000000
3.33000000
4.78000000
2.33000000
5.39000000
6.72000000
4.22000000
3.11000000
8.89000000
7.22000000
8.78000000
11.89000000
6.06000000
5.78000000
3.83000000
7.72000000
4.78000000
6.17000000
6.17000000
11.11000000
5.78000000
3.72000000
4.67000000
5.00000000
2.33000000
6.28000000
6.56000000
8.28000000
6.83000000
4.50000000
5.94000000
7.22000000
4.00000000
5.67000000
3.89000000
5.00000000
5.17000000
4.22000000
8.00000000
7.06000000
4.67000000
6.06000000
7.50000000
2.17000000
6.28000000
0.67000000
5.39000000
5.44000000
4.89000000
6.83000000
8.28000000
1.83000000
2.33000000
6.17000000
2.94000000
2.72000000
3.22000000
4.28000000
4.22000000
3.11000000
2.28000000
2.06000000
2.56000000
2.94000000
7.89000000
1.83000000
2.72000000
1.78000000
2.44000000
3.61000000
5.67000000
3.22000000
1.94000000
3.72000000
3.11000000
2.83000000
0.00000000
3.61000000
1.39000000
3.33000000
2.72000000
3.83000000
2.17000000
1.39000000
6.94000000
2.67000000
1.56000000
7.22000000
5.39000000
5.39000000
5.44000000
3.44000000
3.50000000
5.83000000
3.72000000
0.67000000
4.89000000
2.17000000
1.94000000
7.22000000
3.50000000
2.94000000
6.17000000
3.50000000
0.28000000
1.39000000
0.61000000
4.22000000
0.61000000
5.28000000
2.33000000
1.94000000
0.61000000
2.33000000
2.72000000
2.28000000
3.11000000
0.89000000
1.94000000
0.67000000
2.44000000
1.56000000
0.67000000
1.06000000
2.06000000
1.83000000
1.17000000
0.78000000
1.06000000
0.89000000
0.61000000
0.89000000
0.39000000
1.17000000
1.17000000
1.28000000
1.78000000
0.89000000
1.83000000
1.28000000
4.28000000
0.39000000
3.33000000
0.00000000
2.28000000
0.22000000
2.33000000
1.56000000
3.61000000
3.22000000
1.28000000
2.67000000
2.94000000
4.22000000
4.00000000
1.78000000
0.50000000
3.50000000
3.33000000
8.22000000
4.39000000
2.44000000
4.00000000
7.11000000
5.39000000
2.06000000
7.72000000
1.78000000
6.94000000
4.67000000
6.56000000
7.89000000
9.28000000
5.00000000
3.89000000
1.78000000
4.67000000
4.39000000
6.83000000
5.94000000
4.61000000
8.11000000
4.00000000
10.72000000
2.44000000
3.72000000
8.22000000
2.67000000
7.06000000
13.28000000
5.00000000
8.39000000
8.89000000
7.33000000
12.28000000
11.33000000
6.28000000
6.17000000
9.06000000
4.22000000
6.83000000
7.72000000
7.11000000
3.50000000
4.28000000
7.44000000
5.94000000
5.17000000
10.83000000
2.56000000
8.11000000
10.67000000
6.56000000
8.22000000
9.83000000
5.67000000
6.83000000
7.33000000
7.06000000
7.11000000
3.83000000
5.83000000
11.06000000
11.83000000
6.06000000
6.56000000
8.61000000
8.67000000
8.78000000
9.28000000
9.00000000
9.44000000
5.17000000
4.28000000
2.94000000
10.17000000
10.67000000
6.72000000
10.06000000
5.28000000
5.56000000
5.17000000
10.67000000
5.06000000
3.11000000
10.72000000
7.22000000
5.00000000
10.67000000
1.67000000
5.56000000
10.28000000
11.06000000
5.44000000
4.89000000
10.28000000
6.67000000
0.67000000
5.17000000
4.00000000
2.56000000
2.67000000
4.11000000
4.11000000
7.61000000
3.11000000
9.00000000
2.44000000
2.67000000
2.94000000
1.39000000
2.67000000
1.17000000
3.22000000
1.44000000
2.06000000
1.44000000
3.06000000
1.44000000
3.44000000
1.67000000
1.44000000
1.67000000
0.22000000
0.28000000
2.44000000
0.67000000
0.78000000
1.00000000
0.39000000
0.67000000
0.78000000
1.06000000
0.67000000
2.94000000
0.78000000
0.39000000
2.28000000
3.50000000
0.89000000
0.28000000
0.00000000
0.67000000
1.28000000
1.06000000
0.50000000
0.78000000
0.78000000
0.78000000
0.00000000
1.00000000
0.00000000
0.61000000
0.22000000
0.39000000
1.06000000
1.44000000
0.78000000
4.50000000
2.33000000
1.67000000
3.33000000
5.44000000
2.94000000
10.33000000
6.56000000
5.28000000
6.17000000
8.39000000
3.72000000
5.83000000
8.22000000
9.00000000
16.72000000
10.33000000
8.50000000
13.56000000
18.33000000
9.83000000
9.06000000
17.11000000
9.83000000
8.00000000
8.78000000
9.28000000
4.28000000
6.44000000
3.83000000
7.50000000
1.06000000
1.17000000
6.72000000
3.33000000
2.44000000
5.83000000
5.28000000
4.61000000
3.06000000
1.17000000
2.28000000
4.11000000
2.72000000
3.50000000
2.17000000
6.83000000
8.61000000
1.83000000
4.50000000
5.06000000
4.89000000
1.78000000
2.44000000
2.44000000
4.00000000
4.22000000
3.33000000
4.11000000
5.00000000
1.67000000
1.00000000
3.72000000
4.61000000
2.06000000
5.39000000
5.00000000
4.50000000
2.17000000
1.06000000
7.44000000
1.83000000
3.72000000
2.94000000
3.61000000
2.17000000
7.11000000
3.06000000
3.22000000
6.17000000
4.50000000
4.28000000
4.39000000
7.33000000
5.00000000
2.28000000
4.22000000
1.28000000
6.56000000
5.00000000
5.17000000
5.06000000
4.78000000
1.83000000
4.39000000
5.94000000
6.44000000
1.28000000
2.06000000
1.94000000
5.56000000
4.78000000
3.33000000
3.22000000
3.11000000
3.72000000
3.11000000
3.22000000
3.11000000
2.17000000
6.06000000
1.83000000
2.72000000
3.72000000
2.33000000
6.72000000
5.06000000
4.28000000
4.11000000
6.44000000
5.67000000
7.50000000
5.17000000
3.22000000
2.94000000
3.11000000
4.67000000
1.56000000
3.11000000
1.17000000
3.83000000
5.78000000
3.50000000
2.06000000
1.56000000
2.94000000
2.94000000
5.44000000
3.61000000
1.78000000
1.39000000
2.33000000
1.83000000
2.72000000
0.89000000
1.39000000
2.44000000
1.78000000
4.67000000
3.11000000
1.94000000
2.44000000
1.78000000
1.28000000
1.39000000
1.78000000
1.78000000
1.56000000
2.56000000
2.33000000
2.33000000
4.61000000
0.50000000
2.17000000
0.89000000
1.94000000
1.17000000
1.06000000
1.00000000
2.33000000
0.67000000
2.06000000
1.17000000
0.61000000
1.00000000
0.78000000
0.67000000
0.39000000
0.28000000
0.89000000
0.61000000
0.39000000
0.39000000
1.67000000
1.00000000
0.00000000
0.00000000
1.67000000
0.50000000
2.17000000
0.89000000
0.61000000
0.00000000
0.39000000
0.78000000
1.00000000
0.89000000
0.28000000
0.00000000
0.78000000
0.00000000
1.00000000
2.44000000
0.89000000
0.67000000
0.28000000
0.28000000
0.61000000
0.78000000
1.06000000
1.17000000
1.39000000
1.28000000
1.00000000
1.00000000
1.67000000
2.28000000
0.78000000
0.61000000
2.06000000
2.28000000
3.44000000
3.11000000
2.67000000
3.33000000
3.61000000
3.72000000
8.22000000
8.28000000
5.06000000
3.89000000
2.56000000
7.33000000
9.83000000
8.78000000
11.72000000
14.28000000
9.94000000
13.94000000
14.17000000
11.11000000
17.94000000
7.61000000
6.67000000
22.28000000
13.78000000
14.17000000
15.94000000
8.61000000
17.39000000
13.39000000
9.83000000
12.28000000
14.44000000
9.83000000
10.17000000
9.56000000
8.89000000
8.67000000
4.00000000
8.39000000
12.78000000
6.33000000
3.44000000
4.50000000
3.89000000
5.83000000
4.78000000
5.78000000
5.39000000
4.11000000
1.94000000
5.67000000
3.72000000
7.89000000
5.56000000
4.22000000
4.11000000
13.28000000
4.61000000
0.22000000
7.89000000
5.00000000
0.89000000
2.17000000
3.11000000
2.72000000
6.44000000
3.89000000
5.28000000
2.17000000
7.83000000
4.39000000
3.72000000
1.67000000
4.22000000
6.28000000
1.39000000
3.50000000
3.89000000
4.39000000
1.78000000
2.83000000
1.39000000
2.67000000
2.44000000
6.83000000
4.61000000
3.72000000
1.06000000
3.72000000
2.28000000
1.67000000
2.28000000
4.67000000
3.06000000
2.72000000
3.72000000
6.44000000
1.56000000
2.28000000
1.94000000
0.61000000
4.61000000
8.11000000
2.83000000
4.89000000
5.06000000
4.00000000
5.28000000
5.06000000
2.67000000
2.83000000
4.50000000
2.33000000
5.17000000
5.78000000
4.39000000
3.06000000
4.67000000
5.39000000
5.94000000
1.78000000
7.11000000
3.33000000
5.44000000
4.50000000
6.28000000
5.17000000
8.78000000
5.44000000
6.44000000
9.00000000
4.22000000
6.06000000
7.06000000
4.89000000
1.39000000
5.39000000
1.94000000
3.83000000
5.00000000
5.78000000
10.72000000
10.44000000
4.28000000
5.39000000
3.22000000
0.61000000
5.67000000
5.06000000
6.28000000
5.39000000
2.44000000
4.67000000
3.33000000
2.28000000
2.06000000
3.89000000
1.94000000
3.33000000
4.61000000
5.06000000
6.94000000
3.72000000
1.83000000
1.67000000
3.72000000
3.22000000
5.83000000
1.67000000
2.17000000
5.28000000
4.22000000
1.06000000
1.17000000
0.78000000
1.67000000
2.28000000
0.67000000
4.50000000
1.28000000
0.39000000
0.67000000
2.33000000
0.78000000
2.17000000
1.94000000
1.67000000
1.83000000
1.67000000
2.72000000
0.89000000
1.56000000
0.28000000
0.89000000
0.67000000
1.44000000
0.00000000
1.44000000
0.00000000
1.00000000
1.00000000
2.44000000
0.61000000
0.89000000
1.00000000
0.89000000
1.06000000
1.83000000
3.44000000
0.00000000
0.00000000
0.00000000
1.17000000
0.28000000
0.22000000
0.61000000
0.78000000
0.00000000
0.00000000
0.00000000
1.78000000
1.67000000
1.67000000
0.89000000
0.00000000
0.61000000
1.00000000
0.78000000
1.28000000
1.17000000
0.78000000
0.89000000
0.00000000
1.94000000
1.17000000
0.28000000
1.06000000
3.44000000
0.22000000
1.78000000
1.94000000
3.33000000
0.78000000
0.67000000
3.89000000
6.44000000
6.33000000
6.56000000
13.50000000
4.00000000
5.83000000
8.78000000
9.06000000
8.50000000
9.17000000
11.50000000
10.83000000
12.22000000
17.56000000
13.28000000
16.11000000
11.06000000
14.78000000
10.44000000
11.83000000
14.67000000
17.17000000
14.67000000
10.44000000
17.56000000
11.22000000
10.17000000
12.22000000
8.00000000
18.67000000
8.89000000
10.28000000
15.83000000
12.61000000
5.28000000
13.00000000
8.11000000
7.72000000
7.61000000
5.94000000
8.11000000
8.22000000
4.39000000
6.72000000
5.56000000
6.17000000
4.00000000
6.17000000
2.72000000
8.67000000
3.61000000
9.28000000
5.67000000
3.33000000
6.44000000
3.72000000
1.67000000
3.33000000
2.17000000
6.56000000
4.39000000
3.33000000
2.67000000
1.67000000
8.67000000
3.50000000
3.61000000
4.78000000
2.06000000
3.50000000
6.06000000
3.06000000
1.44000000
1.39000000
2.17000000
5.39000000
1.94000000
2.17000000
2.17000000
4.11000000
4.28000000
1.67000000
6.44000000
3.50000000
4.67000000
2.94000000
2.72000000
2.17000000
1.67000000
4.22000000
2.33000000
2.33000000
1.67000000
4.89000000
2.56000000
4.22000000
2.56000000
1.67000000
6.17000000
1.83000000
4.28000000
3.50000000
2.94000000
8.00000000
3.44000000
3.83000000
6.83000000
5.94000000
2.94000000
1.44000000
4.50000000
1.39000000
4.11000000
1.17000000
5.28000000
4.11000000
2.83000000
1.83000000
4.89000000
3.61000000
2.17000000
5.78000000
7.50000000
6.06000000
1.06000000
8.67000000
4.11000000
4.28000000
3.06000000
6.06000000
5.83000000
2.44000000
2.28000000
4.61000000
5.56000000
5.83000000
3.11000000
3.89000000
2.83000000
3.44000000
2.44000000
1.44000000
5.56000000
4.78000000
3.61000000
1.39000000
0.67000000
5.94000000
3.83000000
4.61000000
5.83000000
4.00000000
5.94000000
1.83000000
1.94000000
1.83000000
2.72000000
3.11000000
4.89000000
0.89000000
2.33000000
1.56000000
2.72000000
2.83000000
2.33000000
2.83000000
3.06000000
6.44000000
1.56000000
4.39000000
1.39000000
4.11000000
1.44000000
1.56000000
4.67000000
0.67000000
5.67000000
2.67000000
1.28000000
2.06000000
2.72000000
3.89000000
1.06000000
2.44000000
1.44000000
2.44000000
4.39000000
1.56000000
1.94000000
3.61000000
1.28000000
1.44000000
0.00000000
1.83000000
0.67000000
0.39000000
1.67000000
1.00000000
2.06000000
0.39000000
0.00000000
0.61000000
0.00000000
0.28000000
0.50000000
0.00000000
0.00000000
0.00000000
0.39000000
1.94000000
1.56000000
2.28000000
0.39000000
0.39000000
2.28000000
1.94000000
1.06000000
0.00000000
0.00000000
1.06000000
0.67000000
0.00000000
0.00000000
1.28000000
0.67000000
1.00000000
0.67000000
0.89000000
0.00000000
2.06000000
0.00000000
0.50000000
0.00000000
1.83000000
2.56000000
0.00000000
0.39000000
0.89000000
2.28000000
0.00000000
0.89000000
0.00000000
0.28000000
0.00000000
0.00000000
0.28000000
3.33000000
0.78000000
1.39000000
0.89000000
5.28000000
1.83000000
2.83000000
2.28000000
2.28000000
1.83000000
3.33000000
4.67000000
1.28000000
3.89000000
6.56000000
7.44000000
7.06000000
7.61000000
5.56000000
7.50000000
7.72000000
14.06000000
11.06000000
8.61000000
16.33000000
13.28000000
16.61000000
14.44000000
16.78000000
18.17000000
14.67000000
16.78000000
8.89000000
10.83000000
8.50000000
1.28000000
2.83000000
16.78000000
8.11000000
1.28000000
5.39000000
19.17000000
6.67000000
8.11000000
9.39000000
12.89000000
8.67000000
6.94000000
12.72000000
8.67000000
6.06000000
4.00000000
8.78000000
6.83000000
5.78000000
6.06000000
4.61000000
3.22000000
4.22000000
13.39000000
6.28000000
9.56000000
12.39000000
2.33000000
5.00000000
6.56000000
4.67000000
2.94000000
6.17000000
1.00000000
7.11000000
3.61000000
3.22000000
7.61000000
3.06000000
2.06000000
5.83000000
4.22000000
4.50000000
4.50000000
1.44000000
0.67000000
5.56000000
2.56000000
3.33000000
3.61000000
5.78000000
5.17000000
6.56000000
3.72000000
2.28000000
5.39000000
2.06000000
4.78000000
5.94000000
3.83000000
3.22000000
6.94000000
1.00000000
1.83000000
3.50000000
2.56000000
3.83000000
5.00000000
3.06000000
1.28000000
2.33000000
2.44000000
5.06000000
2.83000000
4.89000000
1.56000000
2.67000000
2.17000000
5.67000000
2.06000000
3.83000000
5.94000000
3.89000000
5.06000000
6.94000000
0.00000000
5.39000000
4.67000000
5.67000000
6.06000000
7.22000000
2.94000000
3.06000000
3.44000000
3.89000000
2.56000000
2.72000000
6.28000000
2.83000000
4.11000000
5.78000000
7.89000000
4.22000000
2.83000000
4.50000000
11.11000000
9.28000000
5.06000000
3.44000000
8.50000000
5.56000000
