62.8763
59.5855
63.4386
58.5956
63.9379
55.7917
60.4617
62.6549
52.3867
54.8972
50.1561
66.7554
54.6137
56.8581
56.5084
64.9372
48.1473
56.0292
62.3092
58.2511
61.9938
64.4841
56.9448
62.8802
57.8618
64.6569
61.5218
57.4683
61.381
61.1822
57.9135
53.7825
60.2355
58.1129
59.0311
53.4863
57.975
61.9894
47.5897
58.0116
44.9481
62.5096
49.3571
49.5664
58.0955
59.4663
47.8344
51.0821
59.6982
52.6746
51.5888
56.7791
51.4532
53.4476
51.1873
61.7571
55.411
51.4622
57.9234
58.654
59.7046
58.3341
64.4598
59.2587
64.4491
57.9739
67.6992
63.2822
61.3715
66.8063
60.2521
64.1836
61.6387
60.9023
64.8178
60.9077
61.1154
60.0487
62.4395
60.9262
57.9342
62.2519
61.3018
57.3669
61.7076
63.9807
59.1391
61.3329
62.4535
66.0532
56.3455
58.7209
60.1153
58.7646
66.2249
58.0455
68.0586
60.6975
60.8238
62.3052
63.0153
64.1035
62.0404
65.4048
59.7138
64.2281
65.9968
60.919
66.0009
59.2598
61.7132
64.9118
61.3606
58.7168
66.0006
59.4737
59.1249
59
63.0508
67.2215
52.6654
61.1968
60.2657
61.8717
63.7003
55.9578
68.3925
57.6833
58.8295
58.0976
59.2972
60.0169
54.3906
64.8802
55.0704
61.661
61.1524
58.3194
60.9026
55.9911
55.1304
63.0114
60.9664
54.0134
66.5233
57.5292
60.9141
57.4685
61.813
63.8094
60.4809
66.3013
61.1326
64.2671
65.7472
56.6917
69.5091
56.9557
66.1132
64.1157
63.0715
59.6128
62.1769
62.0526
60.7278
60.5407
60.5523
62.5048
63.0729
57.0458
63.8229
61.2782
63.6759
55.5688
64.4601
60.9146
59.4731
64.2421
64.5148
57.3442
60.1958
59.3778
57.9931
64.0958
60.4664
61.6322
63.0865
55.4991
63.5721
60.5909
62.0807
60.4771
63.8106
60.5753
60.7102
65.7365
55.8945
63.7333
62.098
56.5442
64.436
61.6733
59.021
60.6156
56.8348
59.1956
52.6064
67.8498
57.8445
58.8896
61.0218
59.802
59.4641
62.0801
52.9522
65.7203
58.5596
52.8091
60.6421
59.2862
56.7738
60.8133
55.279
54.6412
60.4069
56.8922
56.4067
58.7112
61.6849
56.9893
62.9815
58.987
54.8195
63.1842
61.7276
58.1533
62.6712
65.448
63.3065
58.2138
57.2281
63.6616
62.9294
58.4506
61.7447
62.2801
63.0935
56.0513
62.9752
64.5961
60.5772
60.4013
66.266
59.3472
66.7546
61.6433
66.7159
57.8632
64.1519
59.1183
67.6078
61.2554
61.5143
63.655
65.9486
56.054
66.6185
71.14
58.8731
54.2098
66.013
67.5007
62.8502
72.3893
70.0307
64.7109
64.3109
56.9317
77.5024
71.4672
67.5306
73.3776
71.1359
64.4761
70.5436
77.1537
64.7302
63.8452
67.7881
64.5
70.6017
71.9691
64.4252
69.9392
61.7453
64.3989
72.9792
64.2056
59.3444
54.7337
73.1452
61.1438
58.4691
74.9626
55.8953
46.1735
54.868
50.9352
69.2658
57.7927
58.7218
63.5064
53.0018
52.9466
60.4598
57.7305
41.4194
49.5074
51.8363
48.2295
48.8833
64.6233
34.4715
54.3636
41.6272
54.5108
58.66
51.0149
63.3133
57.441
57.5625
55.8442
62.5591
59.2778
59.5594
60.2269
59.8479
66.202
58.37
58.1384
60.9746
60.0064
60.7026
60.5055
59.6696
57.332
57.627
61.1194
55.2492
62.7844
54.5581
72.3532
43.6665
67.0741
57.797
63.9471
57.698
55.75
62.7133
60.0151
59.3343
56.2287
66.4463
56.6344
60.3097
60.7659
57.1184
62.295
61.2638
57.5748
61.999
58.1361
64.85
58.1677
64.217
55.9269
66.3112
62.399
58.4101
60.6633
61.96
67.7929
53.6026
58.3608
61.7805
59.1931
57.0798
57.9101
63.6463
62.1313
60.7798
56.0739
62.7111
64.8585
59.5073
63.8545
54.1218
72.628
64.1019
60.8986
72.0893
70.2188
72.8853
62.7821
71.1932
72.8595
74.0053
72.4955
69.2609
70.4608
72.7303
74.0648
69.9478
66.048
69.4116
75.3501
65.7441
65.053
79.0076
69.3068
67.0723
62.3433
65.0726
76.1777
60.6243
64.6863
53.1091
78.139
54.6889
53.3783
69.8497
61.041
59.8042
52.1839
60.1309
63.3852
58.6595
53.2939
59.3503
57.1812
49.3525
55.4405
51.6499
41.7949
50.0323
52.0501
46.8578
45.1613
60.6391
49.7781
54.661
52.3326
58.8908
63.3089
55.292
66.9791
59.6834
63.8763
56.8849
63.119
65.3104
57.1418
67.6747
61.8957
58.0371
59.2985
60.4537
60.461
59.8615
67.1698
63.2575
64.5861
61.056
65.0158
64.9789
55.4546
58.0885
61.3729
62.6792
54.405
64.5957
64.3482
60.752
61.0201
58.2577
66.1488
61.1409
63.9459
61.8319
67.6593
62.9988
62.394
70.016
61.912
59.5065
66.0914
58.7907
65.4823
60.1076
64.2311
60.5095
60.8087
57.5619
64.4796
58.4723
58.5321
56.2987
57.6566
58.3485
51.7922
59.3514
55.8841
52.2126
58.7213
50.6793
58.1092
56.5183
51.5219
52.2662
51.8994
57.5336
56.3317
58.8954
52.9471
55.9551
53.6486
51.4423
56.764
53.9593
56.0658
53.7058
56.5924
52.3173
57.399
54.721
58.6653
56.8773
53.984
61.5393
57.8692
55.0152
62.6703
55.8574
63.6373
55.8335
62.942
60.8786
61.8132
57.714
59.4503
63.5824
60.2092
62.4887
67.6224
63.0216
59.107
65.209
58.3639
67.5847
64.6589
60.2418
66.9764
57.4977
55.507
72.1925
65.8326
74.8482
49.3262
80.3409
61.003
62.7565
65.1997
72.881
78.303
49.382
72.1942
76.699
71.7756
67.9266
72.1274
68.3446
62.3027
58.4701
81.5283
72.6093
61.6946
67.1974
65.8756
65.7348
65.3888
59.8643
76.2428
46.6288
60.5511
74.083
64.2223
75.2373
38.6458
66.0771
55.9321
54.2121
52.7596
83.7809
80.1799
25.4915
75.5977
68.2189
72.7816
68.0012
50.2563
69.1527
50.2032
46.9615
75.2477
81.3981
53.7971
63.2562
69.2996
56.693
65.7097
72.8309
80.2305
55.9398
69.6737
68.7262
76.4515
75.5242
52.3042
68.2234
72.4357
63.4483
61.9117
75.7788
79.8598
39.8646
59.7308
64.1379
67.8833
61.9867
47.7382
67.7634
55.1971
43.1397
55.6949
74.5239
44.3161
50.2405
57.792
48.4453
41.1963
57.0177
43.433
40.7782
36.6019
48.8504
48.4052
46.6009
38.9206
56.3468
45.2896
50.2875
59.5841
61.6461
61.3286
56.9094
67.0241
59.2139
64.7633
65.542
66.6547
69.915
67.1828
65.5311
66.6845
68.5585
62.3691
67.4189
69.6457
61.2387
64.9542
66.2166
58.7875
70.7279
63.2187
62.8971
62.9215
56.2377
62.3128
69.2376
61.9016
57.9693
64.5156
60.7779
57.4607
66.36
65.699
63.9364
63.3181
56.488
64.5733
72.9543
59.3901
65.7018
66.2135
57.1207
63.1287
63.4929
68.9902
59.5302
64.6449
59.8875
61.5275
73.1899
55.8087
69.9408
64.5651
54.3909
69.6567
60.9946
60.5517
54.8564
62.7817
53.3633
59.5586
68.9
57.0367
64.9623
55.3264
54.1124
63.7725
59.4716
56.6036
65.6425
57.9778
53.9565
59.0157
56.0698
51.323
52.4071
49.7317
51.7155
51.2827
59.6621
48.7133
58.9089
49.6002
55.0798
55.7695
51.6031
55.0977
63.9235
58.6633
56.9864
57.244
60.0984
53.0686
55.7423
54.6204
58.9543
51.923
62.3568
55.6397
59.2283
62.5483
59.7623
60.4959
60.9022
