248.00000000
178.00000000
155.00000000
121.00000000
103.00000000
96.00000000
170.00000000
168.00000000
177.00000000
211.00000000
258.00000000
191.00000000
4416.00000000
200.00000000
210.00000000
197.00000000
238.00000000
264.00000000
263.00000000
237.00000000
218.00000000
218.00000000
286.00000000
287.00000000
312.00000000
296.00000000
213.00000000
189.00000000
174.00000000
210.00000000
229.00000000
226.00000000
348.00000000
58.00000000
118.00000000
121.00000000
530.00000000
185.00000000
189.00000000
221.00000000
392.00000000
418.00000000
603.00000000
705.00000000
798.00000000
729.00000000
863.00000000
916.00000000
652.00000000
881.00000000
383.00000000
393.00000000
29.00000000
69.00000000
99.00000000
73.00000000
106.00000000
159.00000000
110.00000000
96.00000000
611.00000000
1144.00000000
1321.00000000
1510.00000000
1623.00000000
1932.00000000
2051.00000000
1978.00000000
2942.00000000
3036.00000000
3182.00000000
2869.00000000
3058.00000000
4290.00000000
3922.00000000
4295.00000000
4757.00000000
5161.00000000
5241.00000000
5578.00000000
277.00000000
217.00000000
226.00000000
308.00000000
349.00000000
230.00000000
224.00000000
261.00000000
182.00000000
162.00000000
162.00000000
192.00000000
190.00000000
201.00000000
301.00000000
114.00000000
122.00000000
111.00000000
157.00000000
92.00000000
147.00000000
154.00000000
144.00000000
214.00000000
147.00000000
189.00000000
186.00000000
141.00000000
186.00000000
228.00000000
268.00000000
285.00000000
320.00000000
436.00000000
353.00000000
431.00000000
188.00000000
203.00000000
202.00000000
240.00000000
293.00000000
324.00000000
386.00000000
414.00000000
374.00000000
317.00000000
291.00000000
316.00000000
317.00000000
237.00000000
216.00000000
166.00000000
168.00000000
142.00000000
72.00000000
390.00000000
315.00000000
334.00000000
210.00000000
148.00000000
915.00000000
922.00000000
912.00000000
980.00000000
190.00000000
208.00000000
188.00000000
212.00000000
297.00000000
322.00000000
359.00000000
360.00000000
307.00000000
204.00000000
258.00000000
239.00000000
219.00000000
788.00000000
1147.00000000
1328.00000000
330.00000000
249.00000000
521.00000000
549.00000000
631.00000000
141.00000000
146.00000000
153.00000000
171.00000000
363.00000000
147.00000000
191.00000000
188.00000000
195.00000000
178.00000000
352.00000000
146.00000000
456.00000000
146.00000000
267.00000000
145.00000000
139.00000000
144.00000000
183.00000000
162.00000000
168.00000000
864.00000000
799.00000000
821.00000000
730.00000000
606.00000000
1012.00000000
760.00000000
987.00000000
719.00000000
2155.00000000
515.00000000
518.00000000
789.00000000
989.00000000
1072.00000000
1011.00000000
1070.00000000
2432.00000000
1587.00000000
1402.00000000
1208.00000000
1425.00000000
1288.00000000
1081.00000000
383.00000000
1022.00000000
2439.00000000
1908.00000000
749.00000000
183.00000000
155.00000000
161.00000000
171.00000000
203.00000000
291.00000000
381.00000000
410.00000000
273.00000000
266.00000000
207.00000000
301.00000000
405.00000000
154.00000000
164.00000000
139.00000000
153.00000000
154.00000000
164.00000000
152.00000000
181.00000000
149.00000000
138.00000000
135.00000000
150.00000000
107.00000000
117.00000000
111.00000000
104.00000000
146.00000000
130.00000000
134.00000000
136.00000000
201.00000000
246.00000000
240.00000000
301.00000000
356.00000000
308.00000000
347.00000000
488.00000000
466.00000000
378.00000000
323.00000000
218.00000000
205.00000000
208.00000000
277.00000000
318.00000000
207.00000000
99.00000000
100.00000000
110.00000000
120.00000000
125.00000000
139.00000000
180.00000000
163.00000000
167.00000000
199.00000000
193.00000000
181.00000000
180.00000000
179.00000000
175.00000000
156.00000000
123.00000000
50.00000000
126.00000000
142.00000000
247.00000000
200.00000000
5461.00000000
168.00000000
194.00000000
190.00000000
291.00000000
211.00000000
197.00000000
255.00000000
281.00000000
270.00000000
500.00000000
595.00000000
736.00000000
344.00000000
440.00000000
550.00000000
444.00000000
335.00000000
364.00000000
390.00000000
395.00000000
305.00000000
359.00000000
294.00000000
273.00000000
236.00000000
279.00000000
312.00000000
219.00000000
168.00000000
136.00000000
154.00000000
168.00000000
178.00000000
181.00000000
312.00000000
332.00000000
368.00000000
302.00000000
309.00000000
306.00000000
436.00000000
651.00000000
684.00000000
822.00000000
901.00000000
643.00000000
339.00000000
372.00000000
310.00000000
259.00000000
239.00000000
200.00000000
159.00000000
146.00000000
138.00000000
89.00000000
125.00000000
59.00000000
61.00000000
675.00000000
699.00000000
552.00000000
1170.00000000
1687.00000000
171.00000000
296.00000000
304.00000000
340.00000000
370.00000000
417.00000000
425.00000000
424.00000000
342.00000000
291.00000000
387.00000000
334.00000000
296.00000000
276.00000000
263.00000000
248.00000000
302.00000000
235.00000000
253.00000000
264.00000000
133.00000000
108.00000000
114.00000000
116.00000000
100.00000000
102.00000000
94.00000000
92.00000000
84.00000000
124.00000000
122.00000000
124.00000000
144.00000000
127.00000000
143.00000000
108.00000000
131.00000000
133.00000000
153.00000000
111.00000000
114.00000000
172.00000000
143.00000000
105.00000000
110.00000000
113.00000000
130.00000000
129.00000000
115.00000000
715.00000000
1351.00000000
1518.00000000
1606.00000000
1614.00000000
208.00000000
235.00000000
209.00000000
217.00000000
176.00000000
150.00000000
178.00000000
183.00000000
279.00000000
304.00000000
275.00000000
167.00000000
166.00000000
151.00000000
145.00000000
135.00000000
144.00000000
127.00000000
135.00000000
110.00000000
116.00000000
140.00000000
170.00000000
144.00000000
128.00000000
132.00000000
114.00000000
123.00000000
122.00000000
111.00000000
111.00000000
115.00000000
103.00000000
111.00000000
110.00000000
118.00000000
128.00000000
129.00000000
179.00000000
166.00000000
131.00000000
133.00000000
136.00000000
133.00000000
135.00000000
128.00000000
124.00000000
146.00000000
125.00000000
120.00000000
117.00000000
125.00000000
131.00000000
137.00000000
125.00000000
90.00000000
91.00000000
88.00000000
101.00000000
102.00000000
107.00000000
84.00000000
80.00000000
84.00000000
91.00000000
106.00000000
98.00000000
108.00000000
182.00000000
250.00000000
249.00000000
206.00000000
192.00000000
278.00000000
366.00000000
336.00000000
211.00000000
151.00000000
149.00000000
165.00000000
176.00000000
203.00000000
224.00000000
207.00000000
243.00000000
254.00000000
229.00000000
282.00000000
360.00000000
368.00000000
324.00000000
318.00000000
333.00000000
395.00000000
428.00000000
362.00000000
394.00000000
334.00000000
345.00000000
391.00000000
419.00000000
567.00000000
684.00000000
470.00000000
359.00000000
87.00000000
79.00000000
184.00000000
200.00000000
165.00000000
137.00000000
138.00000000
136.00000000
126.00000000
144.00000000
113.00000000
120.00000000
150.00000000
148.00000000
174.00000000
192.00000000
222.00000000
241.00000000
265.00000000
283.00000000
342.00000000
485.00000000
472.00000000
545.00000000
555.00000000
421.00000000
308.00000000
144.00000000
153.00000000
159.00000000
140.00000000
135.00000000
123.00000000
136.00000000
136.00000000
3106.00000000
280.00000000
186.00000000
176.00000000
281.00000000
282.00000000
508.00000000
1789.00000000
1217.00000000
121.00000000
123.00000000
125.00000000
128.00000000
113.00000000
120.00000000
374.00000000
141.00000000
644.00000000
703.00000000
153.00000000
156.00000000
491.00000000
147.00000000
474.00000000
824.00000000
1346.00000000
758.00000000
270.00000000
1277.00000000
1057.00000000
649.00000000
730.00000000
1179.00000000
1127.00000000
1052.00000000
1563.00000000
1334.00000000
1561.00000000
1795.00000000
2192.00000000
1139.00000000
711.00000000
739.00000000
834.00000000
817.00000000
801.00000000
355.00000000
392.00000000
161.00000000
2875.00000000
2988.00000000
2818.00000000
1415.00000000
2331.00000000
909.00000000
1218.00000000
862.00000000
132.00000000
187.00000000
211.00000000
383.00000000
154.00000000
176.00000000
119.00000000
126.00000000
143.00000000
167.00000000
150.00000000
145.00000000
193.00000000
282.00000000
226.00000000
204.00000000
174.00000000
195.00000000
253.00000000
328.00000000
268.00000000
270.00000000
358.00000000
388.00000000
360.00000000
413.00000000
407.00000000
400.00000000
328.00000000
343.00000000
354.00000000
360.00000000
337.00000000
344.00000000
274.00000000
289.00000000
204.00000000
222.00000000
202.00000000
162.00000000
130.00000000
152.00000000
157.00000000
175.00000000
178.00000000
166.00000000
161.00000000
157.00000000
130.00000000
128.00000000
1092.00000000
1556.00000000
1423.00000000
911.00000000
681.00000000
839.00000000
1117.00000000
430.00000000
683.00000000
574.00000000
580.00000000
499.00000000
646.00000000
589.00000000
663.00000000
517.00000000
1087.00000000
1123.00000000
763.00000000
732.00000000
860.00000000
1420.00000000
1492.00000000
102.00000000
101.00000000
112.00000000
1772.00000000
251.00000000
106.00000000
103.00000000
115.00000000
222.00000000
216.00000000
243.00000000
290.00000000
325.00000000
301.00000000
298.00000000
236.00000000
272.00000000
263.00000000
201.00000000
196.00000000
209.00000000
242.00000000
289.00000000
241.00000000
246.00000000
114.00000000
109.00000000
73.00000000
75.00000000
92.00000000
150.00000000
171.00000000
195.00000000
269.00000000
442.00000000
463.00000000
405.00000000
402.00000000
370.00000000
350.00000000
346.00000000
347.00000000
235.00000000
205.00000000
228.00000000
76.00000000
79.00000000
196.00000000
302.00000000
201.00000000
183.00000000
151.00000000
170.00000000
259.00000000
331.00000000
360.00000000
264.00000000
275.00000000
322.00000000
297.00000000
319.00000000
409.00000000
404.00000000
402.00000000
355.00000000
570.00000000
572.00000000
483.00000000
350.00000000
314.00000000
393.00000000
346.00000000
361.00000000
403.00000000
424.00000000
487.00000000
470.00000000
414.00000000
180.00000000
167.00000000
188.00000000
176.00000000
194.00000000
209.00000000
223.00000000
276.00000000
327.00000000
291.00000000
282.00000000
305.00000000
275.00000000
139.00000000
171.00000000
180.00000000
214.00000000
209.00000000
45.00000000
49.00000000
52.00000000
962.00000000
1178.00000000
111.00000000
138.00000000
197.00000000
193.00000000
152.00000000
215.00000000
265.00000000
312.00000000
117.00000000
161.00000000
116.00000000
145.00000000
280.00000000
370.00000000
352.00000000
300.00000000
221.00000000
198.00000000
262.00000000
298.00000000
384.00000000
369.00000000
336.00000000
561.00000000
366.00000000
436.00000000
472.00000000
341.00000000
220.00000000
256.00000000
225.00000000
168.00000000
172.00000000
248.00000000
185.00000000
194.00000000
130.00000000
120.00000000
196.00000000
187.00000000
177.00000000
197.00000000
252.00000000
311.00000000
332.00000000
293.00000000
254.00000000
274.00000000
379.00000000
410.00000000
331.00000000
351.00000000
325.00000000
270.00000000
313.00000000
2409.00000000
287.00000000
284.00000000
208.00000000
74.00000000
73.00000000
154.00000000
140.00000000
197.00000000
266.00000000
287.00000000
327.00000000
250.00000000
177.00000000
172.00000000
183.00000000
219.00000000
192.00000000
190.00000000
142.00000000
137.00000000
92.00000000
94.00000000
123.00000000
140.00000000
204.00000000
212.00000000
253.00000000
281.00000000
256.00000000
363.00000000
267.00000000
369.00000000
358.00000000
362.00000000
292.00000000
317.00000000
373.00000000
341.00000000
310.00000000
298.00000000
285.00000000
525.00000000
731.00000000
688.00000000
168.00000000
164.00000000
101.00000000
114.00000000
104.00000000
112.00000000
117.00000000
260.00000000
309.00000000
202.00000000
295.00000000
395.00000000
322.00000000
292.00000000
290.00000000
273.00000000
304.00000000
258.00000000
266.00000000
332.00000000
322.00000000
205.00000000
184.00000000
150.00000000
180.00000000
172.00000000
254.00000000
187.00000000
203.00000000
169.00000000
179.00000000
159.00000000
40.00000000
39.00000000
105.00000000
144.00000000
234.00000000
184.00000000
195.00000000
213.00000000
301.00000000
314.00000000
412.00000000
390.00000000
463.00000000
448.00000000
530.00000000
432.00000000
372.00000000
336.00000000
311.00000000
318.00000000
358.00000000
132.00000000
248.00000000
279.00000000
251.00000000
311.00000000
343.00000000
377.00000000
386.00000000
343.00000000
354.00000000
355.00000000
337.00000000
276.00000000
209.00000000
203.00000000
184.00000000
151.00000000
498.00000000
1000.00000000
1364.00000000
1635.00000000
57.00000000
58.00000000
155.00000000
119.00000000
110.00000000
183.00000000
364.00000000
278.00000000
221.00000000
328.00000000
146.00000000
136.00000000
121.00000000
132.00000000
180.00000000
253.00000000
229.00000000
263.00000000
307.00000000
312.00000000
313.00000000
373.00000000
184.00000000
123.00000000
129.00000000
133.00000000
194.00000000
192.00000000
178.00000000
205.00000000
250.00000000
283.00000000
296.00000000
256.00000000
218.00000000
197.00000000
226.00000000
257.00000000
211.00000000
225.00000000
262.00000000
280.00000000
483.00000000
628.00000000
1047.00000000
1111.00000000
764.00000000
504.00000000
729.00000000
627.00000000
288.00000000
318.00000000
167.00000000
156.00000000
161.00000000
169.00000000
181.00000000
190.00000000
154.00000000
170.00000000
77.00000000
175.00000000
190.00000000
187.00000000
141.00000000
157.00000000
173.00000000
177.00000000
140.00000000
140.00000000
141.00000000
146.00000000
155.00000000
142.00000000
155.00000000
211.00000000
232.00000000
285.00000000
324.00000000
314.00000000
236.00000000
170.00000000
161.00000000
180.00000000
222.00000000
228.00000000
240.00000000
219.00000000
226.00000000
221.00000000
204.00000000
233.00000000
263.00000000
129.00000000
114.00000000
94.00000000
109.00000000
157.00000000
171.00000000
304.00000000
379.00000000
502.00000000
608.00000000
607.00000000
695.00000000
437.00000000
260.00000000
115.00000000
108.00000000
113.00000000
111.00000000
142.00000000
207.00000000
230.00000000
305.00000000
361.00000000
205.00000000
288.00000000
351.00000000
387.00000000
293.00000000
326.00000000
405.00000000
579.00000000
486.00000000
547.00000000
710.00000000
604.00000000
480.00000000
620.00000000
494.00000000
570.00000000
420.00000000
333.00000000
272.00000000
167.00000000
124.00000000
102.00000000
114.00000000
665.00000000
1777.00000000
1774.00000000
122.00000000
124.00000000
171.00000000
174.00000000
207.00000000
238.00000000
265.00000000
322.00000000
270.00000000
213.00000000
205.00000000
173.00000000
195.00000000
221.00000000
272.00000000
336.00000000
394.00000000
472.00000000
519.00000000
565.00000000
523.00000000
636.00000000
345.00000000
326.00000000
281.00000000
199.00000000
238.00000000
383.00000000
413.00000000
389.00000000
364.00000000
394.00000000
376.00000000
368.00000000
193.00000000
187.00000000
177.00000000
134.00000000
110.00000000
114.00000000
90.00000000
99.00000000
187.00000000
131.00000000
117.00000000
400.00000000
114.00000000
152.00000000
160.00000000
574.00000000
218.00000000
250.00000000
280.00000000
257.00000000
246.00000000
225.00000000
167.00000000
195.00000000
247.00000000
279.00000000
334.00000000
368.00000000
334.00000000
359.00000000
500.00000000
587.00000000
612.00000000
536.00000000
728.00000000
844.00000000
566.00000000
675.00000000
616.00000000
781.00000000
702.00000000
476.00000000
297.00000000
258.00000000
223.00000000
197.00000000
234.00000000
248.00000000
260.00000000
231.00000000
215.00000000
206.00000000
177.00000000
276.00000000
277.00000000
183.00000000
299.00000000
328.00000000
157.00000000
182.00000000
167.00000000
212.00000000
172.00000000
157.00000000
133.00000000
189.00000000
185.00000000
182.00000000
172.00000000
364.00000000
378.00000000
468.00000000
761.00000000
556.00000000
606.00000000
545.00000000
286.00000000
243.00000000
109.00000000
121.00000000
166.00000000
167.00000000
136.00000000
112.00000000
119.00000000
148.00000000
182.00000000
112.00000000
331.00000000
358.00000000
377.00000000
261.00000000
319.00000000
349.00000000
322.00000000
252.00000000
215.00000000
255.00000000
284.00000000
331.00000000
569.00000000
511.00000000
431.00000000
536.00000000
520.00000000
744.00000000
485.00000000
402.00000000
351.00000000
290.00000000
237.00000000
199.00000000
211.00000000
185.00000000
150.00000000
162.00000000
163.00000000
167.00000000
171.00000000
119.00000000
114.00000000
118.00000000
176.00000000
172.00000000
168.00000000
228.00000000
280.00000000
253.00000000
189.00000000
195.00000000
278.00000000
329.00000000
292.00000000
309.00000000
299.00000000
268.00000000
263.00000000
259.00000000
171.00000000
165.00000000
127.00000000
153.00000000
178.00000000
128.00000000
177.00000000
308.00000000
686.00000000
748.00000000
164.00000000
154.00000000
165.00000000
225.00000000
243.00000000
257.00000000
194.00000000
158.00000000
124.00000000
134.00000000
118.00000000
465.00000000
114.00000000
174.00000000
141.00000000
114.00000000
91.00000000
116.00000000
140.00000000
126.00000000
147.00000000
132.00000000
176.00000000
318.00000000
460.00000000
170.00000000
170.00000000
210.00000000
175.00000000
217.00000000
156.00000000
142.00000000
66.00000000
47.00000000
151.00000000
171.00000000
174.00000000
186.00000000
605.00000000
770.00000000
991.00000000
1190.00000000
1150.00000000
1033.00000000
771.00000000
723.00000000
768.00000000
639.00000000
683.00000000
682.00000000
940.00000000
908.00000000
835.00000000
653.00000000
674.00000000
954.00000000
1028.00000000
411.00000000
204.00000000
105.00000000
116.00000000
111.00000000
110.00000000
111.00000000
110.00000000
126.00000000
118.00000000
121.00000000
127.00000000
153.00000000
176.00000000
228.00000000
296.00000000
429.00000000
404.00000000
358.00000000
351.00000000
274.00000000
247.00000000
249.00000000
298.00000000
314.00000000
352.00000000
321.00000000
211.00000000
194.00000000
158.00000000
190.00000000
251.00000000
197.00000000
149.00000000
161.00000000
108.00000000
147.00000000
182.00000000
162.00000000
215.00000000
218.00000000
168.00000000
185.00000000
126.00000000
42.00000000
41.00000000
110.00000000
152.00000000
164.00000000
141.00000000
162.00000000
153.00000000
306.00000000
512.00000000
464.00000000
665.00000000
203.00000000
2222.00000000
151.00000000
151.00000000
162.00000000
190.00000000
201.00000000
236.00000000
243.00000000
218.00000000
162.00000000
173.00000000
206.00000000
224.00000000
223.00000000
230.00000000
269.00000000
255.00000000
292.00000000
245.00000000
212.00000000
252.00000000
296.00000000
165.00000000
335.00000000
495.00000000
626.00000000
828.00000000
627.00000000
374.00000000
298.00000000
208.00000000
200.00000000
265.00000000
276.00000000
308.00000000
255.00000000
284.00000000
289.00000000
308.00000000
347.00000000
346.00000000
360.00000000
350.00000000
255.00000000
187.00000000
166.00000000
155.00000000
163.00000000
195.00000000
517.00000000
628.00000000
391.00000000
175.00000000
172.00000000
151.00000000
198.00000000
155.00000000
145.00000000
161.00000000
189.00000000
182.00000000
120.00000000
107.00000000
1572.00000000
1472.00000000
1900.00000000
118.00000000
116.00000000
115.00000000
116.00000000
160.00000000
115.00000000
112.00000000
131.00000000
137.00000000
193.00000000
135.00000000
142.00000000
167.00000000
143.00000000
149.00000000
86.00000000
339.00000000
415.00000000
1634.00000000
1067.00000000
521.00000000
612.00000000
101.00000000
95.00000000
433.00000000
749.00000000
1248.00000000
1330.00000000
116.00000000
113.00000000
118.00000000
137.00000000
131.00000000
154.00000000
165.00000000
173.00000000
147.00000000
149.00000000
113.00000000
151.00000000
151.00000000
143.00000000
164.00000000
160.00000000
71.00000000
159.00000000
136.00000000
150.00000000
141.00000000
162.00000000
158.00000000
157.00000000
156.00000000
152.00000000
120.00000000
115.00000000
1102.00000000
1238.00000000
1496.00000000
172.00000000
196.00000000
293.00000000
344.00000000
344.00000000
304.00000000
254.00000000
180.00000000
120.00000000
163.00000000
224.00000000
233.00000000
256.00000000
195.00000000
178.00000000
153.00000000
169.00000000
164.00000000
125.00000000
87.00000000
126.00000000
118.00000000
126.00000000
119.00000000
173.00000000
72.00000000
819.00000000
872.00000000
42.00000000
22.00000000
164.00000000
147.00000000
165.00000000
152.00000000
153.00000000
532.00000000
123.00000000
174.00000000
202.00000000
325.00000000
386.00000000
362.00000000
312.00000000
215.00000000
166.00000000
149.00000000
196.00000000
275.00000000
272.00000000
303.00000000
185.00000000
128.00000000
148.00000000
150.00000000
183.00000000
213.00000000
189.00000000
185.00000000
164.00000000
214.00000000
215.00000000
193.00000000
225.00000000
285.00000000
289.00000000
300.00000000
366.00000000
398.00000000
428.00000000
458.00000000
467.00000000
535.00000000
506.00000000
531.00000000
497.00000000
533.00000000
448.00000000
375.00000000
329.00000000
140.00000000
133.00000000
158.00000000
143.00000000
138.00000000
134.00000000
130.00000000
125.00000000
121.00000000
135.00000000
117.00000000
132.00000000
128.00000000
115.00000000
134.00000000
127.00000000
136.00000000
137.00000000
135.00000000
146.00000000
142.00000000
227.00000000
242.00000000
287.00000000
326.00000000
328.00000000
354.00000000
431.00000000
409.00000000
555.00000000
451.00000000
502.00000000
325.00000000
348.00000000
204.00000000
214.00000000
170.00000000
177.00000000
171.00000000
177.00000000
101.00000000
90.00000000
93.00000000
72.00000000
86.00000000
89.00000000
144.00000000
180.00000000
153.00000000
159.00000000
149.00000000
156.00000000
183.00000000
192.00000000
222.00000000
226.00000000
232.00000000
210.00000000
216.00000000
207.00000000
284.00000000
205.00000000
210.00000000
178.00000000
199.00000000
244.00000000
234.00000000
219.00000000
169.00000000
68.00000000
73.00000000
185.00000000
307.00000000
342.00000000
391.00000000
338.00000000
230.00000000
179.00000000
154.00000000
166.00000000
161.00000000
371.00000000
153.00000000
162.00000000
204.00000000
342.00000000
333.00000000
351.00000000
389.00000000
422.00000000
382.00000000
426.00000000
339.00000000
326.00000000
191.00000000
168.00000000
169.00000000
181.00000000
234.00000000
248.00000000
280.00000000
270.00000000
238.00000000
199.00000000
155.00000000
217.00000000
241.00000000
348.00000000
399.00000000
290.00000000
306.00000000
258.00000000
251.00000000
291.00000000
342.00000000
244.00000000
131.00000000
147.00000000
187.00000000
210.00000000
305.00000000
319.00000000
362.00000000
384.00000000
423.00000000
439.00000000
442.00000000
449.00000000
450.00000000
403.00000000
425.00000000
417.00000000
393.00000000
378.00000000
316.00000000
283.00000000
273.00000000
265.00000000
283.00000000
305.00000000
295.00000000
250.00000000
233.00000000
232.00000000
200.00000000
189.00000000
163.00000000
169.00000000
180.00000000
170.00000000
86.00000000
119.00000000
49.00000000
118.00000000
467.00000000
1960.00000000
123.00000000
143.00000000
171.00000000
196.00000000
229.00000000
253.00000000
269.00000000
233.00000000
281.00000000
268.00000000
234.00000000
199.00000000
166.00000000
188.00000000
206.00000000
223.00000000
267.00000000
252.00000000
254.00000000
165.00000000
137.00000000
138.00000000
138.00000000
135.00000000
231.00000000
264.00000000
280.00000000
338.00000000
303.00000000
212.00000000
174.00000000
182.00000000
154.00000000
167.00000000
161.00000000
193.00000000
181.00000000
158.00000000
211.00000000
230.00000000
178.00000000
158.00000000
152.00000000
143.00000000
115.00000000
141.00000000
157.00000000
118.00000000
119.00000000
112.00000000
116.00000000
115.00000000
116.00000000
125.00000000
118.00000000
119.00000000
120.00000000
132.00000000
128.00000000
131.00000000
132.00000000
110.00000000
139.00000000
131.00000000
130.00000000
133.00000000
136.00000000
141.00000000
135.00000000
132.00000000
119.00000000
135.00000000
139.00000000
148.00000000
139.00000000
134.00000000
152.00000000
151.00000000
175.00000000
164.00000000
183.00000000
173.00000000
192.00000000
212.00000000
178.00000000
146.00000000
142.00000000
149.00000000
146.00000000
154.00000000
145.00000000
160.00000000
157.00000000
173.00000000
127.00000000
66.00000000
69.00000000
41.00000000
42.00000000
41.00000000
38.00000000
38.00000000
74.00000000
62.00000000
60.00000000
62.00000000
129.00000000
124.00000000
121.00000000
134.00000000
126.00000000
125.00000000
119.00000000
124.00000000
126.00000000
122.00000000
122.00000000
128.00000000
123.00000000
117.00000000
114.00000000
118.00000000
162.00000000
161.00000000
139.00000000
152.00000000
156.00000000
166.00000000
229.00000000
227.00000000
274.00000000
216.00000000
161.00000000
139.00000000
136.00000000
144.00000000
160.00000000
262.00000000
347.00000000
364.00000000
384.00000000
578.00000000
626.00000000
385.00000000
289.00000000
297.00000000
337.00000000
365.00000000
326.00000000
345.00000000
271.00000000
293.00000000
300.00000000
277.00000000
159.00000000
157.00000000
174.00000000
172.00000000
175.00000000
155.00000000
175.00000000
145.00000000
67.00000000
166.00000000
150.00000000
150.00000000
144.00000000
146.00000000
186.00000000
146.00000000
144.00000000
143.00000000
145.00000000
158.00000000
160.00000000
153.00000000
136.00000000
144.00000000
134.00000000
131.00000000
127.00000000
130.00000000
121.00000000
122.00000000
114.00000000
112.00000000
116.00000000
120.00000000
129.00000000
130.00000000
179.00000000
172.00000000
152.00000000
158.00000000
169.00000000
199.00000000
101.00000000
196.00000000
124.00000000
151.00000000
192.00000000
160.00000000
146.00000000
149.00000000
261.00000000
286.00000000
257.00000000
254.00000000
182.00000000
159.00000000
163.00000000
141.00000000
129.00000000
122.00000000
94.00000000
93.00000000
117.00000000
122.00000000
119.00000000
123.00000000
157.00000000
159.00000000
138.00000000
179.00000000
149.00000000
131.00000000
148.00000000
137.00000000
145.00000000
142.00000000
148.00000000
146.00000000
151.00000000
137.00000000
124.00000000
123.00000000
120.00000000
127.00000000
137.00000000
127.00000000
121.00000000
125.00000000
125.00000000
124.00000000
128.00000000
123.00000000
126.00000000
127.00000000
125.00000000
126.00000000
422.00000000
113.00000000
117.00000000
121.00000000
122.00000000
116.00000000
123.00000000
139.00000000
140.00000000
129.00000000
152.00000000
151.00000000
157.00000000
173.00000000
180.00000000
207.00000000
294.00000000
309.00000000
344.00000000
294.00000000
302.00000000
242.00000000
175.00000000
143.00000000
140.00000000
155.00000000
202.00000000
217.00000000
186.00000000
260.00000000
394.00000000
324.00000000
168.00000000
128.00000000
138.00000000
133.00000000
132.00000000
148.00000000
139.00000000
133.00000000
142.00000000
155.00000000
128.00000000
168.00000000
156.00000000
157.00000000
146.00000000
169.00000000
147.00000000
145.00000000
161.00000000
150.00000000
156.00000000
136.00000000
170.00000000
160.00000000
159.00000000
135.00000000
160.00000000
142.00000000
144.00000000
131.00000000
138.00000000
139.00000000
154.00000000
145.00000000
135.00000000
141.00000000
153.00000000
129.00000000
133.00000000
136.00000000
129.00000000
137.00000000
140.00000000
134.00000000
144.00000000
167.00000000
315.00000000
435.00000000
809.00000000
939.00000000
779.00000000
635.00000000
581.00000000
1107.00000000
865.00000000
650.00000000
419.00000000
291.00000000
139.00000000
122.00000000
130.00000000
122.00000000
127.00000000
123.00000000
137.00000000
126.00000000
130.00000000
117.00000000
119.00000000
132.00000000
114.00000000
133.00000000
124.00000000
134.00000000
147.00000000
148.00000000
159.00000000
156.00000000
167.00000000
186.00000000
220.00000000
251.00000000
287.00000000
304.00000000
294.00000000
244.00000000
210.00000000
195.00000000
226.00000000
196.00000000
263.00000000
342.00000000
372.00000000
432.00000000
427.00000000
429.00000000
461.00000000
349.00000000
256.00000000
201.00000000
113.00000000
102.00000000
88.00000000
70.00000000
84.00000000
154.00000000
155.00000000
149.00000000
163.00000000
158.00000000
156.00000000
140.00000000
177.00000000
160.00000000
150.00000000
153.00000000
143.00000000
151.00000000
150.00000000
149.00000000
200.00000000
218.00000000
213.00000000
211.00000000
229.00000000
235.00000000
255.00000000
189.00000000
193.00000000
216.00000000
209.00000000
