-640.002
-19.1354
661.489
-187.684
1294.05
1366.94
1468.57
1513.68
1467.74
2045.22
1817.62
1958.92
1935.37
2028.92
2405.97
2112.11
2103.95
2161.06
2107.35
1931.6
1902.17
279.477
257.883
-52.0247
-301.381
-347.304
-420.857
-363.04
-601.38
-611.641
-430.045
-250.944
-183.332
-91.077
-110.108
-64.2035
-53.8155
-174.9
-93.3324
117.173
417.177
503.235
503.269
307.369
162.163
15.8867
-190.233
-314.849
-388.92
-338.877
-382.765
-409.533
-445.646
-411.932
-337.362
-435.577
-487.63
-465.318
-314.461
-360.24
-367.635
-444.156
-419.936
-597.637
-734.544
-890.425
-820.184
-850.595
-875.586
-1023.43
-1160.09
-1152.43
-1225.06
-1174.59
-1122.66
-915.427
-669.996
-542.531
-327.737
51.531
-531.677
1109.05
905.416
1070.27
1423.4
142.308
150.519
-254.061
-120.577
-12.0057
100.686
-320.002
-70.6174
-271.463
-291.722
-211.644
-413.862
-235.071
525.084
944.594
1040.89
-250.732
-58.4056
301.432
355.527
634.409
82.2204
77.242
-340.429
-474.409
-279.555
-461.4
-400.275
-394.081
-581.923
-566.106
-293.294
-893.216
-540.548
-951.663
-542.922
-502.082
-523.1
-228.311
-64.6939
125.524
48.1092
843.347
562.862
-87.6224
730.822
352.323
-193.562
322.983
-311.093
28.3209
1375.36
-418.45
-20.7169
249.086
-227.732
610.648
-100.165
1087.21
2043.92
890.209
119.905
981.634
196.675
724.513
-129.354
48.6872
539.499
1147
744.659
-41.1735
-215.54
-237.463
-376.836
-279.983
-5.41195
-125.747
-244.438
-490.084
-432.992
-130.03
-91.482
41.1492
83.8674
-109.588
112.975
-241.282
-589.027
-587.826
-214.67
0.551947
86.5738
-125.306
49.0141
72.7954
-294.841
-717.663
-733.893
-535.347
-475.908
-642.317
-794.918
-480.018
-514.592
-688.97
-946.786
-693.734
-521.056
-451.231
-725.082
-364.26
-139.953
-299.453
-688.003
-853.505
-813.077
-833.465
-835.06
-765.59
-677.264
-899.985
-1052.71
-1233.86
-1067.09
-989.997
-1003.63
-1006.85
-696.631
-682.596
-718.822
-643.571
-576.72
-567.763
-488.671
-401.183
-378.055
-477.548
-540.793
-696.67
-476.495
-481.502
-191.593
-212.952
4701.77
245.793
914.785
1338.9
864.573
434.336
455.463
746.498
336.136
95.8855
337.64
680.19
445.996
495.771
242.61
73.8082
322.516
-37.5124
-357.459
-503.109
-244.181
162.193
-115.665
506.07
275.645
495.961
411.039
439.107
175.297
342.707
328.458
344.758
224.021
37.8138
428.251
547.736
123.869
-15.7499
167.608
116.87
230.764
2.19757
463.832
481.222
553.893
-65.953
38.6786
34.8515
328.591
173.208
-97.8847
68.4817
21.1634
-77.7254
-316.906
143.204
-375.842
-20.5934
-203.978
459.793
-327.953
371.61
-638.65
-224.108
-161.394
-721.906
-601.748
-848.509
-854.895
-950.606
-620.053
-624.761
-631.414
264.356
1300.74
389.814
499.444
447.295
653.11
577.944
870.048
639.28
3316.01
1044.09
1180.03
1097.68
912.708
1278.73
1134.17
3384.76
2859.68
2631.75
1142.52
615.104
306.488
58.2506
118.151
137.903
107.407
-177.7
-306.996
-373.34
-195.314
29.1901
19.5773
184.067
-22.9001
-99.4431
-524.562
-581.831
-418.128
-101.779
342.02
511.371
589.52
354.011
462.138
291.807
156.094
-69.101
25.8512
57.0157
1.36867
-116.573
-51.4191
-52.6781
-131.37
-508.945
-443.41
-311.49
-104.634
-2.39565
-55.5588
167.593
-152.234
-208.122
-511.081
-290.3
-212.652
-286.615
-508.302
-597.619
-672.752
-883.329
-964.903
-999.218
-894.818
-959.865
-606.271
-422.846
-70.2506
-204.395
-457.532
1311.04
273.464
1210.7
487.696
302.048
153.729
-240.677
-109.602
-21.5204
77.7357
-43.1973
18.2693
-164.455
-126.17
-190.391
-269.563
-257.729
715.581
1221.17
1264.24
-113.3
26.1256
356.198
-33.8133
502.819
173.017
170.851
-317.426
-529.465
-312.121
-556.923
-361.481
-385.413
-529.662
-539.7
-226.512
-891.733
-535.444
-941.92
-467.186
-432.861
-535.001
-217.855
-204.208
9.44514
-133.572
795.669
503.933
785.448
107.406
493.919
-71.1803
320.53
-326.567
82.0079
1525.44
-427.191
11.3914
276.715
-205.907
605.981
-34.5051
970.357
27.9551
949.461
698.677
-216.014
983.804
763.814
495.585
-222.739
678.853
1381.95
791.865
-29.5867
-140.273
-285.982
-455.09
-199.74
-216.176
-80.0099
-134.869
-361.099
-442.75
-427.961
-151.165
-203.134
-134.973
-209.129
-59.7069
-165.417
-587.566
-493.866
-345.252
79.503
104.018
-4.45031
-31.6505
-21.6448
-138.403
-648.386
-782.786
-622.151
-504.397
-706.16
-1003.6
-710.634
-551.041
-621.519
-870.394
-787.558
-503.343
-523.119
-549.337
-452.736
-48.5179
-132.822
-495.113
-849.258
-846.812
-677.504
-802.609
-904.765
-846.524
-846.009
-1182.87
-1252.47
-1133.94
-958.576
-986.628
-1005.36
-695.043
-670.837
-695.799
-628.553
-565.596
-565.565
-477.887
-409.324
-381.543
-487.041
-518.759
-686.259
-464.375
-489.409
-185.084
-192.302
4707.53
252.256
1025.68
850.846
500.434
343.709
296.115
788.729
318.219
187.243
322.122
366.795
71.5738
551.453
205.385
96.7884
363.782
-7.91538
-327.627
-549.245
-187.907
296.509
128.366
687.382
353.187
513.779
425.374
426.33
129.121
319.107
473.29
529.407
459.046
194.185
435.485
641.096
359.503
77.1511
180.039
185.499
337.77
160.616
487.738
398.699
573.446
-132.054
-43.2245
-29.5871
413.384
322.8
12.8976
40.9493
-1.9123
-23.0221
-327.005
155.937
-231.179
220.592
-444.905
601.094
295.41
703.43
1065.92
1941.18
190.658
-126.855
-49.4977
-473.394
-640.19
-692.142
-207.972
-620.008
-740.787
76.8956
897.022
1246.12
1630.58
1694.21
1935.78
1976.76
1839.75
2309.5
2174.98
2242.63
2123.24
2056.05
2438.26
1998.08
2082.76
2100.52
2025.21
1872.37
1848.53
233.567
220.475
-33.7883
-244.491
-193.115
-269.004
-224.363
-453.534
-412.645
-284.784
-146.252
-156.329
-34.1963
-125.846
-110.524
-177.595
-235.322
-157.5
10.2469
238.658
355.542
308.716
301.353
94.8171
28.6969
-98.6468
-243.986
-346.938
-272.903
-257.65
-295.364
-369.435
-370.549
-288.364
-425.766
-485.258
-490.202
-345.349
-394.569
-410.709
-487.553
-438.519
-609.336
-733.311
-904.657
-817.5
-864.193
-884.91
-1034.79
-1155.31
-1155.09
-1231.64
-1183.39
-1126.28
-913.854
-694.034
-559.135
-325.872
51.8924
-647.382
1077.46
887.874
1130.55
1397.02
145.704
23.2058
-67.9806
-148.396
19.1439
66.1175
89.8519
-29.4046
-223.704
-185.818
-144.451
-327.605
-235.599
645.782
1003.97
1105.87
-286.035
-75.5839
280.84
-103.781
642.653
215.553
64.9741
-251.778
-483.615
-294.228
-526.29
-386.806
-351.096
-518.363
-566.445
-258.897
-913.354
-541.991
-941.979
-584.205
-486.061
-468.258
-178.901
-95.1209
43.8303
3.15073
752.555
488.243
656.775
670.851
530.669
835.22
337.977
-368.9
136.819
-850.235
-491.054
-481.808
-33.2023
320.995
-345.131
714.528
813.125
2042.9
1068.34
1045.32
885.973
960.308
-108.689
489.996
39.1318
360.289
-4.4555
957.706
8.6821
-389.144
-432.834
-438.948
-472.49
-381.681
-277.412
-412.381
-539.912
-595.667
-351.135
-358.412
12.2121
69.3051
-5.96114
66.5223
38.7599
-300.144
-249.139
-218.936
46.1328
-192.717
-172.913
-303.288
-271.184
-571.088
-749.504
-850.945
-871.022
-827.873
-942.582
-720.646
-754.531
-478.145
-673.809
-571.137
-663.403
-350.675
-461.096
-397.276
-517.115
-359.834
-621.39
-747.143
-913.178
-1099.61
-1136.92
-1082.1
-818.448
-1017.96
-993.616
-1140.78
-1044.66
-1338.49
-1028.52
-999.392
-898.751
-909.878
-658.473
-730.235
-643.571
-576.72
-567.763
-488.671
-401.183
-378.055
-477.548
-540.793
-696.67
-476.495
-481.502
-191.593
-212.952
4701.77
245.793
897.179
844.233
480.292
254.948
193.142
717.12
316.168
186.766
323.71
598.582
539.074
800.637
624.395
471.859
562.024
104.337
-266.977
-493.564
-193.767
262.964
25.815
604.075
268.708
450.202
306.193
292.663
172.806
204.243
304.52
327.189
236.624
33.2729
342.916
500.731
163.929
11.8281
236.144
332.422
371.123
396.987
696.56
650.376
795.705
256.356
-9.22047
-17.6173
337.737
135.299
-254.176
-72.0336
-101.344
-146.462
-343.321
186.334
-248.626
130.698
-503.634
511.457
780.821
346.517
-318.6
-94.619
-158.623
-824.06
-622.597
-717.828
-787.877
-1085.04
-752.405
-851.524
-845.714
46.1764
955.842
1354.91
1719.77
1796.5
1932.61
1916.15
1953.32
2545.22
2380.61
2361.09
2135.53
2095.26
2424.57
2030.01
2076.33
2125.99
2045.9
1915.72
1858.97
231.886
207.619
-62.3647
-259.38
-269.168
-325.997
-234.37
-436.493
-422.933
-289.574
-139.79
-125.372
-50.9919
-130.741
-89.2302
-99.0008
-193.693
-146.897
1.13428
271.827
413.169
309.325
330.564
170.362
115.403
-72.3637
-164.85
-243.852
-189.098
-236.719
-289.529
-360.815
-368.348
-284.044
-420.155
-479.392
-486.447
-340.539
-387.56
-398.157
-471.662
-427.522
-607.157
-733.267
-908.748
-820.952
-867.238
-879.796
-1033.84
-1151.35
-1153.57
-1227.07
-1178.68
-1119.45
-898.726
-676.04
-544.742
-310.617
94.3231
-633.287
1177.61
907.63
1146.6
1407
139.682
110.533
-57.4096
-103.07
63.5586
59.8518
83.5809
-8.35036
-184.461
-169.68
-125.45
-285.18
-192.986
674.542
-244.737
1243.23
-460.381
-243.549
231.942
-53.3201
679.418
-125.903
94.2747
-286.947
-458.937
-323.817
-466.554
-443.143
-366.208
-506.305
-642.05
-191.384
-834.218
-363.223
-936.478
-670.334
-521.974
-672.051
-265.137
-211.065
27.5023
-46.806
825.601
321.189
-204.336
702.455
347.864
-267.866
358.51
-463.86
97.2835
1516.36
-354.943
27.1513
262.774
-413.845
598.197
-299.294
1063.57
2162.25
917.702
1059.56
917.101
1031.93
866.167
551.267
141.321
8.11723
1369.37
-310.365
-16.3788
-340.02
-227.45
-424.128
-293.52
-4.26332
-145.281
-153.794
-485.517
-385.491
-340.422
-100.253
-65.7575
12.4595
43.4584
177.367
117.366
-355.909
-251.156
-104.11
-24.6709
66.4743
-240.912
-25.2932
-70.1956
-317.62
-802.318
-771.023
-667.624
-561.313
-669.806
-810.443
-455.459
-421.641
-604.9
-692.49
-581.397
-369.721
-432.675
-684.869
-404.567
-258.042
-298.716
-784.242
-813.573
-1032.81
-939.121
-1111.82
-963.522
-873.038
-952.242
-1069.4
-1185.42
-912.877
-860.142
-794.177
-916.296
-504.533
-960.128
-718.822
-643.571
-576.72
-567.763
-488.671
-401.183
-378.055
-477.548
-540.793
-696.67
-476.495
-481.502
-191.593
-212.952
4701.77
245.793
891.575
844.5
479.639
272.052
134.603
697.223
312.579
-0.336346
328.412
334.414
518.118
528.765
277.879
156.582
401.521
-10.9169
-319.758
-479.951
-172.098
314.178
36.4325
706.796
1066.68
1351.34
1438.9
576.301
389.535
438.808
395.177
459.439
324.76
107.137
268.189
246.883
-60.9963
-52.238
68.7166
148.062
272.471
28.5077
410.498
82.7406
252.059
-410.667
-30.4904
142.634
487.228
579.149
27.7058
259.019
134.732
57.8475
-178.202
304.098
274.253
-379.027
-62.7405
464.456
960.238
434.755
143.503
-363.309
-57.4335
-506.853
-456.671
-376.081
-461.158
-510.565
-663.275
-732.716
-423.202
243.354
-205.031
1118.43
1211.63
1303.99
1502.27
1574.98
1561.12
2226.41
2082.42
2139.79
1970.88
2096.63
2500.31
2046.22
2118.37
2177.26
2110.71
1981.82
1930.47
318.378
329.079
46.8793
-190.339
-215.094
-239.931
-193.298
-372.201
-398.717
-205.273
-142.11
-116.272
-94.6629
-143.088
-96.8592
-120.565
-214.128
-141.641
24.6416
235.388
377.417
259.004
309.784
112.768
80.7184
-91.4649
-136.498
-232.336
-157.779
-237.844
-282.391
-332.856
-346.384
-256.019
-389.9
-434.665
-458.237
-308.082
-357.973
-357.048
-459.542
-425.819
-603.402
-730.661
-901.876
-820.38
-874.568
-899.719
-1046.91
-1158.37
-1153.85
-1237.48
-1191.28
-1130.44
-917.276
-703.148
-572.645
-330.965
55.0225
-659.269
1075.62
935.086
1191.7
1438.49
142.327
133.378
-47.483
-90.2865
73.1054
88.0327
108.919
6.99508
-159.225
-138.198
-76.9454
-232.81
-131.591
739.042
1118.01
1219.61
-208.022
-27.4189
298.407
366.153
16.0506
63.9363
49.922
-346.25
-522.571
-299.297
-456.897
-441.128
-388.098
-507.548
-513.783
-273.97
-853.4
-558.047
-967.279
-537.323
-528.491
-497.484
-188.918
-7.79303
146.693
-6.18432
797.463
449.969
-208.188
678.652
329.209
-278.861
357.822
-313.451
40.091
1339.83
-426.978
10.1081
255.696
-411.143
622.94
-46.1803
1076.47
2038.5
845.061
999.573
890.733
93.9955
783.118
408.835
-156.751
599.215
-510.016
788.575
-658.269
-485.556
-256.528
-449.841
-193.978
-169.08
-106.531
-136.809
-371.264
-540.05
-143.847
-181.504
131.021
132.483
-150.974
274.065
98.2228
-294.653
-358.917
-277.096
38.2149
-116.15
-195.043
-189.062
-98.9867
-450.866
-717.155
-899.463
-736.758
-566.25
-653.885
-710.328
-570.147
-502.214
-585.51
-748.701
-710.821
-433.255
-469.683
-575.797
-560.963
-284.999
-522.435
-555.368
-988.548
-954.479
-1076.05
-981.597
-863.033
-938.691
-836.487
-1005.24
-1094.96
-1186.07
-837.486
-894.809
-763.935
-846.566
-564.513
-725.025
-622.328
-607.651
-580.47
-503.46
-385.776
-383.614
-504.208
-555.032
-720.207
-513.095
-540.272
-222.626
-254.861
4681.24
225.295
893.934
844.005
480.852
273.118
136.215
688.724
312.572
-20.4854
328.041
292.752
19.7846
546.078
212.89
84.0234
383.129
-43.5101
-304.226
-527.031
-158.204
364.329
89.7129
612.309
407.026
3282.59
385.844
805.527
564.464
433.537
403.214
420.647
597.509
83.7924
194.232
228.168
111.686
-248.696
302.258
122.578
252.092
284.456
372.122
132.025
109.97
-74.1482
256.314
193.238
827.72
649.561
297.343
348.123
296.333
-73.2014
-34.7549
349.315
1.02256
227.183
-138.268
619.826
996.896
492.437
548.178
198.255
12.3655
180.822
-112.045
197.694
138.144
250.63
-288.008
-136.396
-143.421
730.646
897.459
846.318
1158.03
1085.35
1267.99
1107.51
1416.46
1914.34
1811.66
1794.98
1885.07
2183.29
2497.76
2079.1
2145.31
2208.51
2112.64
1971.33
1923.91
292.888
233.786
-41.7026
-208.805
-191.572
-261.255
-192.168
-374.232
-371.7
-236.905
-140.115
-120.015
-56.1471
-118.234
-118.454
-124.873
-189.968
-131.495
-3.92572
221.121
421.667
312.504
303.328
107.251
80.8005
-75.4581
-197.917
-274.761
-188.837
-222.524
-291.156
-369.615
-375.504
-288.918
-421.822
-480.651
-486.805
-344.391
-392.286
-409.747
-484.652
-431.223
-605.428
-726.977
-904.615
-816.89
-861.566
-876.597
-1032.35
-1154.15
-1155.12
-1226.42
-1177.84
-1125.34
-904.103
-677.124
-546.856
-321.802
70.9707
-569.304
1156.03
895.268
1138.05
1401.71
154.889
-29.5657
-87.6297
-160.338
29.6889
63.5085
62.9294
-44.4591
-241.994
-212.117
-184.69
-344.038
-254.883
614.793
965.262
1098.58
-273.755
-70.543
282.874
362.004
625.77
57.986
125.207
-314.174
-513.78
-316.254
-483.614
-387.366
-400.248
-539.207
-553.469
-275.963
-887.32
-527.937
-958.974
-553.205
-501.574
-518.717
-235.917
-103.474
108.262
-38.0632
803.416
502.283
658.893
676.06
458.856
815.867
312.821
-359.241
142.18
-902.713
-521.846
-482.818
-19.7181
300.54
-611.21
715.924
796.766
2042.99
1078.58
1080.09
909.857
964.322
655.407
462.315
87.7212
464.534
-286.994
905.35
36.355
-353.631
-457.556
-491.891
-485.037
-379.073
-331.17
-379.653
-504.707
-599.551
-282.741
-407.742
-63.7804
-33.2304
-48.0926
135.392
92.9546
-148.996
-178.744
-162.146
78.0078
-170.106
-181.228
-281.186
-244.024
-537.638
-722.255
-878.768
-850.649
-796.856
-968.523
-738.956
-768.228
-481.233
-619.529
-533.321
-564.434
-289.192
-383.371
-428.09
-522.623
-374.937
-550.181
-669.043
-905.948
-1089.3
-1185.76
-1140.34
-902.337
-1030.83
-1025.86
-1180.86
-1095.9
-1247.18
-969.37
-924.49
-810.375
-907.646
-682.596
-718.822
-643.571
-576.72
-567.763
-488.671
-401.183
-378.055
-477.548
-540.793
-696.67
-476.495
-481.502
-191.593
-212.952
4701.77
245.793
870.758
845.49
477.219
269.927
145.832
675.078
315.981
-16.9716
327.661
300.07
25.5529
548.843
215.107
89.8289
389.869
-15.649
-305.489
-519.991
-153.015
368.56
120.755
667.656
408.367
627.408
513.476
559.919
250.367
375.567
420.876
459.948
298.406
17.2707
416.695
544.021
213.161
-30.7723
178.487
198.626
363.932
256.437
609.09
466.742
601.981
-24.1265
-22.5604
33.2601
497.54
523.113
-53.6172
162.618
66.301
13.9211
-270.684
212.461
-171.117
231.344
-451.1
658.695
1244.28
801.444
1322.39
272.508
42.9014
-334.064
-347.107
-477.543
-601.305
-577.097
-329.249
-669.315
-697.534
288.972
