357.431
457.113
418.412
436.634
281.741
161.954
166.728
199.904
384.508
360.381
400.454
329.996
284.187
237.502
327.363
373.492
396.916
248.309
177.855
43.3108
286.336
234.026
324.679
141.508
162.189
346.771
418.34
408.902
298.285
216.248
222.633
268.573
203.577
101.026
59.9072
72.1462
356.311
136.77
244.702
488.744
388.603
275.474
306.923
190.298
268.245
338.04
242.05
238.988
102.596
158.664
282.043
226.76
324.221
308.372
286.684
357.174
459.219
472.996
469.281
458.183
409.863
471.636
632.505
554.79
461.147
380.531
394.729
258.292
611.734
630.919
573.055
1276
860.951
1331.34
218.399
313.899
290.72
408.483
525.698
483.207
509.966
672.856
667.171
534.016
1177.34
1339.06
983.556
938.082
785.506
929.16
118.868
252.636
523.766
586.685
710.029
1501.53
1147.87
517.163
156.466
474.479
727.614
705.748
718.974
603.565
528.166
648.05
705.756
773.833
736.358
656.935
674.725
540.853
585.697
759.092
802.426
818.583
401.938
252.748
-33.721
151.961
263.599
430.084
328.44
257.87
208.365
175.158
170.338
226.479
231.235
221.921
174.185
124.007
65.0368
127.189
127.984
176.609
136.587
124.772
128.768
90.0934
66.6814
112.2
67.5866
-94.1609
-68.6801
-40.9132
4.76526
48.7482
85.6217
98.6182
-9.28665
35.6905
181.182
132.998
-53.8579
-10.0029
153.334
191.452
211.623
81.2744
73.4539
185.784
171.261
246.144
288.935
270.028
219.047
208.517
180.541
139.983
216.751
188.164
331.591
199.098
243.678
446.351
623.236
710.812
913.43
897.645
835.753
929.971
1026.7
1039.11
1056
949.752
1173.24
1222.59
1111.61
964.051
1037.79
1100.78
1181.45
1054.02
888.872
876.661
718.248
603.389
484.666
413.411
390.837
616.25
686.399
525.102
465.841
456.024
488.687
439.325
575.028
574.823
547.783
612.48
518.822
453.214
459.816
492.157
386.948
373.923
327.194
261.715
292.847
298.627
257.668
242.426
260.662
314.65
176.393
122.51
180.142
186.605
162.416
113.27
324.457
175.035
216.068
237.232
286.439
269.493
159.851
138.429
-1.52079
537.833
295.126
140.408
48.4909
1044.6
968.162
587.47
598.554
650.419
574.856
619.193
761.446
779.733
82.6803
699.233
469.751
644.835
602.177
611.648
536.632
565.722
609.614
670.561
694.98
529.823
648.905
586.518
705.464
681.03
651.467
506.419
591.365
728.351
711.154
700.282
681.68
644.38
517.927
442.691
434.972
495.83
511.855
573.66
536.434
374.634
209.698
355.392
372.527
489.299
345.988
200.745
257.059
261.68
113.074
129.438
97.1967
166.804
265.508
217.6
28.6444
56.2269
139.517
150.588
82.3931
46.153
52.3729
33.8041
-12.647
53.7016
3.97208
36.8174
31.0992
31.4096
8.05084
85.4539
73.5784
81.9416
73.9114
128.754
30.4191
14.5694
42.635
-4.47099
21.742
66.0069
120.572
171.967
95.1728
81.5135
126.861
86.435
38.0092
108.632
40.6825
246.426
52.9634
236.4
29.4551
309.065
363.99
298.259
203.265
350.399
471.185
355.675
238.561
143.028
185.793
239.742
369.464
323.674
330.603
292.128
231.849
200.229
351.757
385.449
421.309
332.592
488.416
315.544
297.671
252.673
274.455
375.464
387.279
606.18
411.963
842.011
799.818
686.245
356.876
163.79
166.642
283.197
475.085
457.098
636.874
683.158
632.885
538.382
338.734
435.864
480.447
444.32
324.136
323.345
359.743
465.744
448.905
362.124
266.808
260.405
355.79
330.857
370.506
1650.47
1064.26
458.067
-164.192
257.873
382.251
571.015
538.285
333.15
289.985
456.133
430.132
318.585
442.915
401.478
381.72
338.511
260.023
276.62
320.19
344.105
302.123
162.965
254.793
291.778
420.426
491.088
531.578
403.472
396.435
387.238
227.536
78.9266
150.255
313.39
795.172
620.809
449.805
451.051
383.268
199.468
201.036
257.779
232.091
180.087
171.993
236.185
260.356
268.006
264.574
206.779
321.033
462.921
530.113
668.168
602.726
563.373
458.412
608.059
550.611
654.998
456.961
607.286
679.25
614.382
607.248
418.24
413.367
386.452
382.352
365.464
441.88
467.014
453.197
296.746
327.928
262.486
303.274
344.808
360.601
301.719
377.201
329.873
291.825
264.789
252.095
286.225
281.475
339.954
256.798
282.466
314.36
413.497
241.212
157.065
238.9
205.512
279.533
258.851
338.079
356.645
366.661
405.624
379.426
459.941
444.06
591.851
540.139
742.93
440.285
666.057
554.323
403.681
573.814
627.635
597.266
515.612
442.618
450.206
429.349
340.4
394.012
495.213
379.924
323.664
293.754
347.098
320.613
284.434
590.074
563.159
460.226
413.493
472.804
461.117
476.868
426.43
399.965
344.215
133.536
182.999
180.277
269.095
257.071
221.087
201.929
198.251
250.295
250.218
222.635
246.193
167.371
174.706
131.802
131.889
149.477
156.969
76.4625
54.1436
50.8261
1086.4
1006.72
578.57
343.393
379.739
490.809
497.93
424.65
474.008
42.723
-3.48401
151.542
260.909
288.502
284.127
264.607
256.769
140.672
248.311
342.457
374.216
508.647
535.871
625.167
676.858
671.673
616.138
788.54
820.733
880.227
968.405
749.663
792.861
807.099
829.073
626.333
719.935
875.361
836.703
729.34
660.193
850.315
336.378
311.217
393.846
380.681
357.876
358.291
362.043
329.219
327.672
353.727
414.265
361.264
428.952
385.585
363.293
395.737
408.146
296.369
256.204
214.585
239.059
105.544
217.893
262.76
275.451
377.625
214.968
116.291
67.1949
166.323
102.827
180.702
121.902
73.4088
129.914
131.403
178.684
201.881
247.517
280.743
191.718
131.416
119.052
159.791
230.553
163.438
43.6242
122.563
109.459
80.7151
270.936
176.356
144.024
169.195
30.2051
113.899
171.621
174.047
207.928
268.568
663.835
433.393
283.81
219.513
239.11
324.173
264.701
436.952
425.269
386.431
287.725
276.781
73.2869
703.101
682.885
555.574
493.892
431.835
103.838
869.188
812.318
543.227
444.392
182.675
217.29
482.62
648.34
711.32
954.57
1178.15
895.595
1008.58
1059.01
1168.09
973.498
1041.98
1129.97
923.195
840.118
694.261
422.284
328.122
620.932
498.848
498.643
385.676
392.278
253.304
325.821
437.458
393.571
398.521
379.106
400.492
399.003
445.275
428.471
353.921
394.839
351.668
325.892
284.671
316.358
308.507
197.637
242.229
194.493
175.035
152.835
74.0266
127.246
178.026
131.082
101.404
93.0336
28.8443
36.3271
104.973
121.95
118.69
86.1364
92.9218
132.235
24.097
61.2463
181.333
160.83
106.884
112.87
128.643
89.2215
23.026
59.6335
229.205
198.572
47.3657
40.4858
203.686
193.053
198.105
100.005
-3.51139
331.624
291.223
614.084
436.692
129.896
287.833
623.903
1239.77
1032.47
810.523
96.0266
243.388
352.157
356.119
358.496
376.193
217.44
206.229
473.974
762.037
831.943
854.149
1109.85
-172.238
-132.66
300.141
1078.72
1052.34
824.853
605.475
554.26
601.842
623.349
519.281
589.365
908.874
591.817
377.194
503.216
472.616
400.675
661.968
526.907
420.693
346.571
440.35
449.909
395.283
320.46
391.781
264.481
283.261
214.205
273.483
382.597
387.913
288.195
186.597
253.313
270.314
343.863
296.607
284.361
225.692
208.598
149.965
200.913
300.477
432.044
323.111
343.864
386.921
327.537
398.439
452.915
442.839
366.49
391.271
622.824
825.912
1163.85
1089.99
929.177
825.273
1050.22
1051.95
564.279
216.333
191.359
276.726
288.562
1298.71
1197.8
730.654
612.45
672.466
822.343
892.105
823.723
674.733
575.974
274.087
379.544
418.061
477.63
471.611
424.389
473.879
491.858
374.136
439.427
447.237
412.95
347.807
230.596
244.482
338.818
341.759
360.38
318.739
322.476
133.072
376.816
369.236
251.875
239.742
267.98
276.042
179.857
192.864
170.743
277.124
259.823
239.66
181.246
207.513
185.478
196.958
38.1267
-13.7387
-54.5086
0.601231
122.949
148.066
124.184
187.616
261.262
285.144
268.013
296.095
236.068
213.089
289.172
268.887
337.243
258.392
237.706
285.789
399.327
309.386
332.365
267.875
347.346
302.1
296.984
196.669
290.625
118.747
94.7941
189.715
239.488
343.329
350.475
558.665
577.508
618.404
652.794
749.977
663.77
810.264
831.741
689.771
533.825
583.571
671.574
705.689
591.776
627.064
591.378
466.915
482.124
481.029
485.287
453.225
509.659
518.182
468.262
506.501
440.194
381.833
319.037
386.923
383.442
291.514
413.112
555.356
237.32
220.348
223.693
259.669
227.76
224.407
222.58
178.379
215.479
259.206
240.183
234.517
435.834
381.975
181.428
176.458
189.186
186.561
209.888
223.237
150.365
136.669
126.994
146.585
150.217
1259.17
980.526
-82.2798
924.752
296.326
181.582
504.445
506.064
458.094
360.36
96.72
106.369
106.469
232.184
248.202
149.559
297.024
305.887
168.375
322.983
380.244
475.04
768.191
568.105
464.19
372.462
458.067
425.001
348.379
289.683
232.77
112.278
138.955
127.488
118.294
241.741
228.051
144.939
150.695
148.757
198.028
198.235
308.847
247.984
159.795
191.47
332.298
341.418
186.304
315.714
232.816
246.878
310.753
261.028
299.036
274.298
229.635
261.643
148.141
135.278
165.997
156.228
132.929
310.644
324.739
296.149
115.59
60.9737
129.144
229.629
230.263
275.345
656.731
616.567
456.805
568.851
557.988
547.2
496.51
365.222
360.387
146.83
234.684
176.902
275.577
230.479
221.66
228.179
231.101
261.517
295.973
317.83
329.136
52.8681
50.177
72.436
122.283
532.735
446.413
544.117
562.23
641.51
592.668
777.889
735.078
581.254
524.67
681.795
596.77
560.113
538
690.79
630.48
511.57
792.813
768.399
772.51
730.291
666.687
447.284
618.486
725.21
755.474
644.711
622.031
783.443
810.758
765.504
1107.99
877.416
1067.08
1044.8
873.931
977.203
996.201
562.307
488.435
569.51
563.103
556.835
522.532
405.721
479.548
500.423
438.003
362.038
362.129
452.604
398.95
382.957
303.175
325.34
337.149
365.968
650.94
893.943
640.017
432.633
170.492
713.548
543.048
510.328
543.894
240.524
450.121
183.886
634.71
152.393
465.217
143.912
409.09
120.225
366.79
173.054
140.54
156.474
199.678
104.988
98.4971
136.008
210.657
238.045
300.085
356.816
326.445
204.953
233.262
272.399
285.019
316.376
243.226
331.304
168.261
269.088
271.847
280.476
310.262
312.639
296.989
187.249
285.111
296.277
83.038
72.174
40.9397
118.275
182.899
175.84
233.507
42.3247
178.269
200.981
278.089
244.113
209.815
132.296
82.1521
163.584
250.755
238.097
107.313
74.362
182.955
225.123
238.497
192.447
247.145
263.816
183.397
108.948
216.865
47.7971
106.701
179.107
289.717
397.784
281.984
242.465
232.284
143.597
111.521
239.287
278.075
324.214
772.536
533.476
392.585
308.791
287.639
191.741
221.674
384.434
573.31
398.342
232.374
75.6139
312.464
570.819
272.311
180.744
406.997
581.377
598.035
587.613
555.632
602.2
366.077
359.523
406.613
387.933
311.591
365.417
521.642
496.256
527.45
586.486
753.425
938.823
823.256
656.906
635.545
1420.82
1044.47
1331.21
952.815
1027.47
1035.1
1151.04
1008.04
825.786
779.666
607.732
585.314
607.122
676.346
571.155
631.483
532.57
456.845
435.271
430.609
400.723
444.239
400.74
407.451
389.938
408.021
436.368
488.048
472.085
547.762
656.432
525.205
480.122
322.542
272.832
150.879
166.337
217.038
325.44
307.919
248.081
66.2821
176.972
141.186
45.4705
22.6862
92.4356
87.4658
116.14
95.5306
66.5871
127.192
122.196
125.554
99.205
88.2067
135.117
148.227
151.561
107.917
86.8074
-9.76639
3.88534
45.1049
84.4223
78.6116
60.8565
73.6566
63.4776
-97.5504
-91.0362
67.3924
95.3537
34.5915
12.5821
41.613
24.2333
-41.7702
77.5425
409.002
1208.87
903.547
678.772
1072.64
1236.52
1143.03
1058.72
1163.97
1111.11
1062.54
510.772
34.2322
277.355
528.319
633.463
515.019
499.48
440.509
394.453
468.233
806.066
934.193
764.351
694.811
468.412
481.749
642.998
677.622
421.042
447.059
415.833
344.554
355.486
395.108
431.172
376.439
293.799
255.902
215.752
177.635
222.599
285.746
284.293
254.484
195.288
177.662
198.157
186.576
167.813
168.485
163.038
141.408
123.547
103.999
144.519
208.085
219.271
180.807
187.908
161.304
204.907
185.868
131.103
89.5675
32.8078
206.409
45.9214
314.093
-44.8986
344.211
53.6144
384.656
232.658
202.821
249.115
269.533
198.672
221.948
150.514
68.6103
127.195
132.845
117.64
200.752
201.741
234.431
605.703
306.498
1531.83
1683.51
1369.28
1295.26
1420.09
1297.78
1048.96
1079.6
1085.28
926.736
937.787
1027.01
982.193
808.126
797.998
770.681
859.273
903.342
794.107
683.162
635.692
731.094
681.147
639.489
638.669
312.905
300.966
428.734
475.276
452.239
408.103
387.943
439.667
439.549
499.737
489.75
348.242
251.044
245.566
292.082
287.182
254.914
223.233
193.535
179.702
136.845
121.775
137.355
90.1885
77.8091
281.884
79.1885
252.027
57.9585
102.009
83.3968
93.0439
115.169
138.727
85.2169
31.3013
11.6738
59.2809
108.101
56.9251
77.8915
42.8054
29.2883
142.257
141.399
170.806
113.961
81.1145
162.762
165.221
196.225
147.475
165.542
160.142
128.639
111.726
119.757
207.526
124.218
158.832
245.181
789.378
601.221
394.491
345.563
203.441
63.0643
120.14
131.129
318.841
270.498
355.737
240.684
310.579
295.644
366.021
414.364
324.739
383.472
558.793
592.635
616.601
421.23
253.655
388.219
410.509
240.452
350.848
497.173
458.466
441.694
330.703
353.078
551.67
562.85
442.708
341.947
313.492
279.546
322.322
380.077
420.208
472.709
397.233
426.699
318.497
214.562
266.917
992.145
985.09
623.5
580.437
1015.82
871.375
657.903
691.142
553.374
630.717
571.376
473.908
461.005
389.241
430.159
360.747
376.822
418.217
2149.11
1627.63
1256.26
1274.68
1070.67
681.332
224.221
472.076
738.181
702.275
650.359
418.496
444.879
562.974
493.029
171.146
361.36
443.087
446.534
454.159
446.424
556.642
446.327
405.187
337.206
304.911
294.437
304.568
308.926
321.858
273.863
155.77
159.037
101.32
66.6753
158.111
176.402
303.933
244.315
119.175
72.8441
46.2093
116.518
84.1799
61.1146
-7.76424
181.803
52.3615
-50.681
117.431
22.7533
61.8193
111.083
201.297
246.787
234.28
250.077
153.523
145.339
90.3388
134.6
127.232
128.821
218.58
264.781
819.183
665.234
669.377
583.122
293.432
293.516
408.555
504.074
469.778
546.48
533.407
542.112
405.089
419.717
680.792
639.135
662.579
505.686
1579.16
366.268
165.951
452.652
1892.88
345.034
19.1751
293.276
468.589
322.778
301.251
513.993
215.781
333.043
398.049
399.165
398.617
502.536
512.778
822.813
705.037
488.253
374.464
326.718
460.602
358.367
267.156
331.911
362.889
232.504
201.083
261.522
379.683
244.746
329.28
234.749
304.989
260.197
296.285
235.953
266.682
286.635
266.953
182.058
200.79
263.108
428.661
287.413
305.018
421.244
506.532
437.274
348.413
464.233
539.243
591.246
606.147
612.799
493.656
400.62
530.181
499.217
478.821
259.838
196.474
405.276
407.076
449.086
448.273
1845.82
1754.3
1318.08
923.367
1021.84
1054
926.265
979.669
1008.16
974.643
760.8
758.41
727.644
848.346
893.495
743.455
239.665
336.872
464.438
479.989
764.921
748.721
229.714
271.099
361.719
409.468
399.182
394.145
435.202
432.551
417.919
463.506
428.706
306.582
208.104
161.545
208.586
227.476
213.025
175.055
150.005
145.125
153.085
101.159
91.1759
15.7017
347.146
87.1366
-7.26978
292.332
110.937
-28.3173
42.0192
136.817
139.825
138.955
99.8256
95.7365
87.522
59.105
129.957
46.6966
134.334
57.6627
36.3866
15.2753
248.463
191.004
50.1754
35.4398
204.652
104.636
30.8531
30.8913
27.21
54.921
41.4609
58.6556
181.302
252.101
110.837
216.445
214.682
354.506
698.391
593.207
448.032
218.275
136.928
238.959
246.089
400.989
819.873
608.597
521.438
576.182
616.545
567.417
571.22
771.187
808.159
545.862
420.809
446.508
580.495
615.943
514.201
299.593
274.649
401.848
587.655
617.649
570.31
651.704
554.375
482.004
595.301
577.23
625.389
611.054
424.545
319.27
379.465
535.281
666.325
750.045
749.463
775.85
716.577
629.705
571.855
287.894
287.521
392.973
397.921
360.885
347.012
344.046
289.348
306.393
293.69
349.886
320.979
358.224
652.247
342.231
261.378
337.264
325.192
305.672
265.613
316.54
236.976
232.988
269.04
342.275
297.16
267.693
155.522
128.953
332.162
348.452
295.205
278.153
258.688
261.479
492.386
565.277
315.677
121.141
174.074
301.743
251.293
239.621
157.261
191.591
328.71
273.394
234.846
231.076
260.804
248.496
152.271
232.265
226.694
281.253
351.183
131.811
115.628
198.406
333.195
264.835
246.224
242.474
256.053
328.725
258.569
214.729
240.074
263.772
233.794
106.416
139.491
92.2252
244.362
307.741
294.04
241.325
271.656
247.804
245.721
271.23
479.841
380.821
185.299
201.117
283.889
329.752
376.553
318.586
279.696
417.938
471.705
426.284
297.984
224.982
249.286
292.36
327.425
470.613
409.466
352.256
323.204
367.333
378.27
354.367
378.586
431.363
169.165
306.106
359.94
376.083
30.6543
-36.7171
55.5153
95.1511
443.052
511.348
465.231
435.23
574.786
856.921
651.434
493.561
689.095
836.416
674.85
587.168
768.169
583.741
457.497
392.642
492.377
499.429
409.462
259.478
264.421
262.837
342.267
379.816
360.608
436.772
674.134
672.545
625.821
834.539
775.787
631.245
337.794
327.914
390.822
454.685
529.28
655.92
558.049
417.218
399.712
443.539
402.525
449.898
360.864
379.243
373.953
404.226
381.438
382.189
311.72
304.824
307.678
364.721
352.004
296.636
335.109
361.399
320.373
260.24
286.45
185.428
260.594
231.883
304.237
267.544
163.906
134.862
155.685
184.686
157.934
138.114
147.956
129.77
101.653
110.02
154.273
175.287
215.368
214.813
160.89
69.3268
201.662
534.263
887.7
915.593
719.041
818.354
170.153
203.175
479.378
803.886
779.053
711.505
572.35
592.157
587.084
592.538
640.277
676.931
656.357
543.657
624.47
680.96
336.223
239.872
348.601
377.132
386.609
373.64
419.428
290.016
395.661
490.041
468.057
371.369
298.953
274.812
298.987
354.886
386.327
357.975
263.922
230.896
215.702
214.838
265.108
254.979
168.337
139.364
142.338
147.808
136.952
267.508
258.255
255.462
337.648
349.757
270.68
315.707
402.913
250.861
128.768
157.839
291.933
544.803
459.774
254.929
253.354
441.897
