-355.742
-356.396
-349.43
-350.494
-349.785
-353.94
-347.911
-347.333
-347.958
-349.295
-344.851
-352.593
-356.038
-358.281
-355.761
-354.385
-349.614
-346.083
-345.085
-347.795
-352.257
-349.613
-353.585
-353.479
-354.045
-357.096
-354.837
-355.112
-358.607
-366.647
-365.077
-363.158
-357.268
-359.284
-359.198
-360.148
-356.195
-361.056
-364.785
-371.218
-369.706
-370.607
-371.023
-366.036
-366.335
-368.168
-359.699
-362.617
-368.144
-447.923
-521.327
-575.09
-627.688
-674.012
-707.373
-735.442
-744.415
-756.085
-762.586
-764.744
-772.514
-778.34
-784.557
-789.127
-792.082
-779.664
-771.052
-764.085
-750.748
-733.143
-710.891
-683.005
-653.766
-622.083
-590.643
-566.699
-537.383
-510.417
-488.852
-465.397
-444.611
-420.756
-400.857
-386.509
-370.293
-350.917
-335.481
-316.913
-303.957
-290.357
-283.259
-266.873
-258.718
-252.257
-250.708
-238.985
-232.734
-228.687
-227.857
-223.335
-228.513
-230.385
-238.027
-247.266
-260.228
-274.353
-287.644
-303.445
-326.664
-329.511
-332.407
-335.608
-334.783
-333.77
-334.93
-336.033
-339.399
-338.584
-344.001
-351.034
-357.726
-362.951
-361.023
-360.724
-356.631
-363.617
-361.548
-356.302
-354.029
-353.209
-354.726
-360.134
-355.648
-354.762
-351.008
-350.971
-347.884
-346.851
-344.369
-345.144
-343.927
-350.805
-353.422
-352.003
-352.267
-358.235
-360.04
-362.608
-363.313
-363.591
-358.94
-362.52
-360.051
-359.225
-352.075
-352.016
-351.103
-338.29
-323.03
-313.09
-297.051
-291.491
-281.389
-275.232
-263.966
-254.175
-250.136
-245.833
-246.317
-236.466
-230.479
-225.11
-226.826
-224.761
-226.543
-224.539
-227.545
-236.128
-251.156
-268.199
-283.823
-303.38
-327.197
-350.64
-375.063
-384.558
-407.013
-424.997
-444.809
-468.309
-483.683
-496.685
-520.135
-534.256
-555.045
-565.631
-584.666
-607.436
-623.743
-647.955
-674.046
-690.453
-699.853
-719.253
-730.236
-738.543
-745.049
-747.468
-747.796
-752.588
-747.392
-733.651
-715.008
-668.809
-617.268
-557.502
-468.735
-477.514
-477.195
-480.407
-480.351
-478.993
-472.949
-461.175
-452.644
-440.541
-426.042
-405.746
-381.699
-377.758
-377.595
-374.18
-371.743
-378.825
-379.354
-375.548
-380.184
-379.704
-376.43
-373.434
-360.28
-356.623
-355.585
-359.136
-356.778
-354.367
-354.103
-357.226
-354.948
-356.926
-354.271
-356.564
-356.19
-359.215
-353.402
-356.53
-360.843
-362.745
-361.99
-360.833
-357.349
-364.327
-363.358
-363.66
-363.002
-356.616
-358.588
-361.042
-357.073
-359.387
-365.612
-365.027
-360.757
-363.219
-366.646
-369.742
-367.651
-362.233
-359.883
-356.952
-358.146
-359.674
-352.762
-352.373
-352.367
-350.025
-351.174
-352.036
-351.98
-353.242
-353.627
-353.247
-352.221
-344.374
-351.229
-343.995
-341.352
-340.665
-342.609
-342.766
-345.741
-340.689
-342.169
-338.534
-344.771
-352.044
-351.827
-355.098
-356.281
-354.884
-355.364
-356.729
-360.846
-363.167
-366.552
-364.494
-364.427
-362.588
-357.367
-356.828
-362.411
-356.528
-362.878
-363.126
-360.47
-363.216
-363.521
-367.394
-368.743
-369.376
-367.114
-367.399
-368.685
-369.306
-369.489
-365.071
-359.323
-363.9
-362.916
-361.463
-358.34
-355.959
-357.872
-358.898
-361.628
-362.998
-363.308
-362.751
-365.805
-445.96
-518.216
-575.536
-626.502
-674.984
-706.009
-735.057
-744.828
-755.64
-761.334
-764.744
-772.514
-778.34
-784.557
-789.127
-792.082
-779.664
-771.052
-764.085
-750.748
-733.143
-710.891
-683.005
-653.766
-622.083
-590.643
-566.699
-537.383
-510.417
-488.852
-465.397
-444.611
-420.756
-400.857
-386.509
-370.293
-350.917
-335.481
-316.913
-303.957
-290.357
-283.259
-266.873
-258.718
-252.257
-250.708
-238.985
-232.734
-228.687
-227.857
-223.335
-228.513
-230.385
-238.027
-247.266
-260.228
-274.353
-287.644
-303.445
-326.664
-329.511
-332.407
-335.608
-334.783
-333.77
-334.93
-336.033
-339.399
-338.584
-344.001
-351.034
-357.726
-362.951
-361.023
-360.724
-356.631
-363.617
-361.548
-356.302
-354.029
-353.209
-354.726
-360.134
-355.648
-354.762
-351.008
-350.971
-347.884
-346.851
-344.369
-345.144
-343.927
-350.805
-353.422
-352.003
-352.267
-358.235
-360.04
-362.608
-363.313
-363.591
-358.94
-362.52
-360.051
-359.225
-352.075
-352.016
-351.103
-338.29
-323.03
-313.09
-297.051
-291.491
-281.389
-275.232
-263.966
-254.175
-250.136
-245.833
-246.317
-236.466
-230.479
-225.11
-226.826
-224.761
-226.543
-224.539
-227.545
-236.128
-251.156
-268.199
-283.823
-303.38
-327.197
-350.64
-375.063
-384.558
-407.013
-424.997
-444.809
-468.309
-483.683
-496.685
-520.135
-534.256
-555.045
-565.631
-584.666
-607.436
-623.743
-647.955
-674.046
-690.453
-699.853
-719.253
-730.236
-738.543
-745.049
-747.468
-747.796
-752.588
-747.392
-733.651
-715.008
-668.809
-617.268
-557.502
-468.735
-477.514
-477.195
-480.407
-480.351
-478.993
-472.949
-461.175
-452.644
-440.541
-426.042
-405.746
-381.699
-377.758
-377.595
-374.18
-371.743
-378.825
-379.354
-375.548
-380.184
-379.704
-376.43
-373.434
-360.28
-356.623
-355.585
-359.136
-356.778
-354.367
-354.103
-357.226
-354.948
-356.926
-354.271
-356.564
-356.19
-359.215
-353.402
-356.53
-360.843
-362.745
-361.99
-360.833
-357.349
-364.327
-363.358
-363.66
-363.002
-356.616
-358.588
-361.042
-357.073
-359.387
-365.612
-365.027
-360.757
-363.219
-366.646
-369.742
-367.651
-362.233
-359.883
-356.952
-358.146
-359.674
-352.762
-352.373
-352.367
-350.025
-351.174
-352.036
-351.98
-353.242
-353.627
-353.247
-352.221
-344.374
-351.229
-343.995
-341.352
-340.665
-342.609
-342.766
-345.741
-340.689
-342.169
-338.534
-344.771
-352.044
-351.827
-355.098
-356.281
-354.884
-355.364
-356.729
-360.846
-363.167
-366.552
-364.494
-364.427
-362.588
-357.367
-356.828
-362.411
-356.528
-362.878
-363.126
-360.47
-363.216
-363.521
-367.394
-368.743
-369.376
-367.114
-367.399
-368.685
-369.306
-369.489
-365.071
-359.323
-363.9
-362.916
-361.463
-358.34
-355.959
-357.872
-358.898
-361.628
-362.998
-363.308
-362.751
-365.805
-445.96
-518.216
-575.536
-626.502
-674.984
-706.009
-735.057
-744.828
-755.64
-761.334
-764.744
-772.514
-778.34
-784.557
-789.127
-792.082
-779.664
-771.052
-764.085
-750.748
-733.143
-710.891
-683.005
-653.766
-622.083
-590.643
-566.699
-537.383
-510.417
-488.852
-465.397
-444.611
-420.756
-400.857
-386.509
-370.293
-350.917
-335.481
-316.913
-303.957
-290.357
-283.259
-266.873
-258.718
-252.257
-250.708
-238.985
-232.734
-228.687
-227.857
-223.335
-228.513
-230.385
-238.027
-247.266
-260.228
-274.353
-287.644
-303.445
-326.664
-329.511
-332.407
-335.608
-334.783
-333.77
-334.93
-336.033
-339.399
-338.584
-344.001
-351.034
-357.726
-362.951
-361.023
-360.724
-356.631
-363.617
-361.548
-356.302
-354.029
-353.209
-354.726
-360.134
-355.648
-354.762
-351.008
-350.971
-347.884
-346.851
-344.369
-345.144
-343.927
-350.805
-353.422
-352.003
-352.267
-358.235
-360.04
-362.608
-363.313
-363.591
-358.94
-362.52
-360.051
-359.225
-352.075
-352.016
-351.103
-338.29
-323.03
-313.09
-297.051
-291.491
-281.389
-275.232
-263.966
-254.175
-250.136
-245.833
-246.317
-236.466
-230.479
-225.11
-226.826
-224.761
-226.543
-224.539
-227.545
-236.128
-251.156
-268.199
-283.823
-303.38
-327.197
-350.64
-375.063
-384.558
-407.013
-424.997
-444.809
-468.309
-483.683
-496.685
-520.135
-534.256
-555.045
-565.631
-584.666
-607.436
-623.743
-647.955
-674.046
-690.453
-699.853
-719.253
-730.236
-738.543
-745.049
-747.468
-747.796
-752.588
-747.392
-733.651
-715.008
-668.809
-617.268
-557.502
-468.735
-477.514
-477.195
-480.407
-480.351
-478.993
-472.949
-461.175
-452.644
-440.541
-426.042
-405.746
-381.699
-377.758
-377.595
-374.18
-371.743
-378.825
-379.354
-375.548
-380.184
-379.704
-376.43
-373.434
-360.28
-356.623
-355.585
-359.136
-356.778
-354.367
-354.103
-357.226
-354.948
-356.926
-354.271
-356.564
-356.19
-359.215
-353.402
-356.53
-360.843
-362.745
-361.99
-360.833
-357.349
-364.327
-363.358
-363.66
-363.002
-356.616
-358.588
-361.042
-357.073
-359.387
-365.612
-365.027
-360.757
-363.219
-366.646
-369.742
-367.651
-362.233
-359.883
-356.952
-358.146
-359.674
-352.762
-352.373
-352.367
-350.025
-351.174
-352.036
-351.98
-353.242
-353.627
-353.247
-352.221
-344.374
-351.229
-343.995
-341.352
-340.665
-342.609
-342.766
-345.741
-340.689
-342.169
-338.534
-344.771
-352.044
-351.827
-355.098
-356.281
-354.884
-355.364
-356.729
-360.846
-363.167
-366.552
-364.494
-364.427
-362.588
-357.367
-356.828
-362.411
-356.528
-362.878
-363.126
-360.47
-363.216
-363.521
-367.394
-368.743
-369.376
-367.114
-367.399
-368.685
-369.306
-369.489
-365.071
-359.323
-363.9
-362.916
-361.463
-358.34
-355.959
-357.872
-358.898
-361.628
-362.998
-363.308
-362.751
-365.805
-445.96
-518.216
-575.536
-626.502
-674.984
-706.009
-735.057
-744.828
-755.64
-761.334
-764.744
-772.514
-778.34
-784.557
-789.127
-792.082
-779.664
-771.052
-764.085
-750.748
-733.143
-710.891
-683.005
-653.766
-622.083
-590.643
-566.699
-537.383
-510.417
-488.852
-465.397
-444.611
-420.756
-400.857
-386.509
-370.293
-350.917
-335.481
-316.913
-303.957
-290.357
-283.259
-266.873
-258.718
-252.257
-250.708
-238.985
-232.734
-228.687
-227.857
-223.335
-228.513
-230.385
-238.027
-247.266
-260.228
-274.353
-287.644
-303.445
-326.664
-329.511
-332.407
-335.608
-334.783
-333.77
-334.93
-336.033
-339.399
-338.584
-344.001
-351.034
-357.726
-362.951
-361.023
-360.724
-356.631
-363.617
-361.548
-356.302
-354.029
-353.209
-354.726
-360.134
-355.648
-354.762
-351.008
-350.971
-347.884
-346.851
-344.369
-345.144
-343.927
-350.805
-353.422
-352.003
-352.267
-358.235
-360.04
-362.608
-363.313
-363.591
-358.94
-362.52
-360.051
-359.225
-352.075
-352.016
-351.103
-338.29
-323.03
-313.09
-297.051
-291.491
-281.389
-275.232
-263.966
-254.175
-250.136
-245.833
-246.317
-236.466
-230.479
-225.11
-226.826
-224.761
-226.543
-224.539
-227.545
-236.128
-251.156
-268.199
-283.823
-303.38
-327.197
-350.64
-375.063
-384.558
-407.013
-424.997
-444.809
-468.309
-483.683
-496.685
-520.135
-534.256
-555.045
-565.631
-584.666
-607.436
-623.743
-647.955
-674.046
-690.453
-699.853
-719.253
-730.236
-738.543
-745.049
-747.468
-747.796
-752.588
-747.392
-733.651
-715.008
-668.809
-617.268
-557.502
-468.735
-477.514
-477.195
-480.407
-480.351
-478.993
-472.949
-461.175
-452.644
-440.541
-426.042
-405.746
-381.699
-377.758
-377.595
-374.18
-371.743
-378.825
-379.354
-375.548
-380.184
-379.704
-376.43
-373.434
-360.28
-356.623
-355.585
-359.136
-356.778
-354.367
-354.103
-357.226
-354.948
-356.926
-354.271
-356.564
-356.19
-359.215
-353.402
-356.53
-360.843
-362.745
-361.99
-360.833
-357.349
-364.327
-363.358
-363.66
-363.002
-356.616
-358.588
-361.042
-357.073
-359.387
-365.612
-365.027
-360.757
-363.219
-366.646
-369.742
-367.651
-362.233
-359.883
-356.952
-358.146
-359.674
-352.762
-352.373
-352.367
-350.025
-351.174
-352.036
-351.98
-353.242
-353.627
-353.247
-352.221
-344.374
-351.229
-343.995
-341.352
-340.665
-342.609
-342.766
-345.741
-340.689
-342.169
-338.534
-344.771
-352.044
-351.827
-355.098
-356.281
-354.884
-355.364
-356.729
-360.846
-363.167
-366.552
-364.494
-364.427
-362.588
-357.367
-356.828
-362.411
-356.528
-362.878
-363.126
-360.47
-363.216
-363.521
-367.394
-368.743
-369.376
-367.114
-367.399
-368.685
-369.306
-369.489
-365.071
-359.323
-363.9
-362.916
-361.463
-358.34
-355.959
-357.872
-358.898
-361.628
-362.998
-363.308
-362.751
-365.805
-445.96
-518.216
-575.536
-626.502
-674.984
-706.009
-735.057
-744.828
-755.64
-761.334
-764.744
-772.514
-778.34
-784.557
-789.127
-792.082
-779.664
-771.052
-764.085
-750.748
-733.143
-710.891
-683.005
-653.766
-622.083
-590.643
-566.699
-537.383
-510.417
-488.852
-465.397
-444.611
-420.756
-400.857
-386.509
-370.293
-350.917
-335.481
-316.913
-303.957
-290.357
-283.259
-266.873
-258.718
-252.257
-250.708
-238.985
-232.734
-228.687
-227.857
-223.335
-228.513
-230.385
-238.027
-247.266
-260.228
-274.353
-287.644
-303.445
-326.664
-329.511
-332.407
-335.608
-334.783
-333.77
-334.93
-336.033
-339.399
-338.584
-344.001
-351.034
-357.726
-362.951
-361.023
-360.724
-356.631
-363.617
-361.548
-356.302
-354.029
-353.209
-354.726
-360.134
-355.648
-354.762
-351.008
-350.971
-347.884
-346.851
-344.369
-345.144
-343.927
-350.805
-353.422
-352.003
-352.267
-358.235
-360.04
-362.608
-363.313
-363.591
-358.94
-362.52
-360.051
-359.225
-352.075
-352.016
-351.103
-338.29
-323.03
-313.09
-297.051
-291.491
-281.389
-275.232
-263.966
-254.175
-250.136
-245.833
-246.317
-236.466
-230.479
-225.11
-226.826
-224.761
-226.543
-224.539
-227.545
-236.128
-251.156
-268.199
-283.823
-303.38
-327.197
-350.64
-375.063
-384.558
-407.013
-424.997
-444.809
-468.309
-483.683
-496.685
-520.135
-534.256
-555.045
-565.631
-584.666
-607.436
-623.743
-647.955
-674.046
-690.453
-699.853
-719.253
-730.236
-738.543
-745.049
-747.468
-747.796
-752.588
-747.392
-733.651
-715.008
-668.809
-617.268
-557.502
-468.735
-477.514
-477.195
-480.407
-480.351
-478.993
-472.949
-461.175
-452.644
-440.541
-426.042
-405.746
-381.699
-377.758
-377.595
-374.18
-371.743
-378.825
-379.354
-375.548
-380.184
-379.704
-376.43
-373.434
-360.28
-356.623
-355.585
-359.136
-356.778
-354.367
-354.103
-357.226
-354.948
-356.926
-354.271
-356.564
-356.19
-359.215
-353.402
-356.53
-360.843
-362.745
-361.99
-360.833
-357.349
-364.327
-363.358
-363.66
-363.002
-356.616
-358.588
-361.042
-357.073
-359.387
-365.612
-365.027
-360.757
-363.219
-366.646
-369.742
-367.651
-362.233
-359.883
-356.952
-358.146
-359.674
-352.762
-352.373
-352.367
-350.025
-351.174
-352.036
-351.98
-353.242
-353.627
-353.247
-352.221
-344.374
-351.229
-343.995
-341.352
-340.665
-342.609
-342.766
-345.741
-340.689
-342.169
-338.534
-344.771
-352.044
-351.827
-355.098
-356.281
-354.884
-355.364
-356.729
-360.846
-363.167
-366.552
-364.494
-364.427
-362.588
-357.367
-356.828
-362.411
-356.528
-362.878
-363.126
-360.47
-363.216
-363.521
-367.394
-368.743
-369.376
-367.114
-367.399
-368.685
-369.306
-369.489
-365.071
-359.323
-363.9
-362.916
-361.463
-358.34
-355.959
-357.872
-358.898
-361.628
-362.998
-363.308
-362.751
-365.805
-445.96
-518.216
-575.536
-626.502
-674.984
-706.009
-735.057
-744.828
-755.64
-761.334
-764.744
-772.514
-778.34
-784.557
-789.127
-792.082
-779.664
-771.052
-764.085
-750.748
-733.143
-710.891
-683.005
-653.766
-622.083
-590.643
-566.699
-537.383
-510.417
-488.852
-465.397
-444.611
-420.756
-400.857
-386.509
-370.293
-350.917
-335.481
-316.913
-303.957
-290.357
-283.259
-266.873
-258.718
-252.257
-250.708
-238.985
-232.734
-228.687
-227.857
-223.335
-228.513
-230.385
-238.027
-247.266
-260.228
-274.353
-287.644
-303.445
-326.664
-329.511
-332.407
-335.608
-334.783
-333.77
-334.93
-336.033
-339.399
-338.584
-344.001
-351.034
-357.726
-362.951
-361.023
-360.724
-356.631
-363.617
-361.548
-356.302
-354.029
-353.209
-354.726
-360.134
-355.648
-354.762
-351.008
-350.971
-347.884
-346.851
-344.369
-345.144
-343.927
-350.805
-353.422
-352.003
-352.267
-358.235
-360.04
-362.608
-363.313
-363.591
-358.94
-362.52
-360.051
-359.225
-352.075
-352.016
-351.103
-338.29
-323.03
-313.09
-297.051
-291.491
-281.389
-275.232
-263.966
-254.175
-250.136
-245.833
-246.317
-236.466
-230.479
-225.11
-226.826
-224.761
-226.543
-224.539
-227.545
-236.128
-251.156
-268.199
-283.823
-303.38
-327.197
-350.64
-375.063
-384.558
-407.013
-424.997
-444.809
-468.309
-483.683
-496.685
-520.135
-534.256
-555.045
-565.631
-584.666
-607.436
-623.743
-647.955
-674.046
-690.453
-699.853
-719.253
-730.236
-738.543
-745.049
-747.468
-747.796
-752.588
-747.392
-733.651
-715.008
-668.809
-617.268
-557.502
-468.735
-477.514
-477.195
-480.407
-480.351
-478.993
-472.949
-461.175
-452.644
-440.541
-426.042
-405.746
-381.699
-377.758
-377.595
-374.18
-371.743
-378.825
-379.354
-375.548
-380.184
-379.704
-376.43
-373.434
-360.28
-356.623
-355.585
-359.136
-356.778
-354.367
-354.103
-357.226
-354.948
-356.926
-354.271
-356.564
-356.19
-359.215
-353.402
-356.53
-360.843
-362.745
-361.99
-360.833
-357.349
-364.327
-363.358
-363.66
-363.002
-356.616
-358.588
-361.042
-357.073
-359.387
-365.612
-365.027
-360.757
-363.219
-366.646
-369.742
-367.651
-362.233
-359.883
-356.952
-358.146
-359.674
-352.762
-352.373
-352.367
-350.025
-351.174
-352.036
-351.98
-353.242
-353.627
-353.247
-352.221
-344.374
-351.229
-343.995
-341.352
-340.665
-342.609
-342.766
-345.741
-340.689
-342.169
-338.534
-344.771
-352.044
-351.827
-355.098
-356.281
-354.884
-355.364
-356.729
-360.846
-363.167
-366.552
-364.494
-364.427
-362.588
-357.367
-356.828
-362.411
-356.528
-362.878
-363.126
-360.47
-363.216
-363.521
-367.394
-368.743
-369.376
-367.114
-367.399
-368.685
-369.306
-369.489
-365.071
-359.323
-363.9
-362.916
-361.463
-358.34
-355.959
-357.872
-358.898
-361.628
-362.998
-363.308
-362.751
-365.805
-445.96
-518.216
-575.536
-626.502
-674.984
-706.009
-735.057
-744.828
-755.64
-761.334
-764.744
-772.514
-778.34
-784.557
-789.127
-792.082
-779.664
-771.052
-764.085
-750.748
-733.143
-710.891
-683.005
-653.766
-622.083
-590.643
-566.699
-537.383
-510.417
-488.852
-465.397
-444.611
-420.756
-400.857
-386.509
-370.293
-350.917
-335.481
-316.913
-303.957
-290.357
-283.259
-266.873
-258.718
-252.257
-250.708
-238.985
-232.734
-228.687
-227.857
-223.335
-228.513
-230.385
-238.027
-247.266
-260.228
-274.353
-287.644
-303.445
-326.664
-329.511
-332.407
-335.608
-334.783
-333.77
-334.93
-336.033
-339.399
-338.584
-344.001
-351.034
-357.726
-362.951
-361.023
-360.724
-356.631
-363.617
-361.548
-356.302
-354.029
-353.209
-354.726
-360.134
-355.648
-354.762
-351.008
-350.971
-347.884
-346.851
-344.369
-345.144
-343.927
-350.805
-353.422
-352.003
-352.267
-358.235
-360.04
-362.608
-363.313
-363.591
-358.94
-362.52
-360.051
-359.225
-352.075
-352.016
-351.103
-338.29
-323.03
-313.09
-297.051
-291.491
-281.389
-275.232
-263.966
-254.175
-250.136
-245.833
-246.317
-236.466
-230.479
-225.11
-226.826
-224.761
-226.543
-224.539
-227.545
-236.128
-251.156
-268.199
-283.823
-303.38
-327.197
-350.64
-375.063
-384.558
-407.013
-424.997
-444.809
-468.309
-483.683
-496.685
-520.135
-534.256
-555.045
-565.631
-584.666
-607.436
-623.743
-647.955
-674.046
-690.453
-699.853
-719.253
-730.236
-738.543
-745.049
-747.468
-747.796
-752.588
-747.392
-733.651
-715.008
-668.809
-617.268
-557.502
-468.735
-477.514
-477.195
-480.407
-480.351
-478.993
-472.949
-461.175
-452.644
-440.541
-426.042
-405.746
-381.699
-377.758
-377.595
-374.18
-371.743
-378.825
-379.354
-375.548
-380.184
-379.704
-376.43
-373.434
-360.28
-356.623
-355.585
-359.136
-356.778
-354.367
-354.103
-357.226
-354.948
-356.926
-354.271
-356.564
-356.19
-359.215
-353.402
-356.53
-360.843
-362.745
-361.99
-360.833
-357.349
-364.327
-363.358
-363.66
-363.002
-356.616
-358.588
-361.042
-357.073
-359.387
-365.612
-365.027
-360.757
-363.219
-366.646
-369.742
-367.651
-362.233
-359.883
-356.952
-358.146
-359.674
-352.762
-352.373
-352.367
-350.025
-351.174
-352.036
-351.98
-353.242
-353.627
-353.247
-352.221
-344.374
-351.229
-343.995
-341.352
-340.665
-342.609
-342.766
-345.741
-340.689
-342.169
-338.534
-344.771
-352.044
-351.827
-355.098
-356.281
-354.884
-355.364
-356.729
-360.846
-363.167
-366.552
-364.494
-364.427
-362.588
-357.367
-356.828
-362.411
-356.528
-362.878
-363.126
-360.47
-363.216
-363.521
-367.394
-368.743
-369.376
-367.114
-367.399
-368.685
-369.306
-369.489
-365.071
-359.323
-363.9
-362.916
-361.463
-358.34
-355.959
-357.872
-358.898
-361.628
-362.998
-363.308
-362.751
-365.805
-445.96
-518.216
-575.536
-626.502
-674.984
-706.009
-735.057
-744.828
-755.64
-761.334
-764.744
-772.514
-778.34
-784.557
-789.127
-792.082
-779.664
-771.052
-764.085
-750.748
-733.143
-710.891
-683.005
-653.766
-622.083
-590.643
-566.699
-537.383
-510.417
-488.852
-465.397
-444.611
-420.756
-400.857
-386.509
-370.293
-350.917
-335.481
-316.913
-303.957
-290.357
-283.259
-266.873
-258.718
-252.257
-250.708
-238.985
-232.734
-228.687
-227.857
-223.335
-228.513
-230.385
-238.027
-247.266
-260.228
-274.353
-287.644
-303.445
-326.664
-329.511
-332.407
-335.608
-334.783
-333.77
-334.93
-336.033
-339.399
-338.584
-344.001
-351.034
-357.726
-362.951
-361.023
-360.724
-356.631
-363.617
-361.548
-356.302
-354.029
-353.209
-354.726
-360.134
-355.648
-354.762
-351.008
-350.971
-347.884
-346.851
-344.369
-345.144
-343.927
-350.805
-353.422
-352.003
-352.267
-358.235
-360.04
-362.608
-363.313
-363.591
-358.94
-362.52
-360.051
-359.225
-352.075
-352.016
-351.103
-338.29
-323.03
-313.09
-297.051
-291.491
-281.389
-275.232
-263.966
-254.175
-250.136
-245.833
-246.317
-236.466
-230.479
-225.11
-226.826
-224.761
-226.543
-224.539
-227.545
-236.128
-251.156
-268.199
-283.823
-303.38
-327.197
-350.64
-375.063
-384.558
-407.013
-424.997
-444.809
-468.309
-483.683
-496.685
-520.135
-534.256
-555.045
-565.631
-584.666
-607.436
-623.743
-647.955
-674.046
-690.453
-699.853
-719.253
-730.236
-738.543
-745.049
-747.468
-747.796
-752.588
-747.392
-733.651
-715.008
-668.809
-617.268
-557.502
-468.735
-477.514
-477.195
-480.407
-480.351
-478.993
-472.949
-461.175
-452.644
-440.541
-426.042
-405.746
-381.699
-377.758
-377.595
-374.18
-371.743
-378.825
-379.354
-375.548
-380.184
-379.704
-376.43
-373.434
-360.28
-356.623
-355.585
-359.136
-356.778
-354.367
-354.103
-357.226
-354.948
-356.926
-354.271
-356.564
-356.19
-359.215
-353.402
-356.53
-360.843
-362.745
-361.99
-360.833
-357.349
-364.327
-363.358
-363.66
-363.002
-356.616
-358.588
-361.042
-357.073
-359.387
-365.612
-365.027
-360.757
-363.219
-366.646
-369.742
-367.651
-362.233
-359.883
-356.952
-358.146
-359.674
-352.762
-352.373
-352.367
-350.025
-351.174
-352.036
-351.98
-353.242
-353.627
-353.247
-352.221
-344.374
-351.229
-343.995
-341.352
-340.665
-342.609
-342.766
-345.741
-340.689
-342.169
-338.534
-344.771
-352.044
-351.827
-355.098
-356.281
-354.884
-355.364
-356.729
-360.846
-363.167
-366.552
-364.494
-364.427
-362.588
-357.367
-356.828
-362.411
-356.528
-362.878
-363.126
-360.47
-363.216
-363.521
-367.394
-368.743
-369.376
-367.114
-367.399
-368.685
-369.306
-369.489
-365.071
-359.323
-363.9
-362.916
-361.463
-358.34
-355.959
-357.872
-358.898
-361.628
-362.998
-363.308
-362.751
-365.805
-445.96
-518.216
-575.536
-626.502
-674.984
-706.009
-735.057
-744.828
-755.64
-761.334
-764.744
-772.514
-778.34
-784.557
-789.127
-792.082
-779.664
-771.052
-764.085
-750.748
-733.143
-710.891
-683.005
-653.766
-622.083
-590.643
-566.699
-537.383
-510.417
-488.852
-465.397
-444.611
-420.756
-400.857
-386.509
-370.293
-350.917
-335.481
-316.913
-303.957
-290.357
-283.259
-266.873
-258.718
-252.257
-250.708
-238.985
-232.734
-228.687
-227.857
-223.335
-228.513
-230.385
-238.027
-247.266
-260.228
-274.353
-287.644
-303.445
-326.664
-329.511
-332.407
-335.608
-334.783
-333.77
-334.93
-336.033
-339.399
-338.584
-344.001
-351.034
-357.726
-362.951
-361.023
-360.724
-356.631
-363.617
-361.548
-356.302
-354.029
-353.209
-354.726
-360.134
-355.648
-354.762
-351.008
-350.971
-347.884
-346.851
-344.369
-345.144
-343.927
-350.805
-353.422
-352.003
-352.267
-358.235
-360.04
-362.608
-363.313
-363.591
-358.94
-362.52
-360.051
-359.225
-352.075
-352.016
-351.103
-338.29
-323.03
-313.09
-297.051
-291.491
-281.389
-275.232
-263.966
-254.175
-250.136
-245.833
-246.317
-236.466
-230.479
-225.11
-226.826
-224.761
-226.543
-224.539
-227.545
-236.128
-251.156
-268.199
-283.823
-303.38
-327.197
-350.64
-375.063
-384.558
-407.013
-424.997
-444.809
-468.309
-483.683
-496.685
-520.135
-534.256
-555.045
-565.631
-584.666
-607.436
-623.743
-647.955
-674.046
-690.453
-699.853
-719.253
-730.236
-738.543
-745.049
-747.468
-747.796
-752.588
-747.392
-733.651
-715.008
-668.809
-617.268
-557.502
-468.735
-477.514
-477.195
-480.407
-480.351
-478.993
-472.949
-461.175
-452.644
-440.541
-426.042
-405.746
-381.699
-377.758
-377.595
-374.18
-371.743
-378.825
-379.354
-375.548
-380.184
-379.704
-376.43
-373.434
-360.28
-356.623
-355.585
-359.136
-356.778
-354.367
-354.103
-357.226
-354.948
-356.926
-354.271
-356.564
-356.19
-359.215
-353.402
-356.53
-360.843
-362.745
-361.99
-360.833
-357.349
-364.327
-363.358
-363.66
-363.002
-356.616
-358.588
-361.042
-357.073
-359.387
-365.612
-365.027
-360.757
-363.219
-366.646
-369.742
-367.651
-362.233
-359.883
-356.952
-358.146
-359.674
-352.762
-352.373
-352.367
-350.025
-351.174
-352.036
-351.98
-353.242
-353.627
-353.247
-352.221
-344.374
-351.229
-343.995
-341.352
-340.665
-342.609
-342.766
-345.741
-340.689
-342.169
-338.534
-344.771
-352.044
-351.827
-355.098
-356.281
-354.884
-355.364
-356.729
-360.846
-363.167
-366.552
-364.494
-364.427
-362.588
-357.367
-356.828
-362.411
-356.528
-362.878
-363.126
-360.47
-363.216
-363.521
-367.394
-368.743
-369.376
-367.114
-367.399
-368.685
-369.306
-369.489
-365.071
-359.323
-363.9
-362.916
-361.463
-358.34
-355.959
-357.872
-358.898
-361.628
-362.998
-363.308
-362.751
-365.805
-445.96
-518.216
-575.536
-626.502
-674.984
-706.009
-735.057
-744.828
-755.64
-761.334
-764.744
-772.514
-778.34
-784.557
-789.127
-792.082
-779.664
-771.052
-764.085
-750.748
-733.143
-710.891
-683.005
-653.766
-622.083
-590.643
-566.699
-537.383
-510.417
-488.852
-465.397
-444.611
-420.756
-400.857
-386.509
-370.293
-350.917
-335.481
-316.913
-303.957
-290.357
-283.259
-266.873
-258.718
-252.257
-250.708
-238.985
-232.734
-228.687
-227.857
-223.335
-228.513
-230.385
-238.027
-247.266
-260.228
-274.353
-287.644
-303.445
-326.664
-329.511
-332.407
-335.608
-334.783
-333.77
-334.93
-336.033
-339.399
-338.584
-344.001
-351.034
-357.726
-362.951
-361.023
-360.724
-356.631
-363.617
-361.548
-356.302
-354.029
-353.209
-354.726
-360.134
-355.648
-354.762
-351.008
-350.971
-347.884
-346.851
-344.369
-345.144
-343.927
-350.805
-353.422
-352.003
-352.267
-358.235
-360.04
-362.608
-363.313
-363.591
-358.94
-362.52
-360.051
-359.225
-352.075
-352.016
-351.103
-338.29
-323.03
-313.09
-297.051
-291.491
-281.389
-275.232
-263.966
-254.175
-250.136
-245.833
-246.317
-236.466
-230.479
-225.11
-226.826
-224.761
-226.543
-224.539
-227.545
-236.128
-251.156
-268.199
-283.823
-303.38
-327.197
-350.64
-375.063
-384.558
-407.013
-424.997
-444.809
-468.309
-483.683
-496.685
-520.135
-534.256
-555.045
-565.631
-584.666
-607.436
-623.743
-647.955
-674.046
-690.453
-699.853
-719.253
-730.236
-738.543
-745.049
-747.468
-747.796
-752.588
-747.392
-733.651
-715.008
-668.809
-617.268
-557.502
-468.735
-477.514
-477.195
-480.407
-480.351
-478.993
-472.949
-461.175
-452.644
-440.541
-426.042
-405.746
-381.699
-377.758
-377.595
-374.18
-371.743
-378.825
-379.354
-375.548
-380.184
-379.704
-376.43
-373.434
-360.28
-356.623
-355.585
-359.136
-356.778
-354.367
-354.103
-357.226
-354.948
-356.926
-354.271
-356.564
-356.19
-359.215
-353.402
-356.53
-360.843
-362.745
-361.99
-360.833
-357.349
-364.327
-363.358
-363.66
-363.002
-356.616
-358.588
-361.042
-357.073
-359.387
-365.612
-365.027
-360.757
-363.219
-366.646
-369.742
-367.651
-362.233
-359.883
-356.952
-358.146
-359.674
-352.762
-352.373
-352.367
-350.025
-351.174
-352.036
-351.98
-353.242
-353.627
-353.247
-352.221
-344.374
-351.229
-343.995
-341.352
-340.665
-342.609
-342.766
-345.741
-340.689
-342.169
-338.534
-344.771
-352.044
-351.827
-355.098
-356.281
-354.884
-355.364
-356.729
-360.846
-363.167
-366.552
-364.494
-364.427
-362.588
-357.367
-356.828
-362.411
-356.528
-362.878
-363.126
-360.47
-363.216
-363.521
-367.394
-368.743
-369.376
-367.114
-367.399
-368.685
-369.306
-369.489
-365.071
-359.323
-363.9
-362.916
-361.463
-358.34
-355.959
-357.872
-358.898
-361.628
-362.998
-363.308
-362.751
-365.805
-445.96
-518.216
-575.536
-626.502
-674.984
-706.009
-735.057
-744.828
-755.64
-761.334
-764.744
-772.514
-778.34
-784.557
-789.127
-792.082
-779.664
-771.052
-764.085
-750.748
-733.143
-710.891
-683.005
-653.766
-622.083
-590.643
-566.699
-537.383
-510.417
-488.852
-465.397
-444.611
-420.756
-400.857
-386.509
-370.293
-350.917
-335.481
-316.913
-303.957
-290.357
-283.259
-266.873
-258.718
-252.257
-250.708
-238.985
-232.734
-228.687
-227.857
-223.335
-228.513
-230.385
-238.027
-247.266
-260.228
-274.353
-287.644
-303.445
-326.664
-329.511
-332.407
-335.608
-334.783
-333.77
-334.93
-336.033
-339.399
-338.584
-344.001
-351.034
-357.726
-362.951
-361.023
-360.724
-356.631
-363.617
-361.548
-356.302
-354.029
-353.209
-354.726
-360.134
-355.648
-354.762
-351.008
-350.971
-347.884
-346.851
-344.369
-345.144
-343.927
-350.805
-353.422
-352.003
-352.267
-358.235
-360.04
-362.608
-363.313
-363.591
-358.94
-362.52
-360.051
-359.225
-352.075
-352.016
-351.103
-338.29
-323.03
-313.09
-297.051
-291.491
-281.389
-275.232
-263.966
-254.175
-250.136
-245.833
-246.317
-236.466
-230.479
-225.11
-226.826
-224.761
-226.543
-224.539
-227.545
-236.128
-251.156
-268.199
-283.823
-303.38
-327.197
-350.64
-375.063
-384.558
-407.013
-424.997
-444.809
-468.309
-483.683
-496.685
-520.135
-534.256
-555.045
-565.631
-584.666
-607.436
-623.743
-647.955
-674.046
-690.453
-699.853
-719.253
-730.236
-738.543
-745.049
-747.468
-747.796
-752.588
-747.392
-733.651
-715.008
-668.809
-617.268
-557.502
-468.735
-477.514
-477.195
-480.407
-480.351
-478.993
-472.949
-461.175
-452.644
-440.541
-426.042
-405.746
-381.699
-377.758
-377.595
-374.18
-371.743
-378.825
-379.354
-375.548
-380.184
-379.704
-376.43
-373.434
-360.28
-356.623
-355.585
-359.136
-356.778
-354.367
-354.103
-357.226
-354.948
-356.926
-354.271
-356.564
-356.19
-359.215
-353.402
-356.53
-360.843
-362.745
-361.99
-360.833
-357.349
-364.327
-363.358
-363.66
-363.002
-356.616
-358.588
-361.042
-357.073
-359.387
-365.612
-365.027
-360.757
-363.219
-366.646
-369.742
-367.651
-362.233
-359.883
-356.952
-358.146
-359.674
-352.762
-352.373
-352.367
-350.025
-351.174
-352.036
-351.98
-353.242
-353.627
-353.247
-352.221
-344.374
-351.229
-343.995
-341.352
-340.665
-342.609
-342.766
-345.741
-340.689
-342.169
-338.534
-344.771
-352.044
-351.827
-355.098
-356.281
-354.884
-355.364
-356.729
-360.846
-363.167
-366.552
-364.494
-364.427
-362.588
-357.367
-356.828
-362.411
-356.528
-362.878
-363.126
-360.47
-363.216
-363.521
-367.394
-368.743
-369.376
-367.114
-367.399
-368.685
-369.306
-369.489
-365.071
-359.323
-363.9
-362.916
-361.463
-358.34
-355.959
-357.872
-358.898
-361.628
-362.998
-363.308
-362.751
-365.805
-445.96
-518.216
-575.536
-626.502
-674.984
-706.009
-735.057
-744.828
-755.64
-761.334
-764.744
-772.514
-778.34
-784.557
-789.127
-792.082
-779.664
-771.052
-764.085
-750.748
-733.143
-710.891
-683.005
-653.766
-622.083
-590.643
-566.699
-537.383
-510.417
-488.852
-465.397
-444.611
-420.756
-400.857
-386.509
-370.293
-350.917
-335.481
-316.913
-303.957
-290.357
-283.259
-266.873
-258.718
-252.257
-250.708
-238.985
-232.734
-228.687
-227.857
-223.335
-228.513
-230.385
-238.027
-247.266
-260.228
-274.353
-287.644
-303.445
-326.664
-329.511
-332.407
-335.608
-334.783
-333.77
-334.93
-336.033
-339.399
-338.584
-344.001
-351.034
-357.726
-362.951
-361.023
-360.724
-356.631
-363.617
-361.548
-356.302
-354.029
-353.209
-354.726
-360.134
-355.648
-354.762
-351.008
-350.971
-347.884
-346.851
-344.369
-345.144
-343.927
-350.805
-353.422
-352.003
-352.267
-358.235
-360.04
-362.608
-363.313
-363.591
-358.94
-362.52
-360.051
-359.225
-352.075
-352.016
-351.103
-338.29
-323.03
-313.09
-297.051
-291.491
-281.389
-275.232
-263.966
-254.175
-250.136
-245.833
-246.317
-236.466
-230.479
-225.11
-226.826
-224.761
-226.543
-224.539
-227.545
-236.128
-251.156
-268.199
-283.823
-303.38
-327.197
-350.64
-375.063
-384.558
-407.013
-424.997
-444.809
-468.309
-483.683
-496.685
-520.135
-534.256
-555.045
-565.631
-584.666
-607.436
-623.743
-647.955
-674.046
-690.453
-699.853
-719.253
-730.236
-738.543
-745.049
-747.468
-747.796
-752.588
-747.392
-733.651
-715.008
-668.809
-617.268
-557.502
-468.735
-477.514
-477.195
-480.407
-480.351
-478.993
-472.949
-461.175
-452.644
-440.541
-426.042
-405.746
-381.699
-377.758
-377.595
-374.18
-371.743
-378.825
-379.354
-375.548
-380.184
-379.704
-376.43
-373.434
-360.28
-356.623
-355.585
-359.136
-356.778
-354.367
-354.103
-357.226
-354.948
-356.926
-354.271
-356.564
-356.19
-359.215
-353.402
-356.53
-360.843
-362.745
-361.99
-360.833
-357.349
-364.327
-363.358
-363.66
-363.002
-356.616
-358.588
-361.042
-357.073
-359.387
-365.612
-365.027
-360.757
-363.219
-366.646
-369.742
-367.651
-362.233
-359.883
-356.952
-358.146
-359.674
-352.762
-352.373
-352.367
-350.025
-351.174
-352.036
-351.98
-353.242
-353.627
-353.247
-352.221
-344.374
-351.229
-343.995
-341.352
-340.665
-342.609
-342.766
-345.741
-340.689
-342.169
-338.534
-344.771
-352.044
-351.827
-355.098
-356.281
-354.884
-355.364
-356.729
-360.846
-363.167
-366.552
-364.494
-364.427
-362.588
-357.367
-356.828
-362.411
-356.528
-362.878
-363.126
-360.47
-363.216
-363.521
-367.394
-368.743
-369.376
-367.114
-367.399
-368.685
-369.306
-369.489
-365.071
-359.323
-363.9
-362.916
-361.463
-358.34
-355.959
-357.872
-358.898
-361.628
-362.998
-363.308
-362.751
-365.805
-445.96
-518.216
-575.536
-626.502
-674.984
-706.009
-735.057
-744.828
-755.64
-761.334
-764.744
-772.514
-778.34
-784.557
-789.127
-792.082
-779.664
-771.052
-764.085
-750.748
-733.143
-710.891
-683.005
