15.4925
27.621
10.9434
29.0276
13.1165
26.807
16.1389
15.857
15.857
15.857
15.857
15.857
15.857
15.857
15.857
15.857
15.857
15.857
15.857
15.857
15.857
15.857
15.857
15.857
15.857
15.857
15.857
15.857
15.857
15.857
15.857
15.857
15.857
15.857
15.857
15.857
15.857
15.857
15.857
15.857
15.857
6.71594
35.2641
7.33279
29.3336
15.8824
42.4209
-4.73118
45.1865
2.13379
32.185
17.3821
36.8739
-2.83824
41.367
3.93909
29.3215
18.3269
20.0008
16.1594
28.3402
11.754
29.7649
17.2698
21.4913
23.4788
20.4849
18.7017
25.2712
19.8784
21.1831
21.8461
19.5823
22.4567
22.2803
21.739
18.6892
24.2493
17.6263
26.0294
20.2922
26.111
17.2903
26.4227
13.6479
27.8515
15.2986
27.7165
14.8719
28.523
9.54624
27.9431
17.0845
23.0188
14.0554
31.4666
8.29292
31.5316
15.8672
26.8459
15.4925
27.621
10.9434
29.0276
13.1165
26.807
16.1389
15.857
15.857
15.857
15.857
15.857
15.857
15.857
15.857
15.857
15.857
15.857
15.857
15.857
15.857
15.857
15.857
15.857
15.857
15.857
15.857
15.857
15.857
15.857
15.857
15.857
15.857
15.857
15.857
15.857
15.857
15.857
15.857
15.857
15.857
6.71594
35.2641
7.33279
29.3336
15.8824
42.4209
-4.73118
45.1865
2.13379
32.185
17.3821
36.8739
-2.83824
41.367
3.93909
29.3215
18.3269
20.0008
16.1594
28.3402
11.754
29.7649
17.2698
21.4913
23.4788
20.4849
18.7017
25.2712
19.8784
21.1831
21.8461
19.5823
22.4567
22.2803
21.739
18.6892
24.2493
17.6263
26.0294
20.2922
26.111
17.2903
26.4227
13.6479
27.8515
15.2986
27.7165
14.8719
28.523
9.54624
27.9431
17.0845
23.0188
14.0554
31.4666
8.29292
31.5316
15.8672
26.8459
15.4925
27.621
10.9434
29.0276
13.1165
26.807
16.1389
15.857
15.857
15.857
15.857
15.857
15.857
15.857
15.857
15.857
15.857
15.857
15.857
15.857
15.857
15.857
15.857
15.857
15.857
15.857
15.857
15.857
15.857
15.857
15.857
15.857
15.857
15.857
15.857
15.857
15.857
15.857
15.857
15.857
15.857
6.71594
35.2641
7.33279
29.3336
15.8824
42.4209
-4.73118
45.1865
2.13379
32.185
17.3821
36.8739
-2.83824
41.367
3.93909
29.3215
18.3269
20.0008
16.1594
28.3402
11.754
29.7649
17.2698
21.4913
23.4788
20.4849
18.7017
25.2712
19.8784
21.1831
21.8461
19.5823
22.4567
22.2803
21.739
18.6892
24.2493
17.6263
26.0294
20.2922
26.111
17.2903
26.4227
13.6479
27.8515
15.2986
27.7165
14.8719
28.523
9.54624
27.9431
17.0845
23.0188
14.0554
31.4666
8.29292
31.5316
15.8672
26.8459
15.4925
27.621
10.9434
29.0276
13.1165
26.807
16.1389
15.857
15.857
15.857
15.857
15.857
15.857
15.857
15.857
15.857
15.857
15.857
15.857
15.857
15.857
15.857
15.857
15.857
15.857
15.857
15.857
15.857
15.857
15.857
15.857
15.857
15.857
15.857
15.857
15.857
15.857
15.857
15.857
15.857
15.857
6.71594
35.2641
7.33279
29.3336
15.8824
42.4209
-4.73118
45.1865
2.13379
32.185
17.3821
36.8739
-2.83824
41.367
3.93909
29.3215
18.3269
20.0008
16.1594
28.3402
11.754
29.7649
17.2698
21.4913
23.4788
20.4849
18.7017
25.2712
19.8784
21.1831
21.8461
19.5823
22.4567
22.2803
21.739
18.6892
24.2493
17.6263
26.0294
20.2922
26.111
17.2903
26.4227
13.6479
27.8515
15.2986
27.7165
14.8719
28.523
9.54624
27.9431
17.0845
23.0188
14.0554
31.4666
8.29292
31.5316
15.8672
26.8459
15.4925
27.621
10.9434
29.0276
13.1165
26.807
16.1389
15.857
15.857
15.857
15.857
15.857
15.857
15.857
15.857
15.857
15.857
15.857
15.857
15.857
15.857
15.857
15.857
15.857
15.857
15.857
15.857
15.857
15.857
15.857
15.857
15.857
15.857
15.857
15.857
15.857
15.857
15.857
15.857
15.857
15.857
6.71594
35.2641
7.33279
29.3336
15.8824
42.4209
-4.73118
45.1865
2.13379
32.185
17.3821
36.8739
-2.83824
41.367
3.93909
29.3215
18.3269
20.0008
16.1594
28.3402
11.754
29.7649
17.2698
21.4913
23.4788
20.4849
18.7017
25.2712
19.8784
21.1831
21.8461
19.5823
22.4567
22.2803
21.739
18.6892
24.2493
17.6263
26.0294
20.2922
26.111
17.2903
26.4227
13.6479
27.8515
15.2986
27.7165
14.8719
28.523
9.54624
27.9431
17.0845
23.0188
14.0554
31.4666
8.29292
31.5316
15.8672
26.8459
15.4925
27.621
10.9434
29.0276
13.1165
26.807
16.1389
15.857
15.857
15.857
15.857
15.857
15.857
15.857
15.857
15.857
15.857
15.857
15.857
15.857
15.857
15.857
15.857
15.857
15.857
15.857
15.857
15.857
15.857
15.857
15.857
15.857
15.857
15.857
15.857
15.857
15.857
15.857
15.857
15.857
15.857
6.71594
35.2641
7.33279
29.3336
15.8824
42.4209
-4.73118
45.1865
2.13379
32.185
17.3821
36.8739
-2.83824
41.367
3.93909
29.3215
18.3269
20.0008
16.1594
28.3402
11.754
29.7649
17.2698
21.4913
23.4788
20.4849
18.7017
25.2712
19.8784
21.1831
21.8461
19.5823
22.4567
22.2803
21.739
18.6892
24.2493
17.6263
26.0294
20.2922
26.111
17.2903
26.4227
13.6479
27.8515
15.2986
27.7165
14.8719
28.523
9.54624
27.9431
17.0845
23.0188
14.0554
31.4666
8.29292
31.5316
15.8672
26.8459
15.4925
27.621
10.9434
29.0276
13.1165
26.807
16.1389
15.857
15.857
15.857
15.857
15.857
15.857
15.857
15.857
15.857
15.857
15.857
15.857
15.857
15.857
15.857
15.857
15.857
15.857
15.857
15.857
15.857
15.857
15.857
15.857
15.857
15.857
15.857
15.857
15.857
15.857
15.857
15.857
15.857
15.857
6.71594
35.2641
7.33279
29.3336
15.8824
42.4209
-4.73118
45.1865
2.13379
32.185
17.3821
36.8739
-2.83824
41.367
3.93909
29.3215
18.3269
20.0008
16.1594
28.3402
11.754
29.7649
17.2698
21.4913
23.4788
20.4849
18.7017
25.2712
19.8784
21.1831
21.8461
19.5823
22.4567
22.2803
21.739
18.6892
24.2493
17.6263
26.0294
20.2922
26.111
17.2903
26.4227
13.6479
27.8515
15.2986
27.7165
14.8719
28.523
9.54624
27.9431
17.0845
23.0188
14.0554
31.4666
8.29292
31.5316
15.8672
26.8459
15.4925
27.621
10.9434
29.0276
13.1165
26.807
16.1389
15.857
15.857
15.857
15.857
15.857
15.857
15.857
15.857
15.857
15.857
15.857
15.857
15.857
15.857
15.857
15.857
15.857
15.857
15.857
15.857
15.857
15.857
15.857
15.857
15.857
15.857
15.857
15.857
15.857
15.857
15.857
15.857
15.857
15.857
6.71594
35.2641
7.33279
29.3336
15.8824
42.4209
-4.73118
45.1865
2.13379
32.185
17.3821
36.8739
-2.83824
41.367
3.93909
29.3215
18.3269
20.0008
16.1594
28.3402
11.754
29.7649
17.2698
21.4913
23.4788
20.4849
18.7017
25.2712
19.8784
21.1831
21.8461
19.5823
22.4567
22.2803
21.739
18.6892
24.2493
17.6263
26.0294
20.2922
26.111
17.2903
26.4227
13.6479
27.8515
15.2986
27.7165
14.8719
28.523
9.54624
27.9431
17.0845
23.0188
14.0554
31.4666
8.29292
31.5316
15.8672
26.8459
15.4925
27.621
10.9434
29.0276
13.1165
26.807
16.1389
15.857
15.857
15.857
15.857
15.857
15.857
15.857
15.857
15.857
15.857
15.857
15.857
15.857
15.857
15.857
15.857
15.857
15.857
15.857
15.857
15.857
15.857
15.857
15.857
15.857
15.857
15.857
15.857
15.857
15.857
15.857
15.857
15.857
15.857
6.71594
35.2641
7.33279
29.3336
15.8824
42.4209
-4.73118
45.1865
2.13379
32.185
17.3821
36.8739
-2.83824
41.367
3.93909
29.3215
18.3269
20.0008
16.1594
28.3402
11.754
29.7649
17.2698
21.4913
23.4788
20.4849
18.7017
25.2712
19.8784
21.1831
21.8461
19.5823
22.4567
22.2803
21.739
18.6892
24.2493
17.6263
26.0294
20.2922
26.111
17.2903
26.4227
13.6479
27.8515
15.2986
27.7165
14.8719
28.523
9.54624
27.9431
17.0845
23.0188
14.0554
31.4666
8.29292
31.5316
15.8672
26.8459
15.4925
27.621
10.9434
29.0276
13.1165
26.807
16.1389
15.857
15.857
15.857
15.857
15.857
15.857
15.857
15.857
15.857
15.857
15.857
15.857
15.857
15.857
15.857
15.857
15.857
15.857
15.857
15.857
15.857
15.857
15.857
15.857
15.857
15.857
15.857
15.857
15.857
15.857
15.857
15.857
15.857
15.857
6.71594
35.2641
7.33279
29.3336
15.8824
42.4209
-4.73118
45.1865
2.13379
32.185
17.3821
36.8739
-2.83824
41.367
3.93909
29.3215
18.3269
20.0008
16.1594
28.3402
11.754
29.7649
17.2698
21.4913
23.4788
20.4849
18.7017
25.2712
19.8784
21.1831
21.8461
19.5823
22.4567
22.2803
21.739
18.6892
24.2493
17.6263
26.0294
20.2922
26.111
17.2903
26.4227
13.6479
27.8515
15.2986
27.7165
14.8719
28.523
9.54624
27.9431
17.0845
23.0188
14.0554
31.4666
8.29292
31.5316
15.8672
26.8459
15.4925
27.621
10.9434
29.0276
13.1165
26.807
16.1389
15.857
15.857
15.857
15.857
15.857
15.857
15.857
15.857
15.857
15.857
15.857
15.857
15.857
15.857
15.857
15.857
15.857
15.857
15.857
15.857
15.857
15.857
15.857
15.857
15.857
15.857
15.857
15.857
15.857
15.857
15.857
15.857
15.857
15.857
6.71594
35.2641
7.33279
29.3336
15.8824
42.4209
-4.73118
45.1865
2.13379
32.185
17.3821
36.8739
-2.83824
41.367
3.93909
29.3215
18.3269
20.0008
16.1594
28.3402
11.754
29.7649
17.2698
21.4913
23.4788
20.4849
18.7017
25.2712
19.8784
21.1831
21.8461
19.5823
22.4567
22.2803
21.739
18.6892
24.2493
17.6263
26.0294
20.2922
26.111
17.2903
26.4227
13.6479
27.8515
15.2986
27.7165
14.8719
28.523
9.54624
27.9431
17.0845
23.0188
14.0554
31.4666
8.29292
31.5316
15.8672
26.8459
15.4925
27.621
10.9434
29.0276
13.1165
26.807
16.1389
15.857
15.857
15.857
15.857
15.857
15.857
15.857
15.857
15.857
15.857
15.857
15.857
15.857
15.857
15.857
15.857
15.857
15.857
15.857
15.857
15.857
15.857
15.857
15.857
15.857
15.857
15.857
15.857
15.857
15.857
15.857
15.857
15.857
15.857
6.71594
35.2641
7.33279
29.3336
15.8824
42.4209
-4.73118
45.1865
2.13379
32.185
17.3821
36.8739
-2.83824
41.367
3.93909
29.3215
18.3269
20.0008
16.1594
28.3402
11.754
29.7649
17.2698
21.4913
23.4788
20.4849
18.7017
25.2712
19.8784
21.1831
21.8461
19.5823
22.4567
22.2803
21.739
18.6892
24.2493
17.6263
26.0294
20.2922
26.111
17.2903
26.4227
13.6479
27.8515
15.2986
27.7165
14.8719
28.523
9.54624
27.9431
17.0845
23.0188
14.0554
31.4666
8.29292
31.5316
15.8672
26.8459
15.4925
27.621
10.9434
29.0276
13.1165
26.807
16.1389
15.857
15.857
15.857
15.857
15.857
15.857
15.857
15.857
15.857
15.857
15.857
15.857
15.857
15.857
15.857
15.857
15.857
15.857
15.857
15.857
15.857
15.857
15.857
15.857
15.857
15.857
15.857
15.857
15.857
15.857
15.857
15.857
15.857
15.857
6.71594
35.2641
7.33279
29.3336
15.8824
42.4209
-4.73118
45.1865
2.13379
32.185
17.3821
36.8739
-2.83824
41.367
3.93909
29.3215
18.3269
20.0008
16.1594
28.3402
11.754
29.7649
17.2698
21.4913
23.4788
20.4849
18.7017
25.2712
19.8784
21.1831
21.8461
19.5823
22.4567
22.2803
21.739
18.6892
24.2493
17.6263
26.0294
20.2922
26.111
17.2903
26.4227
13.6479
27.8515
15.2986
27.7165
14.8719
28.523
9.54624
27.9431
17.0845
23.0188
14.0554
31.4666
8.29292
31.5316
15.8672
26.8459
15.4925
27.621
10.9434
29.0276
13.1165
26.807
16.1389
15.857
15.857
15.857
15.857
15.857
15.857
15.857
15.857
15.857
15.857
15.857
15.857
15.857
15.857
15.857
15.857
15.857
15.857
15.857
15.857
15.857
15.857
15.857
15.857
15.857
15.857
15.857
15.857
15.857
15.857
15.857
15.857
15.857
15.857
6.71594
35.2641
7.33279
29.3336
15.8824
42.4209
-4.73118
45.1865
2.13379
32.185
17.3821
36.8739
-2.83824
41.367
3.93909
29.3215
18.3269
20.0008
16.1594
28.3402
11.754
29.7649
17.2698
21.4913
23.4788
20.4849
18.7017
25.2712
19.8784
21.1831
21.8461
19.5823
22.4567
22.2803
21.739
18.6892
24.2493
17.6263
26.0294
20.2922
26.111
17.2903
26.4227
13.6479
27.8515
15.2986
27.7165
14.8719
28.523
9.54624
27.9431
17.0845
23.0188
14.0554
31.4666
8.29292
31.5316
15.8672
26.8459
15.4925
27.621
10.9434
29.0276
13.1165
26.807
16.1389
15.857
15.857
15.857
15.857
15.857
15.857
15.857
15.857
15.857
15.857
15.857
15.857
15.857
15.857
15.857
15.857
15.857
15.857
15.857
15.857
15.857
15.857
15.857
15.857
15.857
15.857
15.857
15.857
15.857
15.857
15.857
15.857
15.857
15.857
6.71594
35.2641
7.33279
29.3336
15.8824
42.4209
-4.73118
45.1865
2.13379
32.185
17.3821
36.8739
-2.83824
41.367
3.93909
29.3215
18.3269
20.0008
16.1594
28.3402
11.754
29.7649
17.2698
21.4913
23.4788
20.4849
18.7017
25.2712
19.8784
21.1831
21.8461
19.5823
22.4567
22.2803
21.739
18.6892
24.2493
17.6263
26.0294
20.2922
26.111
17.2903
26.4227
13.6479
27.8515
15.2986
27.7165
14.8719
28.523
9.54624
27.9431
17.0845
23.0188
14.0554
31.4666
8.29292
31.5316
15.8672
26.8459
15.4925
27.621
10.9434
29.0276
13.1165
26.807
16.1389
15.857
15.857
15.857
15.857
15.857
15.857
15.857
15.857
15.857
15.857
15.857
15.857
15.857
15.857
15.857
15.857
15.857
15.857
15.857
15.857
15.857
15.857
15.857
15.857
15.857
15.857
15.857
15.857
15.857
15.857
15.857
15.857
15.857
15.857
6.71594
35.2641
7.33279
29.3336
15.8824
42.4209
-4.73118
45.1865
2.13379
32.185
17.3821
36.8739
-2.83824
41.367
3.93909
29.3215
18.3269
20.0008
16.1594
28.3402
11.754
29.7649
17.2698
21.4913
23.4788
20.4849
18.7017
25.2712
19.8784
21.1831
21.8461
19.5823
22.4567
22.2803
21.739
18.6892
24.2493
17.6263
26.0294
20.2922
26.111
17.2903
26.4227
13.6479
27.8515
15.2986
27.7165
14.8719
28.523
9.54624
27.9431
17.0845
23.0188
14.0554
31.4666
8.29292
31.5316
15.8672
26.8459
15.4925
27.621
10.9434
29.0276
13.1165
26.807
16.1389
15.857
15.857
15.857
15.857
15.857
15.857
15.857
15.857
15.857
15.857
15.857
15.857
15.857
15.857
15.857
15.857
15.857
15.857
15.857
15.857
15.857
15.857
15.857
15.857
15.857
15.857
15.857
15.857
15.857
15.857
15.857
15.857
15.857
15.857
6.71594
35.2641
7.33279
29.3336
15.8824
28.2797
10.3438
35.0322
12.477
29.1925
25.7123
30.5098
9.60231
35.2793
12.2825
33.1539
18.6081
21.8247
23.4782
25.3896
30.3524
17.7379
25.1229
23.8595
23.9882
24.0222
24.2433
20.4817
29.979
19.996
25.1856
25.1191
22.9053
27.5475
24.0605
20.9983
28.5568
21.0801
29.5732
22.9518
26.3395
22.8838
26.3778
23.4045
26.0548
23.304
27.9254
21.1219
29.1552
17.0626
28.8009
22.5772
23.0216
21.9101
26.8877
19.6985
29.6613
20.541
25.6863
21.9362
23.2844
24.1488
22.4965
24.7404
24.4691
18.3944
27.1277
17.1783
23.0545
24.3729
10.9434
29.0276
13.1165
26.807
16.1389
15.857
15.857
15.857
15.857
15.857
15.857
15.857
15.857
15.857
15.857
15.857
15.857
15.857
15.857
15.857
15.857
15.857
15.857
15.857
15.857
15.857
15.857
15.857
15.857
15.857
6.71594
35.2641
7.33279
29.3336
15.8824
42.4209
-4.73118
45.1865
2.13379
32.185
17.3821
36.8739
-2.83824
41.367
3.93909
29.3215
18.3269
20.0008
16.1594
28.3402
11.754
29.7649
17.2698
21.4913
23.4788
20.4849
18.7017
25.2712
19.8784
21.1831
21.8461
19.5823
22.4567
22.2803
21.739
18.6892
24.2493
17.6263
26.0294
20.2922
26.111
17.2903
26.4227
13.6479
27.8515
15.2986
27.7165
14.8719
28.523
9.54624
27.9431
17.0845
23.0188
14.0554
31.4666
8.29292
31.5316
15.8672
26.8459
15.4925
27.621
10.9434
29.0276
13.1165
26.807
16.1389
15.857
15.857
15.857
15.857
15.857
15.857
15.857
15.857
15.857
15.857
15.857
15.857
15.857
15.857
15.857
15.857
15.857
15.857
15.857
15.857
15.857
15.857
15.857
15.857
15.857
15.857
15.857
15.857
15.857
15.857
15.857
15.857
15.857
15.857
6.71594
35.2641
7.33279
29.3336
15.8824
42.4209
-4.73118
45.1865
2.13379
32.185
17.3821
36.8739
-2.83824
41.367
3.93909
29.3215
18.3269
20.0008
16.1594
28.3402
11.754
29.7649
17.2698
21.4913
23.4788
20.4849
18.7017
25.2712
19.8784
21.1831
21.8461
19.5823
22.4567
22.2803
21.739
18.6892
24.2493
17.6263
26.0294
20.2922
26.111
17.2903
26.4227
13.6479
27.8515
15.2986
27.7165
14.8719
28.523
9.54624
27.9431
17.0845
23.0188
14.0554
31.4666
8.29292
31.5316
15.8672
26.8459
15.4925
27.621
10.9434
29.0276
13.1165
26.807
16.1389
15.857
15.857
15.857
15.857
15.857
15.857
15.857
15.857
15.857
15.857
15.857
15.857
15.857
15.857
15.857
15.857
15.857
15.857
15.857
15.857
15.857
15.857
15.857
15.857
15.857
15.857
15.857
15.857
15.857
15.857
15.857
15.857
15.857
15.857
6.71594
35.2641
7.33279
29.3336
15.8824
42.4209
-4.73118
45.1865
2.13379
32.185
17.3821
36.8739
-2.83824
41.367
3.93909
29.3215
18.3269
20.0008
16.1594
28.3402
11.754
29.7649
17.2698
21.4913
23.4788
20.4849
18.7017
25.2712
19.8784
21.1831
21.8461
19.5823
22.4567
22.2803
21.739
18.6892
24.2493
17.6263
26.0294
20.2922
26.111
17.2903
26.4227
13.6479
27.8515
15.2986
27.7165
14.8719
28.523
9.54624
27.9431
17.0845
23.0188
14.0554
31.4666
8.29292
31.5316
15.8672
26.8459
15.4925
27.621
10.9434
29.0276
13.1165
26.807
16.1389
15.857
15.857
15.857
15.857
15.857
15.857
15.857
15.857
15.857
15.857
15.857
15.857
15.857
15.857
15.857
15.857
15.857
15.857
15.857
15.857
15.857
15.857
15.857
15.857
15.857
15.857
15.857
15.857
15.857
15.857
15.857
15.857
15.857
15.857
6.71594
35.2641
7.33279
29.3336
15.8824
42.4209
-4.73118
45.1865
2.13379
32.185
17.3821
36.8739
-2.83824
41.367
3.93909
29.3215
18.3269
20.0008
16.1594
28.3402
11.754
29.7649
17.2698
21.4913
23.4788
20.4849
18.7017
25.2712
19.8784
21.1831
21.8461
19.5823
22.4567
22.2803
21.739
18.6892
24.2493
17.6263
26.0294
20.2922
26.111
17.2903
26.4227
13.6479
27.8515
15.2986
27.7165
14.8719
28.523
9.54624
27.9431
17.0845
23.0188
14.0554
31.4666
8.29292
31.5316
15.8672
26.8459
15.4925
27.621
10.9434
29.0276
13.1165
26.807
16.1389
15.857
15.857
15.857
15.857
15.857
15.857
15.857
15.857
15.857
15.857
15.857
15.857
15.857
15.857
15.857
15.857
15.857
15.857
15.857
15.857
15.857
15.857
15.857
15.857
15.857
15.857
15.857
15.857
15.857
15.857
15.857
15.857
15.857
15.857
6.71594
35.2641
7.33279
29.3336
15.8824
42.4209
-4.73118
45.1865
2.13379
32.185
17.3821
36.8739
-2.83824
41.367
3.93909
29.3215
18.3269
20.0008
16.1594
28.3402
11.754
29.7649
17.2698
21.4913
23.4788
20.4849
18.7017
25.2712
19.8784
21.1831
21.8461
19.5823
22.4567
22.2803
21.739
18.6892
24.2493
17.6263
26.0294
20.2922
26.111
17.2903
26.4227
13.6479
27.8515
15.2986
27.7165
14.8719
28.523
9.54624
27.9431
17.0845
23.0188
14.0554
31.4666
8.29292
31.5316
15.8672
26.8459
15.4925
27.621
10.9434
29.0276
13.1165
26.807
16.1389
15.857
15.857
15.857
15.857
15.857
15.857
15.857
15.857
15.857
15.857
15.857
15.857
15.857
15.857
15.857
15.857
15.857
15.857
15.857
15.857
15.857
15.857
15.857
15.857
15.857
15.857
15.857
15.857
15.857
15.857
15.857
15.857
15.857
15.857
6.71594
35.2641
7.33279
29.3336
15.8824
42.4209
-4.73118
45.1865
2.13379
32.185
17.3821
36.8739
-2.83824
41.367
3.93909
29.3215
18.3269
20.0008
16.1594
28.3402
11.754
29.7649
17.2698
21.4913
23.4788
20.4849
18.7017
25.2712
19.8784
21.1831
21.8461
19.5823
22.4567
22.2803
21.739
18.6892
24.2493
17.6263
26.0294
20.2922
26.111
17.2903
26.4227
13.6479
27.8515
15.2986
27.7165
14.8719
28.523
9.54624
27.9431
17.0845
23.0188
14.0554
31.4666
8.29292
31.5316
15.8672
26.8459
15.4925
27.621
10.9434
29.0276
13.1165
26.807
16.1389
15.857
15.857
15.857
15.857
15.857
15.857
15.857
15.857
15.857
15.857
15.857
15.857
15.857
15.857
15.857
15.857
15.857
15.857
15.857
15.857
15.857
15.857
15.857
15.857
15.857
15.857
15.857
15.857
15.857
15.857
15.857
15.857
15.857
15.857
6.71594
35.2641
7.33279
29.3336
15.8824
42.4209
-4.73118
45.1865
2.13379
32.185
17.3821
36.8739
-2.83824
41.367
3.93909
29.3215
18.3269
20.0008
16.1594
28.3402
11.754
29.7649
17.2698
21.4913
23.4788
20.4849
18.7017
25.2712
19.8784
21.1831
21.8461
19.5823
22.4567
22.2803
21.739
18.6892
24.2493
17.6263
26.0294
20.2922
26.111
17.2903
26.4227
13.6479
27.8515
15.2986
27.7165
14.8719
28.523
9.54624
27.9431
17.0845
23.0188
14.0554
31.4666
8.29292
31.5316
15.8672
26.8459
15.4925
27.621
10.9434
29.0276
13.1165
26.807
16.1389
15.857
15.857
15.857
15.857
15.857
15.857
15.857
15.857
15.857
15.857
15.857
15.857
15.857
15.857
15.857
15.857
15.857
15.857
15.857
15.857
15.857
15.857
15.857
15.857
15.857
15.857
15.857
15.857
15.857
15.857
15.857
15.857
15.857
15.857
6.71594
35.2641
7.33279
29.3336
15.8824
42.4209
-4.73118
45.1865
2.13379
32.185
17.3821
36.8739
-2.83824
41.367
3.93909
29.3215
18.3269
20.0008
16.1594
28.3402
11.754
29.7649
17.2698
21.4913
23.4788
20.4849
18.7017
25.2712
19.8784
21.1831
21.8461
19.5823
22.4567
22.2803
21.739
18.6892
24.2493
17.6263
26.0294
20.2922
26.111
17.2903
26.4227
13.6479
27.8515
15.2986
27.7165
14.8719
28.523
9.54624
27.9431
17.0845
23.0188
14.0554
31.4666
8.29292
31.5316
15.8672
26.8459
15.4925
27.621
10.9434
29.0276
13.1165
26.807
16.1389
15.857
15.857
15.857
15.857
15.857
15.857
15.857
15.857
15.857
15.857
15.857
15.857
15.857
15.857
15.857
15.857
15.857
15.857
15.857
15.857
15.857
15.857
15.857
15.857
15.857
15.857
15.857
15.857
15.857
15.857
15.857
15.857
15.857
15.857
6.71594
35.2641
7.33279
29.3336
15.8824
42.4209
-4.73118
45.1865
2.13379
32.185
17.3821
36.8739
-2.83824
41.367
3.93909
29.3215
18.3269
20.0008
16.1594
28.3402
11.754
29.7649
17.2698
21.4913
23.4788
20.4849
18.7017
25.2712
19.8784
21.1831
21.8461
19.5823
22.4567
22.2803
21.739
18.6892
24.2493
17.6263
26.0294
20.2922
26.111
17.2903
26.4227
13.6479
27.8515
15.2986
27.7165
14.8719
28.523
9.54624
27.9431
17.0845
23.0188
14.0554
31.4666
8.29292
31.5316
15.8672
26.8459
15.4925
27.621
10.9434
29.0276
13.1165
26.807
16.1389
15.857
15.857
15.857
15.857
15.857
15.857
15.857
15.857
15.857
15.857
15.857
15.857
15.857
15.857
15.857
15.857
15.857
15.857
15.857
15.857
15.857
15.857
15.857
15.857
15.857
15.857
15.857
15.857
15.857
15.857
15.857
15.857
15.857
15.857
6.71594
35.2641
7.33279
29.3336
15.8824
42.4209
-4.73118
45.1865
2.13379
32.185
17.3821
36.8739
-2.83824
41.367
3.93909
29.3215
18.3269
20.0008
16.1594
28.3402
11.754
29.7649
17.2698
21.4913
23.4788
20.4849
18.7017
25.2712
19.8784
21.1831
21.8461
19.5823
22.4567
22.2803
21.739
18.6892
24.2493
17.6263
26.0294
20.2922
26.111
17.2903
26.4227
13.6479
27.8515
15.2986
27.7165
14.8719
28.523
9.54624
27.9431
17.0845
23.0188
14.0554
31.4666
8.29292
31.5316
15.8672
26.8459
15.4925
27.621
10.9434
29.0276
13.1165
26.807
16.1389
15.857
15.857
15.857
15.857
15.857
15.857
15.857
15.857
15.857
15.857
15.857
15.857
15.857
15.857
15.857
15.857
15.857
15.857
15.857
15.857
15.857
15.857
15.857
15.857
15.857
15.857
15.857
15.857
15.857
15.857
15.857
15.857
15.857
15.857
6.71594
35.2641
7.33279
29.3336
15.8824
42.4209
-4.73118
45.1865
2.13379
32.185
17.3821
36.8739
-2.83824
41.367
3.93909
29.3215
18.3269
20.0008
16.1594
28.3402
11.754
29.7649
17.2698
21.4913
23.4788
20.4849
18.7017
25.2712
19.8784
21.1831
21.8461
19.5823
22.4567
22.2803
21.739
18.6892
24.2493
17.6263
26.0294
20.2922
26.111
17.2903
26.4227
13.6479
27.8515
15.2986
27.7165
14.8719
28.523
9.54624
27.9431
17.0845
23.0188
14.0554
31.4666
8.29292
31.5316
15.8672
26.8459
15.4925
27.621
10.9434
29.0276
13.1165
26.807
16.1389
15.857
15.857
15.857
15.857
15.857
15.857
15.857
15.857
15.857
15.857
15.857
15.857
15.857
15.857
15.857
15.857
15.857
15.857
15.857
15.857
15.857
15.857
15.857
15.857
15.857
15.857
15.857
15.857
15.857
15.857
15.857
15.857
15.857
15.857
6.71594
35.2641
7.33279
29.3336
15.8824
42.4209
-4.73118
45.1865
2.13379
32.185
17.3821
36.8739
-2.83824
41.367
3.93909
29.3215
18.3269
20.0008
16.1594
28.3402
11.754
29.7649
17.2698
21.4913
23.4788
20.4849
18.7017
25.2712
19.8784
21.1831
21.8461
19.5823
22.4567
22.2803
21.739
18.6892
24.2493
17.6263
26.0294
20.2922
26.111
17.2903
26.4227
13.6479
27.8515
15.2986
27.7165
14.8719
28.523
9.54624
27.9431
17.0845
23.0188
14.0554
31.4666
8.29292
31.5316
15.8672
26.8459
15.4925
27.621
10.9434
29.0276
13.1165
26.807
16.1389
15.857
15.857
15.857
15.857
15.857
15.857
15.857
15.857
15.857
15.857
15.857
15.857
15.857
15.857
15.857
15.857
15.857
15.857
15.857
15.857
15.857
15.857
15.857
15.857
15.857
15.857
15.857
15.857
15.857
15.857
15.857
15.857
15.857
15.857
6.71594
35.2641
7.33279
29.3336
15.8824
42.4209
-4.73118
45.1865
2.13379
32.185
17.3821
36.8739
-2.83824
41.367
3.93909
29.3215
18.3269
20.0008
16.1594
28.3402
11.754
29.7649
17.2698
21.4913
23.4788
20.4849
18.7017
25.2712
19.8784
21.1831
21.8461
19.5823
22.4567
22.2803
21.739
18.6892
24.2493
17.6263
26.0294
20.2922
26.111
17.2903
26.4227
13.6479
27.8515
15.2986
27.7165
14.8719
28.523
9.54624
27.9431
17.0845
23.0188
14.0554
31.4666
8.29292
31.5316
15.8672
26.8459
15.4925
27.621
10.9434
29.0276
13.1165
26.807
16.1389
15.857
15.857
15.857
15.857
15.857
15.857
15.857
15.857
15.857
15.857
15.857
15.857
15.857
15.857
15.857
15.857
15.857
15.857
15.857
15.857
15.857
15.857
15.857
15.857
15.857
15.857
15.857
15.857
15.857
15.857
15.857
15.857
15.857
15.857
6.71594
35.2641
7.33279
29.3336
15.8824
42.4209
-4.73118
45.1865
2.13379
32.185
17.3821
36.8739
-2.83824
41.367
3.93909
29.3215
18.3269
20.0008
16.1594
28.3402
11.754
29.7649
17.2698
21.4913
23.4788
20.4849
18.7017
25.2712
19.8784
21.1831
21.8461
19.5823
22.4567
22.2803
21.739
18.6892
24.2493
17.6263
26.0294
20.2922
26.111
17.2903
26.4227
13.6479
27.8515
15.2986
27.7165
14.8719
28.523
9.54624
27.9431
17.0845
23.0188
14.0554
31.4666
8.29292
31.5316
15.8672
26.8459
15.4925
27.621
10.9434
29.0276
13.1165
26.807
16.1389
15.857
15.857
15.857
15.857
15.857
15.857
15.857
15.857
15.857
15.857
15.857
15.857
15.857
15.857
15.857
15.857
15.857
15.857
15.857
15.857
15.857
15.857
15.857
15.857
15.857
15.857
15.857
15.857
15.857
15.857
15.857
15.857
15.857
15.857
6.71594
35.2641
7.33279
29.3336
15.8824
42.4209
-4.73118
45.1865
2.13379
32.185
17.3821
36.8739
-2.83824
41.367
3.93909
29.3215
18.3269
20.0008
16.1594
28.3402
11.754
29.7649
17.2698
21.4913
23.4788
20.4849
18.7017
25.2712
19.8784
21.1831
21.8461
19.5823
22.4567
22.2803
21.739
18.6892
24.2493
17.6263
26.0294
20.2922
26.111
17.2903
26.4227
13.6479
27.8515
15.2986
27.7165
14.8719
28.523
9.54624
27.9431
17.0845
23.0188
14.0554
31.4666
8.29292
31.5316
15.8672
26.8459
15.4925
27.621
10.9434
29.0276
13.1165
26.807
16.1389
15.857
15.857
15.857
15.857
15.857
15.857
15.857
15.857
15.857
15.857
15.857
15.857
15.857
15.857
15.857
15.857
15.857
15.857
15.857
15.857
15.857
15.857
15.857
15.857
15.857
15.857
15.857
15.857
15.857
15.857
15.857
15.857
15.857
15.857
6.71594
35.2641
7.33279
29.3336
15.8824
42.4209
-4.73118
45.1865
2.13379
32.185
17.3821
36.8739
-2.83824
41.367
3.93909
29.3215
18.3269
20.0008
16.1594
28.3402
11.754
29.7649
17.2698
21.4913
23.4788
20.4849
18.7017
25.2712
19.8784
21.1831
21.8461
19.5823
22.4567
22.2803
21.739
18.6892
24.2493
17.6263
26.0294
20.2922
26.111
17.2903
26.4227
13.6479
27.8515
15.2986
27.7165
14.8719
28.523
9.54624
27.9431
17.0845
23.0188
14.0554
31.4666
8.29292
31.5316
15.8672
26.8459
15.4925
27.621
10.9434
29.0276
13.1165
26.807
16.1389
15.857
15.857
15.857
15.857
15.857
15.857
15.857
15.857
15.857
15.857
15.857
15.857
15.857
15.857
15.857
15.857
15.857
15.857
15.857
15.857
15.857
15.857
15.857
15.857
15.857
15.857
15.857
15.857
15.857
15.857
15.857
15.857
15.857
15.857
6.71594
35.2641
7.33279
29.3336
15.8824
42.4209
-4.73118
45.1865
2.13379
32.185
17.3821
36.8739
-2.83824
41.367
3.93909
29.3215
18.3269
20.0008
16.1594
28.3402
11.754
29.7649
17.2698
21.4913
23.4788
20.4849
18.7017
25.2712
19.8784
21.1831
21.8461
19.5823
22.4567
22.2803
21.739
18.6892
24.2493
17.6263
26.0294
20.2922
26.111
17.2903
26.4227
13.6479
27.8515
15.2986
27.7165
14.8719
28.523
9.54624
27.9431
17.0845
23.0188
14.0554
31.4666
8.29292
31.5316
15.8672
26.8459
15.4925
27.621
10.9434
29.0276
13.1165
26.807
16.1389
15.857
15.857
15.857
15.857
15.857
15.857
15.857
15.857
15.857
15.857
15.857
15.857
15.857
15.857
15.857
15.857
15.857
15.857
15.857
15.857
15.857
15.857
15.857
15.857
15.857
15.857
15.857
15.857
15.857
15.857
15.857
15.857
15.857
15.857
6.71594
35.2641
7.33279
29.3336
15.8824
42.4209
-4.73118
45.1865
2.13379
32.185
17.3821
36.8739
-2.83824
41.367
3.93909
29.3215
18.3269
20.0008
16.1594
28.3402
11.754
29.7649
17.2698
21.4913
23.4788
20.4849
18.7017
25.2712
19.8784
21.1831
21.8461
19.5823
22.4567
22.2803
21.739
18.6892
24.2493
17.6263
26.0294
20.2922
26.111
17.2903
26.4227
13.6479
27.8515
15.2986
27.7165
14.8719
28.523
9.54624
27.9431
17.0845
23.0188
14.0554
31.4666
8.29292
31.5316
15.8672
26.8459
15.4925
27.621
10.9434
29.0276
13.1165
26.807
16.1389
15.857
15.857
15.857
15.857
15.857
15.857
15.857
15.857
15.857
15.857
15.857
15.857
15.857
15.857
15.857
15.857
15.857
15.857
15.857
15.857
15.857
15.857
15.857
15.857
15.857
15.857
15.857
15.857
15.857
15.857
15.857
15.857
15.857
15.857
6.71594
35.2641
7.33279
29.3336
15.8824
42.4209
-4.73118
45.1865
2.13379
32.185
17.3821
36.8739
-2.83824
41.367
3.93909
29.3215
18.3269
20.0008
16.1594
28.3402
11.754
29.7649
17.2698
21.4913
23.4788
20.4849
18.7017
25.2712
19.8784
21.1831
21.8461
19.5823
22.4567
22.2803
21.739
18.6892
24.2493
17.6263
26.0294
20.2922
26.111
17.2903
26.4227
13.6479
27.8515
15.2986
27.7165
14.8719
28.523
9.54624
27.9431
17.0845
23.0188
14.0554
31.4666
8.29292
31.5316
15.8672
26.8459
15.4925
27.621
10.9434
29.0276
13.1165
26.807
16.1389
15.857
15.857
15.857
15.857
15.857
15.857
15.857
15.857
15.857
15.857
15.857
15.857
15.857
15.857
15.857
15.857
15.857
15.857
15.857
15.857
15.857
15.857
15.857
15.857
15.857
15.857
15.857
15.857
15.857
15.857
15.857
15.857
15.857
15.857
6.71594
35.2641
7.33279
29.3336
15.8824
42.4209
-4.73118
45.1865
2.13379
32.185
17.3821
36.8739
-2.83824
41.367
3.93909
29.3215
18.3269
20.0008
16.1594
28.3402
11.754
29.7649
17.2698
21.4913
23.4788
20.4849
18.7017
25.2712
19.8784
21.1831
21.8461
