0.558265
0.479708
0.450333
0.391028
0.421119
0.934553
0.897252
0.0570005
0.37877
0.567555
0.548214
0.2203
0.679335
1.20083
0.507943
0.473355
0.761658
0.35594
0.311035
0.358589
0.363405
0.543228
0.412523
0.388972
1.13697
0.741428
0.136273
0.235121
0.54138
0.277426
0.0648505
0.785178
0.737892
0.422283
0.462226
0.578596
0.424973
0.326962
0.230903
0.615041
0.411639
0.62504
0.779961
0.992416
0.860705
0.315478
0.47238
0.445029
0.371348
0.497064
0.714689
0.504273
0.388713
0.206052
0.49523
0.793835
-0.170439
0.767961
0.709187
-0.0779433
0.964414
0.495115
0.498584
0.672843
0.728416
0.529649
0.554204
0.0861198
0.430354
0.391306
0.364435
0.26903
0.79192
0.69823
0.262792
0.378056
0.958581
0.525648
0.710951
0.815152
0.939461
0.484318
0.589986
0.530526
0.2187
0.506683
0.382284
0.565919
1.23116
0.201866
0.499068
0.583879
0.522502
0.312973
0.197176
0.574796
0.392805
0.0248052
0.375976
0.609503
0.562379
0.806684
0.439451
0.783468
0.737994
0.15381
0.685966
0.370753
0.366226
0.231183
0.888057
0.883776
0.273721
0.678241
0.296791
0.485014
0.455492
0.49512
0.826758
0.900832
0.321299
0.925321
0.316582
0.601496
1.07626
0.222827
0.640152
0.725313
0.41537
0.441722
0.78615
0.619547
0.494713
0.307361
0.507526
0.409941
0.402234
0.169738
0.265961
0.391028
0.176613
0.291108
0.881166
0.478936
0.592247
0.940152
0.589267
0.346348
0.481032
0.43279
0.170745
0.412372
0.697315
0.602027
1.26447
0.723318
0.469321
0.499844
1.02652
0.502425
0.382816
1.0135
0.587986
0.154443
0.34426
0.639995
0.523771
0.204391
0.195919
0.574764
0.519623
0.38619
0.484311
0.37861
0.772879
0.19452
0.307386
0.938012
0.142119
0.603439
0.640432
0.471
0.550643
0.43833
0.152934
0.427659
0.523962
0.419669
0.703347
0.84453
0.180236
0.375972
0.631418
0.726492
0.380982
0.841826
1.0096
0.398397
0.0931022
0.377424
0.328812
0.21905
0.398269
0.442761
0.97427
1.04979
0.15321
0.702292
0.685902
0.34986
0.129412
0.547164
0.710103
0.417664
0.196027
0.273127
0.511527
0.352034
0.166074
0.287922
0.590119
0.468456
0.300887
0.741131
0.637526
0.357599
0.253492
0.471852
0.32143
0.147534
0.539289
0.196211
0.479168
0.470604
0.561087
0.989374
0.64132
0.281955
0.455958
0.48608
0.571113
0.214548
0.675149
0.950003
0.446946
0.030806
0.346722
0.48553
0.176359
0.29312
0.27056
0.529504
0.380997
0.39123
0.566702
0.671662
0.325669
0.226175
0.655666
0.260559
0.293719
0.442107
0.218188
0.197997
0.342099
0.515376
0.567533
1.28871
0.74183
0.244751
0.625769
0.592492
0.452328
0.394526
0.672924
0.926264
0.325596
0.052828
0.429858
0.476468
0.27274
0.19914
0.42468
0.614631
0.361385
0.481604
0.665877
0.572747
0.261555
0.194272
0.507915
0.169493
0.331422
0.426271
0.219577
0.470283
0.470283
0.470283
0.470283
0.470283
0.470283
0.470283
0.470283
0.985374
-0.108672
1.00222
0.922646
-0.102008
1.03121
0.446439
0.795763
0.26372
0.710214
1.10135
0.293691
0.478647
0.774056
0.313113
0.38244
0.471261
0.611334
0.641889
0.0846958
0.406671
0.776968
0.347387
0.378238
0.480342
0.456348
0.203095
0.270283
0.965909
0.105363
0.860017
1.06148
0.334447
1.10267
0.268657
0.352605
0.607925
0.454441
0.517136
1.00784
0.89065
0.712648
0.458024
0.402268
0.364155
0.50718
0.519349
0.520179
0.624127
0.475082
0.162874
0.638064
0.481527
0.3793
0.189919
0.3268
0.678057
0.277226
0.698438
0.682989
0.96481
0.471161
0.444551
0.805216
0.127013
0.473719
0.268738
0.476335
0.520919
1.17102
0.519216
0.213041
0.434179
0.456826
0.496659
0.420715
0.552228
1.02023
0.454082
0.00382077
0.468312
0.698045
-0.0107111
0.285831
0.669851
0.403265
0.785155
0.517239
0.534598
0.434034
0.494059
0.363972
0.620358
0.846738
0.336117
0.670808
0.132087
0.645463
0.403563
0.507141
0.821022
0.359178
0.621733
0.42572
0.393793
0.469239
0.777791
0.0980199
0.675562
0.456711
-0.0500914
0.730269
0.332918
0.260701
0.3342
0.582991
0.689812
0.297919
0.999387
0.152578
0.718245
1.13312
0.110119
0.713368
0.770481
0.297595
0.385868
0.723037
0.623196
0.646865
0.327432
0.454611
0.576764
0.482122
0.165205
0.247957
0.502513
0.163472
0.237589
0.906989
0.386476
0.614479
0.971832
0.577592
0.405665
0.551232
0.442332
0.173923
0.377058
0.475358
0.540697
1.337
0.693673
0.466405
0.495045
1.09308
0.430757
0.336841
0.983441
0.68693
0.131122
0.328558
0.675546
0.538455
0.226817
0.137085
0.570188
0.549749
0.364191
0.468325
0.404578
0.821585
0.196506
0.336705
0.956866
0.154589
0.614546
0.636926
0.466956
0.570787
0.443133
0.145328
0.457161
0.510155
0.434672
0.703347
0.84453
0.180236
0.345527
0.66596
0.695481
0.354155
0.8762
0.977461
0.571852
-0.0650125
0.555697
0.473802
0.0396188
0.57717
0.454981
0.875347
1.02346
0.231268
0.744023
0.715637
0.243153
0.217884
0.549041
0.665423
0.335952
0.174971
0.285877
0.354097
0.336357
0.398085
0.213445
0.72538
0.629152
0.281023
0.692513
0.563206
0.355468
0.152688
0.486771
0.337063
0.233116
0.952848
-0.0121319
0.504335
0.650116
0.586187
0.677875
0.534034
0.658316
0.783217
0.0561649
0.380522
0.439007
0.493602
0.500169
0.296229
0.383011
0.525862
0.247402
0.593595
0.415302
0.474625
0.202298
0.35769
0.537631
0.0798768
0.767541
0.180784
0.299161
0.574225
0.335567
0.357458
0.364145
0.329338
0.21071
0.273746
0.516475
0.633982
1.26723
0.765931
0.129054
0.674662
0.938473
0.011096
0.756336
0.92157
0.320057
0.719068
0.187079
0.416358
0.423757
0.572309
0.495087
0.51227
0.287696
0.532931
0.456187
0.504206
0.314486
0.304986
0.38823
0.456839
0.122174
0.777392
0.300131
0.631749
0.81194
0.381377
0.532593
0.606969
0.217173
0.172741
0.544629
0.466484
0.513003
1.3365
0.060406
0.594732
0.513529
0.589677
0.429008
0.663711
0.685517
0.829976
0.263972
0.598293
0.702102
0.333499
0.563872
0.25891
0.478432
0.67274
0.507189
0.623694
0.470179
0.408184
0.340367
0.324691
0.377713
-0.0113543
0.506986
0.154317
0.353968
0.817849
0.516927
0.836339
1.02502
0.42574
0.637953
0.416882
0.550767
0.269894
0.427736
1.00656
0.754616
0.731544
1.05518
0.214114
0.500105
0.534728
0.570849
0.624083
0.723161
0.488966
0.56575
0.656474
0.325779
0.41171
0.577461
0.129953
0.236604
0.705118
0.628903
0.616969
0.715491
0.493302
0.641621
0.227575
0.219745
0.14045
0.261951
0.335456
0.188162
1.23265
0.872546
0.239325
0.889828
0.722601
0.385402
0.364063
0.487017
0.543583
0.320593
0.199946
0.577425
1.10056
0.651771
0.0242473
0.538168
0.682797
0.266478
0.474104
0.656273
0.899619
0.270481
-0.0499081
0.560063
0.334613
0.30521
0.495674
0.278726
0.816017
0.555603
0.363019
0.747945
0.553479
0.335268
0.329662
0.529118
0.23826
0.32522
0.387569
0.247345
0.274768
0.329881
0.148985
0.230994
0.525823
0.394119
0.639835
0.974024
0.642462
1.01138
0.186058
0.692232
1.1264
0.141093
0.700788
0.77002
0.331942
0.422486
0.723461
0.677697
0.592357
0.244054
0.498499
0.57486
0.466531
0.180775
0.30587
0.498949
0.111482
0.200452
0.850292
0.425049
0.583684
0.959366
0.595489
0.463006
0.495527
0.469063
0.203141
0.348412
0.511024
0.52856
1.33031
0.701157
0.485429
0.507726
1.08368
0.435937
0.332487
0.979356
0.681321
0.134131
0.330131
0.672272
0.547319
0.207804
0.182318
0.555846
0.567564
0.386682
0.464286
0.418802
0.804695
0.207937
0.337505
0.941269
0.172884
0.619453
0.679112
0.440527
0.583099
0.455106
0.153696
0.440371
0.513374
0.475423
0.697826
0.82595
0.189754
0.327952
0.672615
0.677966
0.353212
0.87194
1.00192
0.404529
0.144924
0.353757
0.338144
0.226028
0.36302
0.468067
0.947143
1.05863
0.154953
0.70857
0.723477
0.349631
0.153616
0.562125
0.681969
0.439973
0.178762
0.213153
0.524501
0.340584
0.138549
0.377323
0.65986
0.446892
0.380593
0.723516
0.556054
0.406332
0.26042
0.454206
0.315587
0.123858
0.526444
0.262381
0.309416
0.443949
0.600585
0.938745
0.783032
0.351088
0.600863
0.956575
0.550228
0.23761
0.834353
0.653215
0.294506
0.289765
0.35564
0.677266
0.256433
0.360236
0.585099
0.492188
0.270779
0.255491
0.504659
0.41535
0.20703
0.548914
0.62351
0.223422
0.709889
0.431973
0.301053
0.491108
0.595057
0.449541
0.421778
1.15785
0.543807
0.875624
0.953128
0.15353
0.406948
0.606544
0.645885
0.773441
0.267306
0.529467
0.726307
0.116399
0.290338
0.603625
0.275061
0.366573
0.319995
0.640393
0.546913
0.587427
0.919983
0.634179
0.24962
0.265239
0.443706
0.297819
0.0722807
0.424455
0.436678
0.964669
0.632917
0.375222
0.707254
0.659314
0.640644
0.455036
0.597243
0.846427
0.31311
-0.0703198
0.390162
0.51996
0.399003
0.729302
0.489287
0.642604
0.413484
0.499859
0.714357
0.414174
0.445562
0.451698
0.418138
0.080309
0.282965
0.426477
0.181109
0.222601
0.376041
0.51713
0.339275
0.451038
0.52992
0.660447
0.306367
0.251342
0.685778
0.214688
0.379401
0.385337
0.233576
0.693349
0.317156
0.500282
1.10322
0.772028
0.703141
0.628599
0.413656
0.433249
0.590524
0.607792
0.703089
0.566994
0.333499
0.325265
0.432517
0.279479
0.16396
0.331961
0.241153
0.292959
0.687696
0.583603
0.635331
0.932967
0.542852
0.244647
0.481002
0.284464
0.137909
0.351687
0.407965
0.565025
1.26817
0.780438
0.229513
0.625303
0.594695
0.455545
0.393582
0.664456
0.926213
0.346992
0.0429204
0.424131
0.479597
0.276671
0.197271
0.417744
0.614176
0.37055
0.469568
0.670123
0.573078
0.271746
0.186873
0.684785
0.245194
0.274217
0.806206
0.280232
0.377754
0.891079
0.325891
0.322061
0.597942
0.68958
0.633448
0.951228
-0.130066
1.01674
0.912786
-0.130815
0.966427
0.446081
0.23902
0.415825
0.704246
0.627777
0.586518
0.230931
0.67231
0.946405
0.178155
0.587815
1.07359
0.182829
0.584755
0.743965
0.49067
0.345135
0.761647
0.759196
0.579995
0.234801
0.497994
0.535324
0.386034
0.203968
0.289453
0.53636
0.473962
0.0698143
0.858874
0.479141
0.613258
0.917705
0.566921
0.521118
0.657364
0.256511
0.125479
0.432688
0.4674
0.457738
1.26283
0.730797
0.499222
0.453045
1.11167
0.474702
0.343272
0.887691
0.658029
0.188174
0.222224
0.71697
0.508858
0.211525
0.152519
0.570188
0.549749
0.364191
0.468325
0.404578
0.866552
0.189377
0.337364
1.0379
0.143192
0.616417
0.679917
0.44382
0.5822
0.46534
0.174764
0.546408
0.481041
0.413058
0.753287
0.822561
0.30158
0.162307
0.829685
0.795674
0.140638
1.04386
0.972236
0.354225
0.17868
0.441627
0.348673
0.244007
0.261794
0.493695
0.937607
1.01904
0.141083
0.81891
0.733241
0.212126
0.166923
0.6785
0.587724
0.511361
0.339943
0.375978
0.528005
0.265356
0.163961
0.230837
0.582324
0.409741
0.371483
1.15268
0.350025
0.383783
0.346815
0.504645
0.249335
0.0851663
0.646364
0.309837
-0.00479342
0.413159
0.577898
0.730346
0.36035
0.190965
0.559962
0.500262
0.261618
0.552193
0.555571
0.773979
0.158121
0.222472
0.519145
0.0354529
0.593717
0.122668
0.342069
0.529504
0.380997
0.39123
0.566702
0.671662
0.553492
0.329532
0.514414
0.73645
0.35429
0.361834
0.627942
0.242066
0.277669
0.597292
0.710953
0.928676
0.47877
0.213552
0.650062
0.51222
0.287628
0.183569
0.53878
0.494069
0.0994394
0.51864
0.691191
0.456993
0.823712
0.612967
0.374205
0.51448
0.393614
0.250618
0.373486
0.557389
0.463475
0.975836
0.968578
0.0589183
0.555006
0.577458
0.410427
0.390282
0.61068
0.913551
0.472902
-0.00224832
0.39261
0.497283
0.304434
0.193972
0.379484
0.607654
0.425748
0.400619
0.689025
0.572173
0.462216
0.161849
0.453976
0.524832
0.198221
0.500339
0.396114
0.315173
0.333219
0.608686
0.686532
0.634447
0.321467
0.332386
0.588481
0.463488
0.249425
0.211828
0.473778
0.263746
0.154443
0.750452
0.657591
0.506404
0.94788
0.692453
0.38864
0.465673
0.417641
0.693349
0.317156
0.500282
1.10322
0.772028
0.703141
0.628599
0.413656
0.433249
0.590524
0.607792
0.703089
0.566994
0.333499
0.325265
0.432517
0.279479
0.16396
0.331961
0.241153
0.292959
0.687696
0.583603
0.635331
0.932967
0.542852
0.244647
0.481002
0.284464
0.137909
0.351687
0.407965
0.565025
1.26817
0.780438
0.229513
0.625303
0.594695
0.455545
0.393582
0.664456
0.926213
0.346992
0.0429204
0.424131
0.479597
0.276671
0.197271
0.417744
0.614176
0.37055
0.469568
0.670123
0.573078
0.271746
0.186873
0.684785
0.245194
0.274217
0.806206
0.280232
0.377754
0.891079
0.325891
0.322061
0.597942
0.68958
0.633448
0.34799
0.305174
0.596262
0.464982
0.266517
0.199511
0.833995
-0.0682465
0.614942
0.966135
0.223628
0.873069
0.783975
0.503078
0.976823
0.181657
0.706115
1.13517
0.120352
0.728321
0.782706
0.327183
0.396116
0.672919
0.648743
0.587873
0.22909
0.522681
0.558733
0.492442
0.197168
0.290044
0.497569
0.14122
0.239333
0.827187
0.437526
0.626724
0.963761
0.644887
0.397954
0.568862
0.426508
0.152122
0.39407
0.488386
0.550724
1.37446
0.67304
0.465436
0.505521
1.06065
0.45709
0.323046
0.983923
0.707689
0.15044
0.340856
0.671456
0.571419
0.185226
0.142545
0.577741
0.529158
0.403924
0.472426
0.395024
0.826544
0.201051
0.336629
0.95396
0.160436
0.629777
0.634883
0.449129
0.568113
0.443902
0.138193
0.445812
0.507226
0.440509
0.700178
0.842758
0.189138
0.349853
0.658926
0.68288
0.354923
0.86604
0.96826
0.400047
0.0966171
0.376581
0.317487
0.211887
0.391292
0.46237
0.965996
1.05036
0.153787
0.720175
0.689699
0.345722
0.150368
0.551246
0.682671
0.430982
0.17838
0.248605
0.518321
0.354379
0.162608
0.295999
0.612115
0.46387
0.299252
0.732572
0.559263
0.394655
0.245357
0.46168
0.316597
0.152136
0.542835
0.168132
0.377343
0.612864
0.606516
0.990632
0.662261
0.336454
0.504414
0.462108
0.540536
0.277679
0.615074
0.950797
0.422648
0.117055
0.366858
0.447882
0.321489
0.2088
0.342069
0.529504
0.380997
0.616249
0.580603
0.547599
0.7792
0.28292
0.54914
0.564788
0.244581
0.356116
0.388683
0.56744
0.570561
0.382943
0.348335
0.905684
0.570618
0.199744
0.277681
0.512524
0.3043
0.13164
0.767832
0.866749
0.411659
0.739631
0.689244
0.394392
0.385347
0.326725
0.22507
0.363157
0.475842
0.54948
1.17637
0.960867
0.104245
0.501244
0.60698
0.354362
0.342438
0.591432
0.836187
0.451848
0.00378268
0.397628
0.49441
0.299256
0.193632
0.385585
0.791277
0.203487
0.614991
0.8401
0.351528
0.544512
0.170671
0.402695
0.405388
0.310397
0.51967
0.57876
0.489688
0.247878
0.977668
0.607749
-0.0971793
0.806712
0.623665
0.22676
0.347814
0.791519
0.45317
0.713291
0.406708
0.353683
0.455384
0.360748
0.0638275
0.433028
0.648016
0.304443
0.782478
1.46047
0.0122999
0.680339
0.720825
0.627008
0.303353
0.486918
1.07102
0.767141
0.454086
0.533356
0.502777
0.795547
0.285568
0.53489
0.743958
0.622589
0.222544
0.439758
0.591017
0.485905
-0.114006
0.266704
0.594879
0.104536
0.629481
0.76351
0.560106
0.858615
0.651244
0.288265
0.430184
0.444246
0.232321
0.450578
0.369651
0.268417
1.16548
0.575542
0.135306
0.411932
0.566907
0.305928
0.20573
0.818671
0.911476
0.419924
0.490632
0.576546
0.421604
0.328352
0.232561
0.248888
0.477498
0.430442
0.534098
1.15543
0.771759
0.154953
0.370337
0.714266
0.286385
0.26879
0.851235
0.667702
0.326198
0.334631
0.35112
0.399557
0.378092
0.358185
0.511294
0.524816
0.30103
0.532908
0.637363
0.446395
0.161327
0.227151
0.397546
0.0573842
0.46254
0.571699
0.292237
0.940425
0.717384
0.977417
0.167819
0.698582
1.12853
0.143075
0.718084
0.782861
0.328047
0.416801
0.677566
0.644493
0.613938
0.233332
0.489528
0.57505
0.471981
0.169911
0.274927
0.499984
0.142541
0.204825
0.897924
0.380365
0.65406
1.0452
0.486226
0.516535
0.581134
0.346089
0.200812
0.424167
0.480201
0.542475
1.34141
0.735628
0.479138
0.490909
1.06292
0.453031
0.326883
0.93641
0.674172
0.189547
0.298483
0.71953
0.580726
0.232254
0.199286
0.552021
0.576741
0.344074
0.461386
0.401693
0.825966
0.261187
0.318518
0.945808
0.214031
0.597399
0.64529
0.453389
0.582731
0.495556
0.0895619
0.453316
0.582959
0.385126
0.693046
0.864122
0.189642
0.347322
0.636336
0.697758
0.353401
0.867989
0.954029
0.395716
0.223851
0.286932
0.317894
0.295515
0.374111
0.465923
1.0026
1.0582
0.163252
0.698458
0.698149
0.359017
0.128441
0.523186
0.683891
0.462855
0.187109
0.191467
0.546106
0.341858
0.13116
0.303875
0.636346
0.504082
0.324657
0.75475
0.517741
0.396697
0.232893
0.409363
0.292243
0.172318
0.551602
0.289403
0.601504
0.484395
0.625236
0.904032
0.626417
0.29436
0.530889
0.662124
0.460401
0.0828542
0.565566
0.892227
0.335692
0.0262369
0.347202
0.522713
0.300873
0.23153
0.465861
0.57392
0.304427
0.250685
0.564558
0.516747
0.243977
0.258003
0.541538
0.260559
0.293719
0.442107
0.218188
0.197997
0.342099
0.515376
0.567533
1.28871
0.74183
0.244751
0.625769
0.592492
0.452328
0.394526
0.672924
0.926264
0.325596
0.052828
0.429858
0.476468
0.27274
0.696121
-0.00599531
0.973508
0.751114
0.0354334
1.02762
0.516255
0.183474
0.637151
0.516709
0.418585
0.944568
0.16042
0.528106
0.740767
0.328813
0.187062
0.550084
0.675157
0.362155
0.284469
0.69729
0.406124
0.650359
0.525533
0.234993
0.458885
0.303268
0.176857
0.700744
0.58423
0.509492
1.16686
1.13412
0.137232
0.684373
0.434712
0.252794
0.396969
0.568164
0.778755
1.18364
0.330199
0.275906
0.615712
0.436372
0.22581
0.319198
0.576369
0.728204
0.346356
0.378157
0.499558
0.713397
0.230819
0.198454
0.504216
0.266728
0.648617
0.257033
0.624823
1.00713
0.552704
0.455886
0.612265
0.226415
0.348348
0.530085
0.46219
0.703089
0.566994
0.333499
0.325265
0.432517
0.279479
0.16396
0.331961
0.241153
0.292959
0.687696
0.583603
0.635331
0.932967
0.542852
0.244647
0.481002
0.284464
0.137909
0.351687
0.407965
0.565025
1.26817
0.780438
0.229513
0.86084
0.288616
0.723578
0.6296
0.353655
1.14502
0.351347
0.000674391
0.436088
0.571956
0.359273
0.292062
0.25576
0.672971
0.38752
0.670338
0.256806
0.740412
0.527352
-0.155167
0.83276
0.470091
0.13864
0.876834
0.591059
0.425907
0.772167
0.22069
0.397307
0.397929
0.984314
0.387386
0.4436
1.31588
0.20321
0.490299
0.886724
0.210214
0.405849
0.628927
0.627945
0.76812
0.265833
0.302983
0.657056
0.531952
0.890426
0.117888
0.754705
1.04353
0.0767322
0.797083
0.816608
0.344866
0.498767
0.727856
0.649385
0.551375
0.233796
0.419475
0.539016
0.469697
0.18803
0.454003
0.576996
0.0833157
0.257001
0.871377
0.43876
0.564265
0.990221
0.688284
0.371241
0.467956
0.384742
0.165048
0.367384
0.424826
0.517412
1.37684
0.693885
0.471457
0.541137
1.08636
0.42693
0.280133
0.978401
0.637684
0.129584
0.33144
0.64077
0.570179
0.211525
0.152519
0.570188
0.549749
0.364191
0.468325
0.404578
0.821585
0.196506
0.354639
0.951544
0.15608
0.64593
0.630415
0.469727
0.589765
0.433906
0.139095
0.465483
0.521713
0.443834
0.693033
0.838365
0.186677
0.345172
0.652246
0.68174
0.354988
0.862378
0.960391
0.417523
0.112352
0.380813
0.344491
0.22267
0.387105
0.462404
0.961842
1.03462
0.147069
0.722302
0.694654
0.390401
0.166262
0.538465
0.69081
0.437719
0.177884
0.244533
0.533476
0.389545
0.153024
0.264468
0.608538
0.464357
0.284714
0.711193
0.555476
0.405902
0.237867
0.462277
0.332162
0.160811
0.526862
0.145641
0.390583
0.5276
0.563358
0.962109
0.615916
0.336454
0.504414
0.462108
0.540536
0.277679
0.615074
0.950797
0.422648
0.117055
0.366858
0.447882
0.321489
0.2088
0.532558
0.49313
0.383373
0.722807
0.509576
0.653199
0.513877
0.179477
0.574929
0.351382
0.412716
0.521756
0.170378
0.22446
0.499712
0.487196
0.324999
0.684524
0.618615
0.163158
0.290942
0.969608
0.355227
0.690915
1.12459
0.618918
0.564335
0.258218
0.326163
0.270407
0.339461
0.42402
0.568798
1.01408
0.744857
0.282332
0.67716
0.496062
0.336414
0.304466
0.485664
0.653804
0.512457
0.0180436
0.473033
0.655778
0.263529
0.211308
0.432987
0.548556
0.26555
0.487456
0.65625
0.615108
0.74578
0.00203221
0.537841
0.284033
0.341597
0.419083
0.465479
0.659195
0.670425
0.640384
0.323164
0.497125
0.716422
0.208431
0.252699
0.629378
0.706595
0.421834
0.513124
0.423469
0.605228
0.234413
0.581772
0.749693
0.251196
0.732817
0.817666
0.408796
0.700494
0.677083
0.543766
0.463905
0.61785
0.90316
0.496641
0.37424
0.503971
0.497605
0.609592
0.398139
0.477555
0.535711
0.142323
0.30735
0.826787
0.612479
0.684522
0.812063
0.512428
0.290764
0.341466
0.369407
0.177651
0.363723
0.589325
0.752944
1.19124
0.601917
0.418839
0.709354
0.529857
0.360295
0.50589
0.913559
0.728468
0.107258
0.204611
0.523813
0.688801
0.334441
0.245674
0.687068
0.554517
0.237232
0.500586
0.702714
0.581265
0.104367
0.126133
0.452521
0.176432
0.309371
0.353352
0.327704
0.445265
0.197036
0.488093
0.429967
0.420496
0.314615
0.0950265
0.684785
0.245194
0.274217
0.806206
0.280232
0.644043
0.549889
0.607193
0.564968
0.298416
0.937869
0.60022
0.265503
0.332326
0.672545
0.522234
0.351209
0.0675936
0.544385
0.317412
0.173065
0.536881
0.638409
0.508864
0.69598
0.961886
0.945159
0.201763
0.744991
1.09604
0.185005
0.713879
0.767155
0.325327
0.421431
0.687972
0.653403
0.591389
0.284319
0.472004
0.576728
0.453277
0.168606
0.278344
0.469303
0.150104
0.256748
0.811315
0.454356
0.634978
0.956182
0.574679
0.417639
0.544901
0.391869
0.151451
0.416803
0.496017
0.609034
1.31422
0.71898
0.482615
0.499681
1.07917
0.447518
0.339444
0.998077
0.656055
0.1444
0.337451
0.665393
0.558018
0.202419
0.157717
0.576406
0.536338
0.375811
0.471647
0.40787
0.806225
0.193152
0.342169
0.9341
0.165356
0.603026
0.636926
0.466956
0.570787
0.443133
0.145328
0.457161
0.530839
0.411338
0.724646
0.862485
0.157421
0.368216
0.664805
0.687261
0.354721
0.883463
0.981694
0.404484
0.090779
0.382967
0.31799
0.211356
0.379275
0.460077
0.968279
1.14651
0.0155246
0.864496
0.787504
0.216903
0.317424
0.539316
0.624338
0.436413
0.231539
0.277626
0.55834
0.246289
0.241225
0.360623
0.572818
0.365671
0.296523
0.742136
0.423337
0.373832
0.439122
0.401276
0.401979
0.295061
0.514652
0.175176
0.411624
0.448933
0.353256
0.845644
0.568952
0.505827
1.2599
0.112529
0.544755
0.451981
0.610222
0.620462
0.439096
0.487182
0.696578
0.0627217
0.267532
0.379641
0.357646
0.324136
0.278114
0.56745
0.539135
0.459849
0.62893
0.316066
0.710284
0.0778699
0.278049
0.649186
-0.154707
0.767761
0.328759
-0.0327562
0.966874
0.948608
0.494275
0.202645
0.659097
0.650029
0.363752
0.172012
0.915932
0.641612
0.50881
0.201691
0.370457
0.501637
0.123744
0.213482
0.63167
0.432314
0.603361
0.781365
0.985368
0.295359
0.406577
0.293437
0.343897
0.29445
0.375944
0.658945
1.25359
-0.182298
0.46185
0.612187
0.485332
0.28884
0.337763
0.762957
0.818769
-0.0581821
0.477994
0.568995
0.471737
0.100765
0.472967
0.398994
0.675638
0.540563
0.299048
1.12235
0.47552
0.142317
0.645043
0.527804
0.0670142
0.76031
0.301058
0.689908
0.344691
0.340992
0.425032
0.435522
0.311363
0.0634079
0.439878
0.525323
0.0815971
0.859453
0.821902
0.462295
0.869095
0.678493
0.346536
0.335628
0.451718
0.683579
0.357495
0.779506
0.942857
0.785555
0.729633
0.637167
0.396308
0.423113
0.671871
0.701296
0.554921
0.521165
0.35905
0.317184
0.371181
0.238108
0.201769
0.371209
0.181689
0.362994
0.700274
0.599465
0.531988
0.890091
0.573679
0.11244
0.547359
0.219933
0.137909
0.351687
0.407965
0.565025
1.26817
0.780438
0.229513
0.625303
0.594695
0.455545
0.393582
0.664456
0.926213
0.346992
0.0429204
0.424131
0.479597
0.276671
0.197271
0.417744
0.614176
0.37055
0.469568
0.670123
0.573078
0.271746
0.186873
0.684785
0.245194
0.274217
0.806206
0.280232
0.377754
0.891079
0.325891
0.322061
0.597942
0.68958
0.633448
0.34799
0.305174
0.875289
0.124272
0.619282
0.518398
0.130523
0.655034
0.188601
0.552837
0.659679
0.586643
0.917971
0.738495
0.957705
0.176117
0.698711
1.12678
0.410954
0.417503
0.977005
0.537382
0.165027
0.918616
0.597188
0.515293
0.290735
0.584646
0.590368
0.542948
0.0734829
0.344707
0.52009
0.183778
0.108377
0.807481
0.458073
0.423991
0.86963
0.775068
0.327787
0.669045
0.601728
0.171922
0.379308
0.490882
0.46391
1.10623
0.714385
0.465369
0.55715
1.37149
0.422456
0.23322
1.0977
0.787582
0.00769539
0.472379
0.742599
0.611193
0.11613
0.168108
0.611958
0.555917
0.226401
0.451534
0.434993
0.828582
0.0950339
0.386114
0.950166
0.123505
0.494147
0.696276
0.44586
0.472031
0.618653
0.0737371
0.454228
0.518313
0.409304
0.6154
0.843711
0.197123
0.368428
0.923708
0.557762
0.382888
0.894973
0.973769
0.383928
0.106334
0.459582
0.414583
0.110391
0.293302
0.546355
0.907291
0.91937
0.183691
0.687573
0.709996
0.302995
0.221569
0.556528
0.689276
0.323257
0.198819
0.275602
0.337287
0.432578
0.121615
0.303944
0.588638
0.506378
0.327512
0.666264
0.602344
0.374821
0.191554
0.469917
0.320186
0.139439
0.574727
0.165382
0.466769
0.770962
0.617524
0.640884
0.937987
0.242901
0.460277
0.465986
0.611632
0.355313
0.447751
0.795234
0.672627
0.127893
0.20059
0.40582
0.397549
0.160734
0.264849
0.557483
0.487984
0.342665
0.672864
0.578421
0.464981
0.250347
0.486699
0.48443
0.0678816
0.595373
0.266821
0.820196
0.0951934
0.56124
0.623126
1.16428
0.649478
0.264178
0.771556
0.771597
0.174996
0.324187
0.674304
0.809998
0.226101
0.0320379
0.488095
0.543089
0.168989
0.378867
0.477499
0.629146
0.186191
0.431765
0.6979
0.264454
0.437006
0.612203
0.455118
0.296809
1.03251
0.384803
0.375995
0.85525
0.313635
0.5373
0.383711
0.869226
0.791634
0.115104
0.555557
0.570057
0.389718
0.267454
0.302267
0.517698
0.318858
0.0529297
0.918553
0.936325
0.545952
0.501785
1.14241
0.484348
0.34895
0.828753
0.313067
0.280238
0.6479
0.971053
0.466372
0.723742
0.501017
0.315524
0.726188
0.285976
0.137071
0.501545
0.602892
0.223697
0.626595
0.504984
0.591581
0.809011
0.591641
0.267633
0.493013
0.44329
0.055637
0.354405
0.925411
0.362431
1.17309
1.08617
0.123184
0.584638
0.573718
0.445758
0.324568
0.59483
0.804116
0.540706
0.506069
0.190405
0.424258
0.38712
0.207751
0.323123
0.578451
0.566395
0.618814
0.502185
0.466419
0.425105
0.208975
0.34868
0.201951
0.275386
0.53737
0.129271
0.898909
0.587495
0.492854
0.373124
0.376314
0.828835
-0.142897
0.840394
0.453227
0.181421
0.452995
0.550532
0.33738
0.419437
0.16622
0.3929
0.557603
0.185552
0.469659
0.594104
0.477387
0.354115
0.172351
0.770144
0.078603
0.292227
0.80521
0.00635318
0.724708
0.489489
0.476129
0.21181
0.587867
0.573736
0.430015
0.410391
0.349574
0.642296
1.07621
0.0216977
0.317614
0.547073
0.363466
0.169633
0.637635
0.834104
0.691923
0.535923
0.572257
0.980621
0.16557
0.686032
1.11795
0.148373
0.724169
0.769077
0.340318
0.421063
0.681161
0.62564
0.60918
0.240193
0.492309
0.587111
0.450961
0.232458
0.272095
0.495101
0.179273
0.192628
0.835603
0.448634
0.621438
0.978798
0.573791
0.40887
0.560664
0.407733
0.137718
0.384238
0.484024
0.513155
1.3349
0.735987
0.485183
0.511722
1.10605
0.471102
0.317753
0.978388
0.679327
0.136521
0.323687
0.716697
0.566325
0.257515
0.267426
0.538817
0.559895
0.416274
0.451723
0.388118
0.842662
0.242707
0.36976
0.892788
0.160559
0.642203
0.60528
0.44677
0.533632
0.444329
0.117349
0.425663
0.599822
0.426416
0.719073
0.918667
0.171034
0.360372
0.635233
0.669603
0.314916
0.851054
0.982661
0.440841
0.171202
0.44227
0.305713
0.228854
0.385314
0.45825
0.95146
1.0303
0.210119
0.737254
0.624097
0.403029
0.161492
0.525497
0.650177
0.428836
0.188688
0.217555
0.539072
0.412522
0.169077
0.350277
0.521485
0.474592
0.255218
0.719512
0.522412
0.396991
0.284694
0.477918
0.305681
0.143748
0.51841
0.160996
0.372696
0.465731
0.687515
0.876723
0.600493
0.414785
0.522489
0.433391
0.415604
0.277454
0.5731
0.7221
0.600835
0.0140133
0.429902
0.527058
0.307858
0.207475
0.351044
0.506241
0.328143
0.404496
0.567293
0.691387
0.528768
0.136199
0.670426
0.29083
0.308402
0.428657
0.532425
0.510361
0.365516
1.00141
0.497961
0.662877
0.952371
0.213555
0.346692
0.64359
0.69026
0.532063
0.499547
0.488948
0.552698
0.236849
0.262758
0.249854
0.275729
0.279029
0.0881905
0.73437
0.661743
0.46298
1.13715
0.497377
0.53869
0.547802
0.221904
0.383777
0.258837
0.420702
0.487837
1.15396
0.983375
0.231843
0.461506
0.65708
0.476613
0.389881
0.472777
0.84819
0.495541
-0.113166
0.372324
0.69622
0.220335
0.344786
0.659319
0.54856
0.398799
0.771342
0.625171
0.366747
1.00942
0.252835
0.388135
1.24845
0.14245
0.47958
0.649649
0.42928
0.547438
0.399412
0.70901
0.797927
0.0746842
0.295237
0.376749
0.475304
0.210048
0.112497
0.742974
0.5467
0.0449142
0.98832
0.745693
0.564815
0.572467
0.590688
0.649535
0.299546
0.619067
0.397472
0.555257
0.775066
0.532669
1.23808
0.786012
0.437864
0.562366
0.379104
0.76086
0.327129
0.242337
0.898004
0.269831
0.0372166
0.463243
0.433261
0.487333
0.457953
0.478465
0.563459
0.352495
0.297459
0.270784
0.661288
0.339441
0.0872339
1.22098
0.422301
0.1422
0.799396
0.306564
0.335219
0.383391
0.733847
0.853485
0.221175
0.451175
0.362228
0.495432
0.238047
0.127831
0.423335
0.378815
0.233099
0.772542
0.619912
0.491401
0.776656
0.514245
0.456801
0.292953
0.347036
0.492359
0.172868
0.549957
0.707096
1.07805
0.725418
0.223777
0.7132
0.49384
0.496702
0.268967
0.846463
0.636132
0.573902
0.158581
0.192003
0.644876
0.201812
0.234557
0.479445
0.666164
0.610527
0.554292
0.977891
0.205265
0.665851
1.05783
0.127596
0.667793
0.740297
0.304291
0.376647
0.715956
0.625057
0.637576
0.265412
0.482896
0.571905
0.474399
0.162233
0.253942
0.504525
0.144636
0.215293
0.927668
0.399123
0.609964
0.974964
0.590409
0.416415
0.546661
0.432528
0.184356
0.368366
0.472244
0.536028
1.35967
0.700139
0.462595
0.515249
1.08338
0.442812
0.335378
1.00502
0.661175
0.156645
0.348769
0.649835
0.565923
0.224398
0.13028
0.570589
0.557854
0.369021
0.472511
0.392626
0.826942
0.196973
0.336134
0.945798
0.15271
0.616879
0.623621
0.464067
0.59131
0.433196
0.1584
0.473712
0.506628
0.433238
0.704398
0.839552
0.169017
0.348072
0.666323
0.700405
0.396276
0.855873
0.980919
0.405258
0.106849
0.373726
0.315876
0.225067
0.406182
0.44201
0.959411
1.05277
0.151992
0.710734
0.682161
0.34951
0.155646
0.540933
0.691679
0.43418
0.181666
0.233434
0.513348
0.361593
0.133875
0.310027
0.596859
0.46387
0.299252
0.732572
0.559263
0.394655
0.245357
0.46168
0.316597
0.195967
0.529574
0.175222
0.636882
0.547047
0.622111
1.07684
0.589663
0.468344
0.492398
0.561048
0.84857
0.167601
0.600228
1.04061
0.355584
0.0415719
0.362572
0.540903
0.324013
0.0638194
0.449028
0.606459
0.420648
0.476723
0.523405
0.617777
0.24418
0.128993
0.666751
0.291369
0.378895
0.681433
0.737434
0.455657
0.283172
0.67254
0.246287
0.874431
0.691811
0.404447
1.49661
0.568167
0.0390648
0.520032
0.686334
0.565514
0.237347
0.491061
0.808274
0.305305
0.458411
0.335039
0.495787
0.471765
-0.0286735
0.402718
0.649655
0.403162
0.524872
0.703583
0.456486
0.260939
0.802543
0.804245
-0.220926
1.05199
0.713234
-0.16861
1.19871
0.525755
0.395981
0.534699
0.621953
0.596232
0.562135
0.105346
0.528881
0.324936
0.413901
0.150358
0.704052
0.712876
0.0874045
0.762349
1.10752
0.0958866
0.918144
0.901255
0.205393
0.484226
0.444567
0.402506
0.465502
0.68575
0.330628
0.607889
1.35555
-0.0516275
0.65439
0.816113
0.461197
0.545459
0.230799
0.549431
0.743547
0.160559
0.218376
0.56591
0.555814
0.358585
0.317552
0.710091
0.58846
0.319153
0.605386
0.434407
0.443001
0.547403
0.241809
0.647329
0.241115
0.698806
0.170534
0.350493
0.436099
0.353095
0.101706
0.266527
0.4333
1.09768
0.0867782
0.590752
0.81876
0.694866
0.399487
0.371499
0.659152
0.521376
-0.143541
0.282748
0.652058
0.48632
0.778066
0.505394
0.336644
0.764977
0.339073
0.563787
0.592852
0.7935
0.335436
0.30923
0.274991
0.105094
0.5612
0.114968
0.214274
0.474381
0.478452
0.403221
0.492499
0.79627
0.317662
0.344765
0.40555
0.380319
0.377098
0.195354
0.761107
0.201029
0.415652
0.845213
0.399385
0.804495
0.362152
0.70688
0.673825
0.388448
0.292194
0.561581
0.608704
0.455883
0.00412563
0.39869
0.344102
0.155925
0.584422
0.586389
0.516687
0.938588
0.995233
0.65013
0.432754
0.875429
0.802158
0.415882
0.686746
0.648552
0.354951
0.495562
0.707092
0.678004
0.452241
0.324646
0.490492
0.55668
0.341092
0.174606
0.323813
0.336392
0.145198
0.438951
0.711184
0.56829
0.755973
0.882244
0.559768
0.439246
0.495839
0.298652
0.210713
0.418688
0.533318
0.945873
1.07767
0.732529
0.512539
0.525347
1.02389
0.444211
0.426696
1.06363
0.517691
0.122612
0.362641
0.641755
0.495068
0.169985
0.196834
0.602019
0.468251
0.436398
0.488021
0.42607
0.719941
0.18499
0.373089
0.80735
0.227905
0.542038
0.636926
0.466956
0.586786
0.477983
0.104946
0.526127
0.538437
0.393875
0.758548
0.832963
0.162216
0.353548
0.687465
0.709247
0.356263
0.843246
0.990008
0.400505
0.0955679
0.344458
0.314701
0.209088
0.352019
0.470388
1.00381
1.03194
0.1979
0.754631
0.678891
0.344096
0.152415
0.531539
0.655841
0.437299
0.185347
0.296036
0.634416
0.295014
0.185195
0.318506
0.614849
0.513162
0.324899
0.751358
0.719176
0.329081
0.21162
0.55382
0.278986
0.0953585
0.544124
0.296233
0.493324
0.435684
0.785885
0.907361
0.583169
0.280079
0.292614
0.406899
0.329364
0.297468
0.652357
0.901739
0.379716
0.531935
0.543678
0.475539
0.298119
0.229701
0.492944
0.305486
0.495072
0.708144
0.835594
0.963511
0.342541
0.45759
0.729431
0.264517
0.151241
0.531907
0.617761
0.319089
0.302326
0.655098
0.230245
0.519384
0.602336
0.40686
0.637596
0.800102
0.731449
0.512957
0.417461
0.460881
0.107776
0.149908
0.25663
0.322026
0.882935
0.451399
0.212642
0.758781
0.52919
0.360056
0.387316
0.596019
0.62474
0.301644
0.129356
0.183309
0.436971
0.276964
0.0856747
0.402878
0.60939
0.437109
0.624932
0.582586
0.590025
0.34819
0.178326
0.465696
0.250398
0.300862
0.565157
0.101222
0.326492
0.538777
0.850817
0.347096
0.34316
1.12834
0.46564
0.334347
0.915357
0.366629
0.381402
0.439197
0.624656
0.669823
0.111456
0.454706
0.459412
0.463488
0.249425
0.211828
0.473778
0.263746
0.154443
0.750452
0.657591
0.506404
0.94788
0.692453
0.38864
0.465673
0.908947
0.235769
0.667009
0.867487
0.537098
0.979218
0.671911
0.430575
0.417272
0.578177
0.650191
0.653065
0.399556
0.597954
0.406922
0.365973
0.236098
0.270876
0.313547
0.134813
0.230672
0.678305
0.50882
0.717962
0.876856
0.758346
0.482717
0.341766
0.406891
0.154627
0.263343
0.40977
0.516519
1.25286
