-364.765
-366.292
-368.658
-370.153
-375.267
-373.114
-367.29
-367.096
-366.668
-369.044
-376.261
-376.491
-373.601
-373.801
-377.755
-379.232
-376.115
-377.013
-376.73
-378.341
-378.385
-380.438
-372.885
-373.43
-370.375
-374.658
-372.171
-368.332
-373.874
-378.362
-376.662
-373.952
-373.032
-374.805
-371.312
-373.941
-374.824
-374.013
-369.636
-369.357
-368.096
-370.278
-371.495
-372.737
-369.463
-373.034
-366.429
-368.421
-365.898
-456.469
-526.483
-577.024
-635.187
-680.976
-714.909
-728.544
-746.698
-767.965
-787.705
-793.093
-800.384
-818.397
-820.105
-819.105
-817.436
-814.145
-810.574
-805.192
-792.465
-774.99
-747.997
-722.544
-691.752
-659.242
-623.801
-591.462
-563.499
-537.034
-511.973
-487.856
-474.007
-453.638
-438.112
-425.345
-413.679
-395.463
-383.475
-366.382
-349.805
-334.321
-320.87
-310.056
-298.033
-284.632
-280.878
-268.708
-260.543
-259.693
-259.905
-260.6
-263.934
-264.536
-270.405
-273.616
-277.19
-281.941
-296.51
-310.556
-335.554
-337.489
-339.314
-342.566
-343.246
-336.479
-335.955
-341.1
-345.123
-342.671
-339.77
-343.193
-353.082
-349.251
-346.716
-349.661
-357.646
-356.459
-354.375
-353.889
-352.499
-351.822
-356.728
-360.322
-363.331
-362.365
-365.26
-367.32
-370.231
-372.104
-375.794
-382.113
-378.194
-380.817
-385.851
-380.876
-374.333
-371.581
-368.416
-370.015
-370.425
-372.607
-369.819
-369.807
-368.972
-370.869
-370.644
-371.611
-369.668
-355.871
-338.603
-323.671
-305.773
-293.016
-278.302
-263.837
-257.356
-254.075
-247.754
-240.672
-231.557
-216.386
-210.597
-209.169
-195.637
-197.939
-196.65
-197.439
-199.818
-211.272
-226.926
-248.151
-268.18
-291.528
-318.248
-337.907
-354.748
-379.907
-398.309
-414.827
-435.158
-460.369
-480.072
-495.451
-508.785
-527.3
-543.436
-566.846
-583.629
-602.359
-625.951
-644.487
-657.951
-679.045
-682.903
-708.356
-725.079
-744.414
-749.255
-752.038
-761.374
-758.808
-756.908
-738.108
-718.216
-694.63
-625.757
-562.132
-471.766
-472.222
-465.924
-464.981
-470.651
-469.441
-467.235
-469.534
-458.412
-443.185
-425.983
-413.17
-393.934
-398.425
-396.7
-398.377
-399.242
-397.621
-397.719
-390.947
-395.139
-389.747
-384.636
-377.124
-362.707
-361.647
-364.895
-361.063
-361.272
-363.815
-364.368
-368.286
-368.421
-372.239
-366.948
-367.759
-370.227
-370.424
-366.371
-362.296
-362.254
-364.702
-359.788
-361.178
-367.343
-367.895
-362.766
-363.66
-362.682
-366.366
-364.614
-367.853
-368.07
-369.614
-365.638
-366.06
-363.76
-363.22
-364.764
-365.075
-367.176
-367.522
-366.269
-369.279
-363.887
-369.173
-366.503
-361.984
-363.152
-360.764
-363.619
-369.331
-368.12
-369.772
-364.77
-364.524
-366.972
-364.77
-356.77
-359.927
-356.832
-362.289
-357.213
-359.544
-361.58
-366.434
-367.105
-369.697
-368.825
-360.954
-358.557
-357.196
-355.951
-353.044
-357.339
-359.396
-358.706
-360.009
-362.827
-368.774
-368.436
-369.603
-376.572
-373.154
-372.46
-368.488
-366.294
-363.79
-368.629
-369.754
-376.845
-371.827
-370.679
-372.683
-377.394
-375.826
-381.888
-378.313
-383.666
-388.912
-387.843
-385.406
-376.055
-376.754
-374.583
-373.391
-373.041
-371.396
-369.48
-371.827
-372.545
-368.919
-369.447
-454.849
-523.607
-573.571
-629.205
-678.812
-715.895
-735.186
-751.867
-769.832
-790.127
-793.093
-800.384
-818.397
-820.105
-819.105
-817.436
-814.145
-810.574
-805.192
-792.465
-774.99
-747.997
-722.544
-691.752
-659.242
-623.801
-591.462
-563.499
-537.034
-511.973
-487.856
-474.007
-453.638
-438.112
-425.345
-413.679
-395.463
-383.475
-366.382
-349.805
-334.321
-320.87
-310.056
-298.033
-284.632
-280.878
-268.708
-260.543
-259.693
-259.905
-260.6
-263.934
-264.536
-270.405
-273.616
-277.19
-281.941
-296.51
-310.556
-335.554
-337.489
-339.314
-342.566
-343.246
-336.479
-335.955
-341.1
-345.123
-342.671
-339.77
-343.193
-353.082
-349.251
-346.716
-349.661
-357.646
-356.459
-354.375
-353.889
-352.499
-351.822
-356.728
-360.322
-363.331
-362.365
-365.26
-367.32
-370.231
-372.104
-375.794
-382.113
-378.194
-380.817
-385.851
-380.876
-374.333
-371.581
-368.416
-370.015
-370.425
-372.607
-369.819
-369.807
-368.972
-370.869
-370.644
-371.611
-369.668
-355.871
-338.603
-323.671
-305.773
-293.016
-278.302
-263.837
-257.356
-254.075
-247.754
-240.672
-231.557
-216.386
-210.597
-209.169
-195.637
-197.939
-196.65
-197.439
-199.818
-211.272
-226.926
-248.151
-268.18
-291.528
-318.248
-337.907
-354.748
-379.907
-398.309
-414.827
-435.158
-460.369
-480.072
-495.451
-508.785
-527.3
-543.436
-566.846
-583.629
-602.359
-625.951
-644.487
-657.951
-679.045
-682.903
-708.356
-725.079
-744.414
-749.255
-752.038
-761.374
-758.808
-756.908
-738.108
-718.216
-694.63
-625.757
-562.132
-471.766
-472.222
-465.924
-464.981
-470.651
-469.441
-467.235
-469.534
-458.412
-443.185
-425.983
-413.17
-393.934
-398.425
-396.7
-398.377
-399.242
-397.621
-397.719
-390.947
-395.139
-389.747
-384.636
-377.124
-362.707
-361.647
-364.895
-361.063
-361.272
-363.815
-364.368
-368.286
-368.421
-372.239
-366.948
-367.759
-370.227
-370.424
-366.371
-362.296
-362.254
-364.702
-359.788
-361.178
-367.343
-367.895
-362.766
-363.66
-362.682
-366.366
-364.614
-367.853
-368.07
-369.614
-365.638
-366.06
-363.76
-363.22
-364.764
-365.075
-367.176
-367.522
-366.269
-369.279
-363.887
-369.173
-366.503
-361.984
-363.152
-360.764
-363.619
-369.331
-368.12
-369.772
-364.77
-364.524
-366.972
-364.77
-356.77
-359.927
-356.832
-362.289
-357.213
-359.544
-361.58
-366.434
-367.105
-369.697
-368.825
-360.954
-358.557
-357.196
-355.951
-353.044
-357.339
-359.396
-358.706
-360.009
-362.827
-368.774
-368.436
-369.603
-376.572
-373.154
-372.46
-368.488
-366.294
-363.79
-368.629
-369.754
-376.845
-371.827
-370.679
-372.683
-377.394
-375.826
-381.888
-378.313
-383.666
-388.912
-387.843
-385.406
-376.055
-376.754
-374.583
-373.391
-373.041
-371.396
-369.48
-371.827
-372.545
-368.919
-369.447
-454.849
-523.607
-573.571
-629.205
-678.812
-715.895
-735.186
-751.867
-769.832
-790.127
-793.093
-800.384
-818.397
-820.105
-819.105
-817.436
-814.145
-810.574
-805.192
-792.465
-774.99
-747.997
-722.544
-691.752
-659.242
-623.801
-591.462
-563.499
-537.034
-511.973
-487.856
-474.007
-453.638
-438.112
-425.345
-413.679
-395.463
-383.475
-366.382
-349.805
-334.321
-320.87
-310.056
-298.033
-284.632
-280.878
-268.708
-260.543
-259.693
-259.905
-260.6
-263.934
-264.536
-270.405
-273.616
-277.19
-281.941
-296.51
-310.556
-335.554
-337.489
-339.314
-342.566
-343.246
-336.479
-335.955
-341.1
-345.123
-342.671
-339.77
-343.193
-353.082
-349.251
-346.716
-349.661
-357.646
-356.459
-354.375
-353.889
-352.499
-351.822
-356.728
-360.322
-363.331
-362.365
-365.26
-367.32
-370.231
-372.104
-375.794
-382.113
-378.194
-380.817
-385.851
-380.876
-374.333
-371.581
-368.416
-370.015
-370.425
-372.607
-369.819
-369.807
-368.972
-370.869
-370.644
-371.611
-369.668
-355.871
-338.603
-323.671
-305.773
-293.016
-278.302
-263.837
-257.356
-254.075
-247.754
-240.672
-231.557
-216.386
-210.597
-209.169
-195.637
-197.939
-196.65
-197.439
-199.818
-211.272
-226.926
-248.151
-268.18
-291.528
-318.248
-337.907
-354.748
-379.907
-398.309
-414.827
-435.158
-460.369
-480.072
-495.451
-508.785
-527.3
-543.436
-566.846
-583.629
-602.359
-625.951
-644.487
-657.951
-679.045
-682.903
-708.356
-725.079
-744.414
-749.255
-752.038
-761.374
-758.808
-756.908
-738.108
-718.216
-694.63
-625.757
-562.132
-471.766
-472.222
-465.924
-464.981
-470.651
-469.441
-467.235
-469.534
-458.412
-443.185
-425.983
-413.17
-393.934
-398.425
-396.7
-398.377
-399.242
-397.621
-397.719
-390.947
-395.139
-389.747
-384.636
-377.124
-362.707
-361.647
-364.895
-361.063
-361.272
-363.815
-364.368
-368.286
-368.421
-372.239
-366.948
-367.759
-370.227
-370.424
-366.371
-362.296
-362.254
-364.702
-359.788
-361.178
-367.343
-367.895
-362.766
-363.66
-362.682
-366.366
-364.614
-367.853
-368.07
-369.614
-365.638
-366.06
-363.76
-363.22
-364.764
-365.075
-367.176
-367.522
-366.269
-369.279
-363.887
-369.173
-366.503
-361.984
-363.152
-360.764
-363.619
-369.331
-368.12
-369.772
-364.77
-364.524
-366.972
-364.77
-356.77
-359.927
-356.832
-362.289
-357.213
-359.544
-361.58
-366.434
-367.105
-369.697
-368.825
-360.954
-358.557
-357.196
-355.951
-353.044
-357.339
-359.396
-358.706
-360.009
-362.827
-368.774
-368.436
-369.603
-376.572
-373.154
-372.46
-368.488
-366.294
-363.79
-368.629
-369.754
-376.845
-371.827
-370.679
-372.683
-377.394
-375.826
-381.888
-378.313
-383.666
-388.912
-387.843
-385.406
-376.055
-376.754
-374.583
-373.391
-373.041
-371.396
-369.48
-371.827
-372.545
-368.919
-369.447
-454.849
-523.607
-573.571
-629.205
-678.812
-715.895
-735.186
-751.867
-769.832
-790.127
-793.093
-800.384
-818.397
-820.105
-819.105
-817.436
-814.145
-810.574
-805.192
-792.465
-774.99
-747.997
-722.544
-691.752
-659.242
-623.801
-591.462
-563.499
-537.034
-511.973
-487.856
-474.007
-453.638
-438.112
-425.345
-413.679
-395.463
-383.475
-366.382
-349.805
-334.321
-320.87
-310.056
-298.033
-284.632
-280.878
-268.708
-260.543
-259.693
-259.905
-260.6
-263.934
-264.536
-270.405
-273.616
-277.19
-281.941
-296.51
-310.556
-335.554
-337.489
-339.314
-342.566
-343.246
-336.479
-335.955
-341.1
-345.123
-342.671
-339.77
-343.193
-353.082
-349.251
-346.716
-349.661
-357.646
-356.459
-354.375
-353.889
-352.499
-351.822
-356.728
-360.322
-363.331
-362.365
-365.26
-367.32
-370.231
-372.104
-375.794
-382.113
-378.194
-380.817
-385.851
-380.876
-374.333
-371.581
-368.416
-370.015
-370.425
-372.607
-369.819
-369.807
-368.972
-370.869
-370.644
-371.611
-369.668
-355.871
-338.603
-323.671
-305.773
-293.016
-278.302
-263.837
-257.356
-254.075
-247.754
-240.672
-231.557
-216.386
-210.597
-209.169
-195.637
-197.939
-196.65
-197.439
-199.818
-211.272
-226.926
-248.151
-268.18
-291.528
-318.248
-337.907
-354.748
-379.907
-398.309
-414.827
-435.158
-460.369
-480.072
-495.451
-508.785
-527.3
-543.436
-566.846
-583.629
-602.359
-625.951
-644.487
-657.951
-679.045
-682.903
-708.356
-725.079
-744.414
-749.255
-752.038
-761.374
-758.808
-756.908
-738.108
-718.216
-694.63
-625.757
-562.132
-471.766
-472.222
-465.924
-464.981
-470.651
-469.441
-467.235
-469.534
-458.412
-443.185
-425.983
-413.17
-393.934
-398.425
-396.7
-398.377
-399.242
-397.621
-397.719
-390.947
-395.139
-389.747
-384.636
-377.124
-362.707
-361.647
-364.895
-361.063
-361.272
-363.815
-364.368
-368.286
-368.421
-372.239
-366.948
-367.759
-370.227
-370.424
-366.371
-362.296
-362.254
-364.702
-359.788
-361.178
-367.343
-367.895
-362.766
-363.66
-362.682
-366.366
-364.614
-367.853
-368.07
-369.614
-365.638
-366.06
-363.76
-363.22
-364.764
-365.075
-367.176
-367.522
-366.269
-369.279
-363.887
-369.173
-366.503
-361.984
-363.152
-360.764
-363.619
-369.331
-368.12
-369.772
-364.77
-364.524
-366.972
-364.77
-356.77
-359.927
-356.832
-362.289
-357.213
-359.544
-361.58
-366.434
-367.105
-369.697
-368.825
-360.954
-358.557
-357.196
-355.951
-353.044
-357.339
-359.396
-358.706
-360.009
-362.827
-368.774
-368.436
-369.603
-376.572
-373.154
-372.46
-368.488
-366.294
-363.79
-368.629
-369.754
-376.845
-371.827
-370.679
-372.683
-377.394
-375.826
-381.888
-378.313
-383.666
-388.912
-387.843
-385.406
-376.055
-376.754
-374.583
-373.391
-373.041
-371.396
-369.48
-371.827
-372.545
-368.919
-369.447
-454.849
-523.607
-573.571
-629.205
-678.812
-715.895
-735.186
-751.867
-769.832
-790.127
-793.093
-800.384
-818.397
-820.105
-819.105
-817.436
-814.145
-810.574
-805.192
-792.465
-774.99
-747.997
-722.544
-691.752
-659.242
-623.801
-591.462
-563.499
-537.034
-511.973
-487.856
-474.007
-453.638
-438.112
-425.345
-413.679
-395.463
-383.475
-366.382
-349.805
-334.321
-320.87
-310.056
-298.033
-284.632
-280.878
-268.708
-260.543
-259.693
-259.905
-260.6
-263.934
-264.536
-270.405
-273.616
-277.19
-281.941
-296.51
-310.556
-335.554
-337.489
-339.314
-342.566
-343.246
-336.479
-335.955
-341.1
-345.123
-342.671
-339.77
-343.193
-353.082
-349.251
-346.716
-349.661
-357.646
-356.459
-354.375
-353.889
-352.499
-351.822
-356.728
-360.322
-363.331
-362.365
-365.26
-367.32
-370.231
-372.104
-375.794
-382.113
-378.194
-380.817
-385.851
-380.876
-374.333
-371.581
-368.416
-370.015
-370.425
-372.607
-369.819
-369.807
-368.972
-370.869
-370.644
-371.611
-369.668
-355.871
-338.603
-323.671
-305.773
-293.016
-278.302
-263.837
-257.356
-254.075
-247.754
-240.672
-231.557
-216.386
-210.597
-209.169
-195.637
-197.939
-196.65
-197.439
-199.818
-211.272
-226.926
-248.151
-268.18
-291.528
-318.248
-337.907
-354.748
-379.907
-398.309
-414.827
-435.158
-460.369
-480.072
-495.451
-508.785
-527.3
-543.436
-566.846
-583.629
-602.359
-625.951
-644.487
-657.951
-679.045
-682.903
-708.356
-725.079
-744.414
-749.255
-752.038
-761.374
-758.808
-756.908
-738.108
-718.216
-694.63
-625.757
-562.132
-471.766
-472.222
-465.924
-464.981
-470.651
-469.441
-467.235
-469.534
-458.412
-443.185
-425.983
-413.17
-393.934
-398.425
-396.7
-398.377
-399.242
-397.621
-397.719
-390.947
-395.139
-389.747
-384.636
-377.124
-362.707
-361.647
-364.895
-361.063
-361.272
-363.815
-364.368
-368.286
-368.421
-372.239
-366.948
-367.759
-370.227
-370.424
-366.371
-362.296
-362.254
-364.702
-359.788
-361.178
-367.343
-367.895
-362.766
-363.66
-362.682
-366.366
-364.614
-367.853
-368.07
-369.614
-365.638
-366.06
-363.76
-363.22
-364.764
-365.075
-367.176
-367.522
-366.269
-369.279
-363.887
-369.173
-366.503
-361.984
-363.152
-360.764
-363.619
-369.331
-368.12
-369.772
-364.77
-364.524
-366.972
-364.77
-356.77
-359.927
-356.832
-362.289
-357.213
-359.544
-361.58
-366.434
-367.105
-369.697
-368.825
-360.954
-358.557
-357.196
-355.951
-353.044
-357.339
-359.396
-358.706
-360.009
-362.827
-368.774
-368.436
-369.603
-376.572
-373.154
-372.46
-368.488
-366.294
-363.79
-368.629
-369.754
-376.845
-371.827
-370.679
-372.683
-377.394
-375.826
-381.888
-378.313
-383.666
-388.912
-387.843
-385.406
-376.055
-376.754
-374.583
-373.391
-373.041
-371.396
-369.48
-371.827
-372.545
-368.919
-369.447
-454.849
-523.607
-573.571
-629.205
-678.812
-715.895
-735.186
-751.867
-769.832
-790.127
-793.093
-800.384
-818.397
-820.105
-819.105
-817.436
-814.145
-810.574
-805.192
-792.465
-774.99
-747.997
-722.544
-691.752
-659.242
-623.801
-591.462
-563.499
-537.034
-511.973
-487.856
-474.007
-453.638
-438.112
-425.345
-413.679
-395.463
-383.475
-366.382
-349.805
-334.321
-320.87
-310.056
-298.033
-284.632
-280.878
-268.708
-260.543
-259.693
-259.905
-260.6
-263.934
-264.536
-270.405
-273.616
-277.19
-281.941
-296.51
-310.556
-335.554
-337.489
-339.314
-342.566
-343.246
-336.479
-335.955
-341.1
-345.123
-342.671
-339.77
-343.193
-353.082
-349.251
-346.716
-349.661
-357.646
-356.459
-354.375
-353.889
-352.499
-351.822
-356.728
-360.322
-363.331
-362.365
-365.26
-367.32
-370.231
-372.104
-375.794
-382.113
-378.194
-380.817
-385.851
-380.876
-374.333
-371.581
-368.416
-370.015
-370.425
-372.607
-369.819
-369.807
-368.972
-370.869
-370.644
-371.611
-369.668
-355.871
-338.603
-323.671
-305.773
-293.016
-278.302
-263.837
-257.356
-254.075
-247.754
-240.672
-231.557
-216.386
-210.597
-209.169
-195.637
-197.939
-196.65
-197.439
-199.818
-211.272
-226.926
-248.151
-268.18
-291.528
-318.248
-337.907
-354.748
-379.907
-398.309
-414.827
-435.158
-460.369
-480.072
-495.451
-508.785
-527.3
-543.436
-566.846
-583.629
-602.359
-625.951
-644.487
-657.951
-679.045
-682.903
-708.356
-725.079
-744.414
-749.255
-752.038
-761.374
-758.808
-756.908
-738.108
-718.216
-694.63
-625.757
-562.132
-471.766
-472.222
-465.924
-464.981
-470.651
-469.441
-467.235
-469.534
-458.412
-443.185
-425.983
-413.17
-393.934
-398.425
-396.7
-398.377
-399.242
-397.621
-397.719
-390.947
-395.139
-389.747
-384.636
-377.124
-362.707
-361.647
-364.895
-361.063
-361.272
-363.815
-364.368
-368.286
-368.421
-372.239
-366.948
-367.759
-370.227
-370.424
-366.371
-362.296
-362.254
-364.702
-359.788
-361.178
-367.343
-367.895
-362.766
-363.66
-362.682
-366.366
-364.614
-367.853
-368.07
-369.614
-365.638
-366.06
-363.76
-363.22
-364.764
-365.075
-367.176
-367.522
-366.269
-369.279
-363.887
-369.173
-366.503
-361.984
-363.152
-360.764
-363.619
-369.331
-368.12
-369.772
-364.77
-364.524
-366.972
-364.77
-356.77
-359.927
-356.832
-362.289
-357.213
-359.544
-361.58
-366.434
-367.105
-369.697
-368.825
-360.954
-358.557
-357.196
-355.951
-353.044
-357.339
-359.396
-358.706
-360.009
-362.827
-368.774
-368.436
-369.603
-376.572
-373.154
-372.46
-368.488
-366.294
-363.79
-368.629
-369.754
-376.845
-371.827
-370.679
-372.683
-377.394
-375.826
-381.888
-378.313
-383.666
-388.912
-387.843
-385.406
-376.055
-376.754
-374.583
-373.391
-373.041
-371.396
-369.48
-371.827
-372.545
-368.919
-369.447
-454.849
-523.607
-573.571
-629.205
-678.812
-715.895
-735.186
-751.867
-769.832
-790.127
-793.093
-800.384
-818.397
-820.105
-819.105
-817.436
-814.145
-810.574
-805.192
-792.465
-774.99
-747.997
-722.544
-691.752
-659.242
-623.801
-591.462
-563.499
-537.034
-511.973
-487.856
-474.007
-453.638
-438.112
-425.345
-413.679
-395.463
-383.475
-366.382
-349.805
-334.321
-320.87
-310.056
-298.033
-284.632
-280.878
-268.708
-260.543
-259.693
-259.905
-260.6
-263.934
-264.536
-270.405
-273.616
-277.19
-281.941
-296.51
-310.556
-335.554
-337.489
-339.314
-342.566
-343.246
-336.479
-335.955
-341.1
-345.123
-342.671
-339.77
-343.193
-353.082
-349.251
-346.716
-349.661
-357.646
-356.459
-354.375
-353.889
-352.499
-351.822
-356.728
-360.322
-363.331
-362.365
-365.26
-367.32
-370.231
-372.104
-375.794
-382.113
-378.194
-380.817
-385.851
-380.876
-374.333
-371.581
-368.416
-370.015
-370.425
-372.607
-369.819
-369.807
-368.972
-370.869
-370.644
-371.611
-369.668
-355.871
-338.603
-323.671
-305.773
-293.016
-278.302
-263.837
-257.356
-254.075
-247.754
-240.672
-231.557
-216.386
-210.597
-209.169
-195.637
-197.939
-196.65
-197.439
-199.818
-211.272
-226.926
-248.151
-268.18
-291.528
-318.248
-337.907
-354.748
-379.907
-398.309
-414.827
-435.158
-460.369
-480.072
-495.451
-508.785
-527.3
-543.436
-566.846
-583.629
-602.359
-625.951
-644.487
-657.951
-679.045
-682.903
-708.356
-725.079
-744.414
-749.255
-752.038
-761.374
-758.808
-756.908
-738.108
-718.216
-694.63
-625.757
-562.132
-471.766
-472.222
-465.924
-464.981
-470.651
-469.441
-467.235
-469.534
-458.412
-443.185
-425.983
-413.17
-393.934
-398.425
-396.7
-398.377
-399.242
-397.621
-397.719
-390.947
-395.139
-389.747
-384.636
-377.124
-362.707
-361.647
-364.895
-361.063
-361.272
-363.815
-364.368
-368.286
-368.421
-372.239
-366.948
-367.759
-370.227
-370.424
-366.371
-362.296
-362.254
-364.702
-359.788
-361.178
-367.343
-367.895
-362.766
-363.66
-362.682
-366.366
-364.614
-367.853
-368.07
-369.614
-365.638
-366.06
-363.76
-363.22
-364.764
-365.075
-367.176
-367.522
-366.269
-369.279
-363.887
-369.173
-366.503
-361.984
-363.152
-360.764
-363.619
-369.331
-368.12
-369.772
-364.77
-364.524
-366.972
-364.77
-356.77
-359.927
-356.832
-362.289
-357.213
-359.544
-361.58
-366.434
-367.105
-369.697
-368.825
-360.954
-358.557
-357.196
-355.951
-353.044
-357.339
-359.396
-358.706
-360.009
-362.827
-368.774
-368.436
-369.603
-376.572
-373.154
-372.46
-368.488
-366.294
-363.79
-368.629
-369.754
-376.845
-371.827
-370.679
-372.683
-377.394
-375.826
-381.888
-378.313
-383.666
-388.912
-387.843
-385.406
-376.055
-376.754
-374.583
-373.391
-373.041
-371.396
-369.48
-371.827
-372.545
-368.919
-369.447
-454.849
-523.607
-573.571
-629.205
-678.812
-715.895
-735.186
-751.867
-769.832
-790.127
-793.093
-800.384
-818.397
-820.105
-819.105
-817.436
-814.145
-810.574
-805.192
-792.465
-774.99
-747.997
-722.544
-691.752
-659.242
-623.801
-591.462
-563.499
-537.034
-511.973
-487.856
-474.007
-453.638
-438.112
-425.345
-413.679
-395.463
-383.475
-366.382
-349.805
-334.321
-320.87
-310.056
-298.033
-284.632
-280.878
-268.708
-260.543
-259.693
-259.905
-260.6
-263.934
-264.536
-270.405
-273.616
-277.19
-281.941
-296.51
-310.556
-335.554
-337.489
-339.314
-342.566
-343.246
-336.479
-335.955
-341.1
-345.123
-342.671
-339.77
-343.193
-353.082
-349.251
-346.716
-349.661
-357.646
-356.459
-354.375
-353.889
-352.499
-351.822
-356.728
-360.322
-363.331
-362.365
-365.26
-367.32
-370.231
-372.104
-375.794
-382.113
-378.194
-380.817
-385.851
-380.876
-374.333
-371.581
-368.416
-370.015
-370.425
-372.607
-369.819
-369.807
-368.972
-370.869
-370.644
-371.611
-369.668
-355.871
-338.603
-323.671
-305.773
-293.016
-278.302
-263.837
-257.356
-254.075
-247.754
-240.672
-231.557
-216.386
-210.597
-209.169
-195.637
-197.939
-196.65
-197.439
-199.818
-211.272
-226.926
-248.151
-268.18
-291.528
-318.248
-337.907
-354.748
-379.907
-398.309
-414.827
-435.158
-460.369
-480.072
-495.451
-508.785
-527.3
-543.436
-566.846
-583.629
-602.359
-625.951
-644.487
-657.951
-679.045
-682.903
-708.356
-725.079
-744.414
-749.255
-752.038
-761.374
-758.808
-756.908
-738.108
-718.216
-694.63
-625.757
-562.132
-471.766
-472.222
-465.924
-464.981
-470.651
-469.441
-467.235
-469.534
-458.412
-443.185
-425.983
-413.17
-393.934
-398.425
-396.7
-398.377
-399.242
-397.621
-397.719
-390.947
-395.139
-389.747
-384.636
-377.124
-362.707
-361.647
-364.895
-361.063
-361.272
-363.815
-364.368
-368.286
-368.421
-372.239
-366.948
-367.759
-370.227
-370.424
-366.371
-362.296
-362.254
-364.702
-359.788
-361.178
-367.343
-367.895
-362.766
-363.66
-362.682
-366.366
-364.614
-367.853
-368.07
-369.614
-365.638
-366.06
-363.76
-363.22
-364.764
-365.075
-367.176
-367.522
-366.269
-369.279
-363.887
-369.173
-366.503
-361.984
-363.152
-360.764
-363.619
-369.331
-368.12
-369.772
-364.77
-364.524
-366.972
-364.77
-356.77
-359.927
-356.832
-362.289
-357.213
-359.544
-361.58
-366.434
-367.105
-369.697
-368.825
-360.954
-358.557
-357.196
-355.951
-353.044
-357.339
-359.396
-358.706
-360.009
-362.827
-368.774
-368.436
-369.603
-376.572
-373.154
-372.46
-368.488
-366.294
-363.79
-368.629
-369.754
-376.845
-371.827
-370.679
-372.683
-377.394
-375.826
-381.888
-378.313
-383.666
-388.912
-387.843
-385.406
-376.055
-376.754
-374.583
-373.391
-373.041
-371.396
-369.48
-371.827
-372.545
-368.919
-369.447
-454.849
-523.607
-573.571
-629.205
-678.812
-715.895
-735.186
-751.867
-769.832
-790.127
-793.093
-800.384
-818.397
-820.105
-819.105
-817.436
-814.145
-810.574
-805.192
-792.465
-774.99
-747.997
-722.544
-691.752
-659.242
-623.801
-591.462
-563.499
-537.034
-511.973
-487.856
-474.007
-453.638
-438.112
-425.345
-413.679
-395.463
-383.475
-366.382
-349.805
-334.321
-320.87
-310.056
-298.033
-284.632
-280.878
-268.708
-260.543
-259.693
-259.905
-260.6
-263.934
-264.536
-270.405
-273.616
-277.19
-281.941
-296.51
-310.556
-335.554
-337.489
-339.314
-342.566
-343.246
-336.479
-335.955
-341.1
-345.123
-342.671
-339.77
-343.193
-353.082
-349.251
-346.716
-349.661
-357.646
-356.459
-354.375
-353.889
-352.499
-351.822
-356.728
-360.322
-363.331
-362.365
-365.26
-367.32
-370.231
-372.104
-375.794
-382.113
-378.194
-380.817
-385.851
-380.876
-374.333
-371.581
-368.416
-370.015
-370.425
-372.607
-369.819
-369.807
-368.972
-370.869
-370.644
-371.611
-369.668
-355.871
-338.603
-323.671
-305.773
-293.016
-278.302
-263.837
-257.356
-254.075
-247.754
-240.672
-231.557
-216.386
-210.597
-209.169
-195.637
-197.939
-196.65
-197.439
-199.818
-211.272
-226.926
-248.151
-268.18
-291.528
-318.248
-337.907
-354.748
-379.907
-398.309
-414.827
-435.158
-460.369
-480.072
-495.451
-508.785
-527.3
-543.436
-566.846
-583.629
-602.359
-625.951
-644.487
-657.951
-679.045
-682.903
-708.356
-725.079
-744.414
-749.255
-752.038
-761.374
-758.808
-756.908
-738.108
-718.216
-694.63
-625.757
-562.132
-471.766
-472.222
-465.924
-464.981
-470.651
-469.441
-467.235
-469.534
-458.412
-443.185
-425.983
-413.17
-393.934
-398.425
-396.7
-398.377
-399.242
-397.621
-397.719
-390.947
-395.139
-389.747
-384.636
-377.124
-362.707
-361.647
-364.895
-361.063
-361.272
-363.815
-364.368
-368.286
-368.421
-372.239
-366.948
-367.759
-370.227
-370.424
-366.371
-362.296
-362.254
-364.702
-359.788
-361.178
-367.343
-367.895
-362.766
-363.66
-362.682
-366.366
-364.614
-367.853
-368.07
-369.614
-365.638
-366.06
-363.76
-363.22
-364.764
-365.075
-367.176
-367.522
-366.269
-369.279
-363.887
-369.173
-366.503
-361.984
-363.152
-360.764
-363.619
-369.331
-368.12
-369.772
-364.77
-364.524
-366.972
-364.77
-356.77
-359.927
-356.832
-362.289
-357.213
-359.544
-361.58
-366.434
-367.105
-369.697
-368.825
-360.954
-358.557
-357.196
-355.951
-353.044
-357.339
-359.396
-358.706
-360.009
-362.827
-368.774
-368.436
-369.603
-376.572
-373.154
-372.46
-368.488
-366.294
-363.79
-368.629
-369.754
-376.845
-371.827
-370.679
-372.683
-377.394
-375.826
-381.888
-378.313
-383.666
-388.912
-387.843
-385.406
-376.055
-376.754
-374.583
-373.391
-373.041
-371.396
-369.48
-371.827
-372.545
-368.919
-369.447
-454.849
-523.607
-573.571
-629.205
-678.812
-715.895
-735.186
-751.867
-769.832
-790.127
-793.093
-800.384
-818.397
-820.105
-819.105
-817.436
-814.145
-810.574
-805.192
-792.465
-774.99
-747.997
-722.544
-691.752
-659.242
-623.801
-591.462
-563.499
-537.034
-511.973
-487.856
-474.007
-453.638
-438.112
-425.345
-413.679
-395.463
-383.475
-366.382
-349.805
-334.321
-320.87
-310.056
-298.033
-284.632
-280.878
-268.708
-260.543
-259.693
-259.905
-260.6
-263.934
-264.536
-270.405
-273.616
-277.19
-281.941
-296.51
-310.556
-335.554
-337.489
-339.314
-342.566
-343.246
-336.479
-335.955
-341.1
-345.123
-342.671
-339.77
-343.193
-353.082
-349.251
-346.716
-349.661
-357.646
-356.459
-354.375
-353.889
-352.499
-351.822
-356.728
-360.322
-363.331
-362.365
-365.26
-367.32
-370.231
-372.104
-375.794
-382.113
-378.194
-380.817
-385.851
-380.876
-374.333
-371.581
-368.416
-370.015
-370.425
-372.607
-369.819
-369.807
-368.972
-370.869
-370.644
-371.611
-369.668
-355.871
-338.603
-323.671
-305.773
-293.016
-278.302
-263.837
-257.356
-254.075
-247.754
-240.672
-231.557
-216.386
-210.597
-209.169
-195.637
-197.939
-196.65
-197.439
-199.818
-211.272
-226.926
-248.151
-268.18
-291.528
-318.248
-337.907
-354.748
-379.907
-398.309
-414.827
-435.158
-460.369
-480.072
-495.451
-508.785
-527.3
-543.436
-566.846
-583.629
-602.359
-625.951
-644.487
-657.951
-679.045
-682.903
-708.356
-725.079
-744.414
-749.255
-752.038
-761.374
-758.808
-756.908
-738.108
-718.216
-694.63
-625.757
-562.132
-471.766
-472.222
-465.924
-464.981
-470.651
-469.441
-467.235
-469.534
-458.412
-443.185
-425.983
-413.17
-393.934
-398.425
-396.7
-398.377
-399.242
-397.621
-397.719
-390.947
-395.139
-389.747
-384.636
-377.124
-362.707
-361.647
-364.895
-361.063
-361.272
-363.815
-364.368
-368.286
-368.421
-372.239
-366.948
-367.759
-370.227
-370.424
-366.371
-362.296
-362.254
-364.702
-359.788
-361.178
-367.343
-367.895
-362.766
-363.66
-362.682
-366.366
-364.614
-367.853
-368.07
-369.614
-365.638
-366.06
-363.76
-363.22
-364.764
-365.075
-367.176
-367.522
-366.269
-369.279
-363.887
-369.173
-366.503
-361.984
-363.152
-360.764
-363.619
-369.331
-368.12
-369.772
-364.77
-364.524
-366.972
-364.77
-356.77
-359.927
-356.832
-362.289
-357.213
-359.544
-361.58
-366.434
-367.105
-369.697
-368.825
-360.954
-358.557
-357.196
-355.951
-353.044
-357.339
-359.396
-358.706
-360.009
-362.827
-368.774
-368.436
-369.603
-376.572
-373.154
-372.46
-368.488
-366.294
-363.79
-368.629
-369.754
-376.845
-371.827
-370.679
-372.683
-377.394
-375.826
-381.888
-378.313
-383.666
-388.912
-387.843
-385.406
-376.055
-376.754
-374.583
-373.391
-373.041
-371.396
-369.48
-371.827
-372.545
-368.919
-369.447
-454.849
-523.607
-573.571
-629.205
-678.812
-715.895
-735.186
-751.867
-769.832
-790.127
-793.093
-800.384
-818.397
-820.105
-819.105
-817.436
-814.145
-810.574
-805.192
-792.465
-774.99
-747.997
-722.544
-691.752
-659.242
-623.801
-591.462
-563.499
-537.034
-511.973
-487.856
-474.007
-453.638
-438.112
-425.345
-413.679
-395.463
-383.475
-366.382
-349.805
-334.321
-320.87
-310.056
-298.033
-284.632
-280.878
-268.708
-260.543
-259.693
-259.905
-260.6
-263.934
-264.536
-270.405
-273.616
-277.19
-281.941
-296.51
-310.556
-335.554
-337.489
-339.314
-342.566
-343.246
-336.479
-335.955
-341.1
-345.123
-342.671
-339.77
-343.193
-353.082
-349.251
-346.716
-349.661
-357.646
-356.459
-354.375
-353.889
-352.499
-351.822
-356.728
-360.322
-363.331
-362.365
-365.26
-367.32
-370.231
-372.104
-375.794
-382.113
-378.194
-380.817
-385.851
-380.876
-374.333
-371.581
-368.416
-370.015
-370.425
-372.607
-369.819
-369.807
-368.972
-370.869
-370.644
-371.611
-369.668
-355.871
-338.603
-323.671
-305.773
-293.016
-278.302
-263.837
-257.356
-254.075
-247.754
-240.672
-231.557
-216.386
-210.597
-209.169
-195.637
-197.939
-196.65
-197.439
-199.818
-211.272
-226.926
-248.151
-268.18
-291.528
-318.248
-337.907
-354.748
-379.907
-398.309
-414.827
-435.158
-460.369
-480.072
-495.451
-508.785
-527.3
-543.436
-566.846
-583.629
-602.359
-625.951
-644.487
-657.951
-679.045
-682.903
-708.356
-725.079
-744.414
-749.255
-752.038
-761.374
-758.808
-756.908
-738.108
-718.216
-694.63
-625.757
-562.132
-471.766
-472.222
-465.924
-464.981
-470.651
-469.441
-467.235
-469.534
-458.412
-443.185
-425.983
-413.17
-393.934
-398.425
-396.7
-398.377
-399.242
-397.621
-397.719
-390.947
-395.139
-389.747
-384.636
-377.124
-362.707
-361.647
-364.895
-361.063
-361.272
-363.815
-364.368
-368.286
-368.421
-372.239
-366.948
-367.759
-370.227
-370.424
-366.371
-362.296
-362.254
-364.702
-359.788
-361.178
-367.343
-367.895
-362.766
-363.66
-362.682
-366.366
-364.614
-367.853
-368.07
-369.614
-365.638
-366.06
-363.76
-363.22
-364.764
-365.075
-367.176
-367.522
-366.269
-369.279
-363.887
-369.173
-366.503
-361.984
-363.152
-360.764
-363.619
-369.331
-368.12
-369.772
-364.77
-364.524
-366.972
-364.77
-356.77
-359.927
-356.832
-362.289
-357.213
-359.544
-361.58
-366.434
-367.105
-369.697
-368.825
-360.954
-358.557
-357.196
-355.951
-353.044
-357.339
-359.396
-358.706
-360.009
-362.827
-368.774
-368.436
-369.603
-376.572
-373.154
-372.46
-368.488
-366.294
-363.79
-368.629
-369.754
-376.845
-371.827
-370.679
-372.683
-377.394
-375.826
-381.888
-378.313
-383.666
-388.912
-387.843
-385.406
-376.055
-376.754
-374.583
-373.391
-373.041
-371.396
-369.48
-371.827
-372.545
-368.919
-369.447
-454.849
-523.607
-573.571
-629.205
-678.812
-715.895
-735.186
-751.867
-769.832
-790.127
-793.093
-800.384
-818.397
-820.105
-819.105
-817.436
-814.145
-810.574
-805.192
-792.465
-774.99
-747.997
-722.544
-691.752
-659.242
-623.801
-591.462
-563.499
-537.034
-511.973
-487.856
-474.007
-453.638
-438.112
-425.345
-413.679
-395.463
-383.475
-366.382
-349.805
-334.321
-320.87
-310.056
-298.033
-284.632
-280.878
-268.708
-260.543
-259.693
-259.905
-260.6
-263.934
-264.536
-270.405
-273.616
-277.19
-281.941
-296.51
-310.556
-335.554
-337.489
-339.314
-342.566
-343.246
-336.479
-335.955
-341.1
-345.123
-342.671
-339.77
-343.193
-353.082
-349.251
-346.716
-349.661
-357.646
-356.459
-354.375
-353.889
-352.499
-351.822
-356.728
-360.322
-363.331
-362.365
-365.26
-367.32
-370.231
-372.104
-375.794
-382.113
-378.194
-380.817
-385.851
-380.876
-374.333
-371.581
-368.416
-370.015
-370.425
-372.607
-369.819
-369.807
-368.972
-370.869
-370.644
-371.611
-369.668
-355.871
-338.603
-323.671
-305.773
-293.016
-278.302
-263.837
-257.356
-254.075
-247.754
-240.672
-231.557
-216.386
-210.597
-209.169
-195.637
-197.939
-196.65
-197.439
-199.818
-211.272
-226.926
-248.151
-268.18
-291.528
-318.248
-337.907
-354.748
-379.907
-398.309
-414.827
-435.158
-460.369
-480.072
-495.451
-508.785
-527.3
-543.436
-566.846
-583.629
-602.359
-625.951
-644.487
-657.951
-679.045
-682.903
-708.356
-725.079
-744.414
-749.255
-752.038
-761.374
-758.808
-756.908
-738.108
-718.216
-694.63
-625.757
-562.132
-471.766
-472.222
-465.924
-464.981
-470.651
-469.441
-467.235
-469.534
-458.412
-443.185
-425.983
-413.17
-393.934
-398.425
-396.7
-398.377
-399.242
-397.621
-397.719
-390.947
-395.139
-389.747
-384.636
-377.124
-362.707
-361.647
-364.895
-361.063
-361.272
-363.815
-364.368
-368.286
-368.421
-372.239
-366.948
-367.759
-370.227
-370.424
-366.371
-362.296
-362.254
-364.702
-359.788
-361.178
-367.343
-367.895
-362.766
-363.66
-362.682
-366.366
-364.614
-367.853
-368.07
-369.614
-365.638
-366.06
-363.76
-363.22
-364.764
-365.075
-367.176
-367.522
-366.269
-369.279
-363.887
-369.173
-366.503
-361.984
-363.152
-360.764
-363.619
-369.331
-368.12
-369.772
-364.77
-364.524
-366.972
-364.77
-356.77
-359.927
-356.832
-362.289
-357.213
-359.544
-361.58
-366.434
-367.105
-369.697
-368.825
-360.954
-358.557
-357.196
-355.951
-353.044
-357.339
-359.396
-358.706
-360.009
-362.827
-368.774
-368.436
-369.603
-376.572
-373.154
-372.46
-368.488
-366.294
-363.79
-368.629
-369.754
-376.845
-371.827
-370.679
-372.683
-377.394
-375.826
-381.888
-378.313
-383.666
-388.912
-387.843
-385.406
-376.055
-376.754
-374.583
-373.391
-373.041
-371.396
-369.48
-371.827
-372.545
-368.919
-369.447
-454.849
-523.607
-573.571
-629.205
-678.812
-715.895
-735.186
-751.867
-769.832
-790.127
-793.093
-800.384
-818.397
-820.105
-819.105
-817.436
-814.145
-810.574
-805.192
-792.465
-774.99
-747.997
-722.544
