17.0911
16.2094
16.8797
16.0286
14.9067
13.2598
13.0169
17.7331
15.5706
16.6788
17.8421
18.4164
14.0854
19.2328
18.1198
17.3855
19.8326
19.1346
22.6603
18.5594
19.1797
21.1795
19.2056
17.7354
17.9902
22.1144
23.4941
23.0328
24.448
23.5025
21.5862
20.0715
21.0062
22.1658
21.8386
19.9034
17.2727
19.2484
13.8098
14.5137
16.2521
14.2928
14.1059
16.5313
17.1601
14.579
17.9585
13.9019
15.7799
12.1941
14.5548
17.8784
15.0928
13.5134
15.8932
14.3324
11.3964
14.6633
14.299
13.5877
11.9176
15.1127
16.8871
12.5966
16.2196
12.3768
17.4981
15.1188
14.3481
17.6752
16.9831
12.4328
14.0714
16.5277
13.8841
18.3481
15.1444
17.3307
18.6438
16.6965
17.5385
16.7288
19.1926
18.8456
17.593
17.322
15.2537
20.7703
18.3421
17.8889
19.2707
21.1499
18.4708
20.1029
19.1094
19.0434
20.8975
15.9606
14.9098
19.0172
15.2385
12.1997
14.8263
14.4196
12.0356
14.1559
13.7207
18.2339
16.5358
17.5362
18.8646
19.0799
19.2731
18.8027
18.0237
16.7872
14.2111
20.7874
17.2066
15.785
19.5093
15.1044
13.3766
15.5899
15.69
16.8063
17.7345
15.9214
17.4883
18.345
16.7697
16.1512
15.5808
15.8715
14.3619
14.337
15.7013
16.0683
16.8195
14.3756
15.5363
16.5274
16.0078
17.0046
16.2101
17.5532
18.2051
18.4246
15.445
18.2016
16.2553
17.3339
17.4622
16.0971
17.4503
14.0733
15.5588
14.648
17.057
14.9418
16.9946
17.8173
18.9766
17.825
17.6778
18.0944
15.839
19.1674
17.1673
19.6315
16.8727
16.2638
18.9589
20.4167
19.6963
18.7677
20.7979
17.6122
17.954
14.422
18.0311
17.9441
16.8516
14.4953
15.5344
15.7584
17.7648
14.0944
17.5888
17.259
17.7114
18.5367
16.8573
19.1227
19.8656
18.6215
18.9351
17.3357
17.838
19.9367
15.9825
13.4979
20.4303
16.1875
12.2369
13.1416
13.9848
14.4586
12.6621
14.8357
16.1888
14.7773
14.2531
13.5034
16.3538
16.7434
19.417
20.2966
18.2002
16.8519
20.4714
19.8331
18.2206
20.4559
17.8811
17.9712
18.4868
17.5416
19.7185
20.3334
20.2947
17.0577
18.6255
18.5365
16.8826
21.0722
18.0771
18.7863
18.0089
21.5408
18.595
18.2591
19.8662
20.0112
22.9483
20.3671
20.4451
19.3632
18.7965
15.639
18.3801
18.0992
17.2385
17.1672
16.7312
17.8275
19.2572
19.8984
17.6787
16.9391
19.6912
18.098
16.7364
21.8872
17.5976
20.174
16.6662
15.0974
19.7231
21.453
20.1734
21.7031
20.4621
19.9764
18.5837
18.3557
18.8177
16.1013
18.7607
16.0492
14.7622
16.7878
16.1482
16.1638
16.3077
15.0354
15.7796
18.9124
15.391
17.5569
15.1653
17.0565
16.2171
16.7224
17.5933
15.79
16.1614
15.9757
15.2991
15.1411
19.1186
16.0791
13.9067
12.8535
14.1698
16.133
13.4848
9.74525
12.3085
12.4225
11.3151
13.3965
13.0537
14.0935
13.1659
14.5958
12.6911
12.7112
15.7264
14.9178
10.4362
12.6
13.3445
12.642
17.1034
15.2828
16.9469
19.2605
16.659
19.2946
20.847
21.5028
20.7681
21.9266
20.9043
20.8013
20.211
18.1158
17.652
18.6477
19.2854
22.2877
22.5679
19.9551
19.2722
25.94
20.7188
20.3562
24.6109
23.641
23.641
20.8173
20.8132
21.3462
21.6841
16.9834
19.8078
18.3742
18.5251
19.2516
17.3149
16.1978
14.6173
16.8832
15.5834
14.8314
16.639
16.168
15.6071
18.8312
14.38
15.8792
15.2621
13.8536
14.1629
14.2946
12.8942
13.8774
14.3892
9.89612
15.9341
13.2172
13.2253
12.8143
15.5305
13.7027
15.2017
16.6546
14.5012
17.2318
18.8545
17.8282
13.2361
18.1924
16.1811
17.7765
16.797
17.7221
19.0329
18.3947
16.4724
16.5804
15.8795
14.2401
16.3702
16.2541
18.0824
18.2636
19.0957
19.6864
15.8171
19.3223
19.8972
15.9122
19.6285
16.1238
17.878
19.6655
17.0727
17.2934
18.3095
18.3934
16.9684
15.2525
16.8158
17.0822
13.8672
12.9357
16.8806
15.2605
16.5128
14.2288
14.2707
19.547
16.3956
15.4557
16.9047
15.6019
19.4076
14.4863
17.9072
18.6051
16.2477
13.6978
13.7657
16.389
16.9549
17.5365
17.2884
17.3108
18.0725
15.9835
14.7268
16.6823
16.0856
15.7842
15.1939
16.4248
14.5612
15.5838
19.1174
15.9998
19.2634
15.3811
17.1694
18.4654
17.4077
19.0757
20.6233
17.7198
18.1392
19.9535
17.2515
17.577
20.0182
18.4472
18.7415
19.445
21.1801
19.669
19.2265
17.4612
17.9922
16.387
17.7605
14.2158
18.5276
15.6946
12.805
17.1081
12.9348
16.0062
16.2019
17.7965
17.0677
18.2782
18.149
17.2399
15.7849
15.5117
15.0087
15.977
17.6626
15.7112
13.3329
14.9819
11.6937
12.348
12.1634
14.5454
12.9509
12.2727
10.7564
14.2082
13.9803
13.1092
17.7059
17.6111
14.3884
18.204
20.0511
16.8253
15.6894
15.0204
14.9181
17.7264
17.1701
18.1067
14.8906
17.2968
14.648
14.8131
17.374
20.5168
20.3415
21.3994
19.488
22.5035
21.0394
20.6214
18.2912
21.2135
18.241
19.4675
19.2347
18.0048
17.4166
18.8214
13.2027
14.27
16.2998
17.1857
17.9571
16.9576
14.7208
16.1982
14.032
16.4268
16.885
18.2994
14.3192
17.3105
16.556
14.4397
15.4759
19.0632
15.4763
16.0705
18.6217
16.8286
17.8658
17.9103
17.5435
19.3178
20.0812
20.5575
20.0861
20.5802
18.7566
20.571
19.2357
19.9903
18.4424
17.6225
15.9838
15.2275
15.6112
17.2558
14.9962
17.7048
16.6452
17.7015
18.8678
17.3044
17.8127
18.6514
14.6459
17.9771
14.4253
17.1173
16.8226
17.9886
16.16
15.5587
16.7188
15.2509
14.2147
16.9089
16.7434
18.0441
18.2862
20.0758
19.9106
19.6123
19.6977
20.0123
21.0486
20.4825
18.7086
17.8926
17.3302
20.7004
18.0869
18.2955
17.3914
17.6523
15.5483
15.9958
17.5374
19.3553
17.5564
17.5406
18.7893
19.1892
19.6055
20.0959
18.0739
16.364
18.935
12.6328
14.1649
14.6544
14.7233
15.0643
11.2063
11.9971
9.96756
13.8036
10.9123
12.4705
15.4203
13.1815
17.6537
13.6004
17.5199
17.2029
18.1394
16.9951
16.0901
14.8164
15.7357
17.6716
15.5905
18.1514
17.8599
19.2271
17.8384
16.5568
16.7341
16.889
18.4838
16.8757
16.3658
15.3983
16.3121
14.9639
13.1083
19.316
18.0046
16.0248
17.5569
16.73
17.2282
20.1891
17.4997
17.5416
17.8073
16.8207
17.0771
19.7043
19.5448
17.9328
17.5142
17.8553
17.6261
19.7928
16.8729
17.3975
15.703
14.9676
14.5707
15.3244
15.4473
14.9797
16.7611
17.4932
15.7404
17.7534
15.9338
14.6967
18.9419
18.4817
13.8906
16.0116
11.2283
12.5905
14.3502
14.4558
12.8997
16.078
11.7478
11.4387
16.6936
12.9841
12.9764
14.7472
14.9859
14.3135
15.8009
16.2792
14.5019
15.0655
13.1362
15.8631
16.3471
17.1268
16.1295
16.644
15.1435
14.7243
16.105
15.798
17.1779
19.2118
20.6252
17.6768
19.8484
17.5708
19.8186
18.0722
20.3223
22.4567
22.8375
23.6207
20.6203
19.5457
21.787
21.2446
20.7036
21.0654
19.7524
19.9492
19.2028
18.4116
19.5054
20.7585
18.1411
16.149
20.042
15.9973
18.3955
18.2001
19.0856
15.8224
18.0216
17.4471
17.8207
18.9666
16.5611
17.031
18.5086
15.6627
11.8734
16.8726
17.2828
13.5581
15.7541
13.9462
15.6639
15.6693
17.3899
15.6882
19.3815
18.5141
18.7529
17.5596
15.8727
16.1126
18.913
12.8316
15.4478
15.0154
12.7079
9.48342
13.9936
10.7455
10.9676
12.6806
10.6596
13.104
12.031
14.5444
16.0841
14.1512
14.1287
13.6082
18.2489
18.2951
18.9498
19.1597
19.0242
20.8989
17.8096
18.6049
20.2116
23.7338
20.1526
20.1383
20.4114
18.568
18.9904
17.5759
20.7191
21.946
21.6559
19.4809
18.6793
18.3452
18.4139
20.5223
17.6976
19.7038
21.2855
18.4019
19.6823
18.8325
19.0664
14.8273
15.8757
17.3005
15.8222
21.1848
18.5497
18.8575
19.6129
18.1002
18.6052
22.2848
20.9158
20.5069
22.627
20.7949
20.6469
19.356
20.0461
16.0995
16.956
17.285
19.3727
16.7767
16.3809
15.8106
18.6029
17.7096
18.6954
20.0208
18.1155
19.0658
19.1434
16.3075
15.2105
17.7664
13.7293
9.55403
12.9373
12.2759
13.7652
13.6372
14.1121
15.8042
14.9192
14.897
13.1026
12.8483
16.5664
13.5953
15.969
14.6567
15.8117
14.4593
12.0322
12.4938
13.6651
13.3839
15.725
15.2808
14.3856
14.5185
15.9896
15.6095
16.0514
14.3858
17.9351
17.7861
14.9659
16.0451
20.3686
19.5151
16.369
19.7803
19.361
19.4611
18.6866
15.9668
17.6563
19.2352
18.684
18.3648
20.0659
19.6465
19.2287
20.4058
15.0155
16.7272
14.1783
14.1317
13.7939
15.4363
13.8484
13.9273
14.3722
9.79529
13.0657
14.811
10.0489
13.2732
17.0042
15.13
14.5895
18.4461
14.2608
14.4367
19.0194
16.5721
15.5853
19.4894
16.1106
17.3653
17.7895
15.773
18.6242
21.2481
16.2453
16.0605
21.5673
19.113
18.6074
17.1944
17.46
18.4589
19.9352
16.2767
17.9587
23.42
15.8882
18.7754
22.521
21.265
20.2763
19.4847
18.8984
18.6662
21.6152
17.9795
18.6369
21.6988
16.2305
16.7442
19.4368
15.2475
18.4158
22.3802
18.8098
19.2938
22.618
18.364
17.9693
18.3965
17.3639
18.5075
20.9359
19.795
20.1302
21.8308
17.1804
16.6945
18.5682
16.2376
16.7908
17.513
15.4184
16.4285
20.0046
14.0883
17.2018
17.429
16.2501
18.8661
19.1341
20.5321
19.5951
21.1502
17.0319
16.988
19.8502
14.8056
20.4608
14.4559
13.3326
13.7411
14.7557
11.2085
10.7318
16.5364
15.1008
13.311
15.4436
16.9489
14.278
16.4582
14.4633
15.3113
18.4572
12.848
18.5734
16.9581
16.7934
18.2294
17.2136
15.537
15.9109
18.8557
17.4271
18.2241
21.0025
17.9799
19.6856
18.8196
18.8455
17.8397
18.7826
15.0689
16.4067
17.7107
15.9141
14.5054
14.1405
12.7067
11.8118
11.5793
11.3927
11.7106
14.1157
8.24102
14.0125
14.68
12.8891
15.1564
13.8146
14.1228
15.8564
17.4483
17.8845
16.2392
17.6311
15.9542
16.0172
15.3741
15.4855
19.1145
20.5798
18.9013
20.5663
22.5374
20.2326
20.1583
18.6625
20.2523
24.0382
22.4619
23.3401
24.1401
22.4577
18.0561
20.8033
20.0821
18.5885
20.6176
21.2422
18.0891
20.1368
19.4424
16.0235
19.0266
11.5876
13.9023
16.2563
16.6779
14.6747
17.1609
13.9942
10.7373
13.0079
12.6303
11.9375
14.1145
15.322
14.0639
17.5859
17.4065
16.8591
21.4401
16.8303
17.4525
18.3114
17.7926
17.2316
18.3107
16.4086
15.5313
14.7606
14.5521
13.7936
17.7581
13.4119
17.7093
18.8441
15.5906
15.1131
20.1033
17.2961
16.9121
18.6793
18.1915
18.3854
17.1534
18.7442
19.0455
19.4323
18.6924
17.6507
22.0765
16.7537
19.9274
21.5555
15.6872
17.6662
21.217
18.3508
18.6741
16.3263
15.1833
19.6578
11.4336
12.344
16.5521
16.6031
16.6051
14.0846
17.3146
14.5783
18.1946
16.888
20.2655
24.8386
22.2909
22.0287
20.8794
20.2112
20.5834
18.1955
18.8282
19.9593
20.6154
19.871
17.258
18.0435
18.5111
17.0278
17.8894
16.7633
16.5989
19.1006
14.0791
14.7805
15.0953
12.3344
11.9976
12.2387
15.0789
15.2944
15.5062
12.8839
15.0299
14.1503
13.4599
15.1698
15.0259
17.5037
15.685
18.3186
15.5617
15.7662
16.8706
18.5423
15.1095
15.4992
17.0246
15.1165
15.4302
13.9395
15.884
17.4027
17.4052
16.213
17.6728
18.2898
17.7213
18.1968
21.0511
21.526
22.5994
21.794
18.7757
20.6305
21.9048
21.7367
20.4415
23.5342
18.6543
24.9845
20.9189
18.7944
18.7954
15.5046
17.6959
16.7691
14.4675
16.7786
18.8396
16.5921
14.4959
18.7055
17.2603
15.279
15.127
16.159
13.2333
15.6101
16.5445
15.1309
16.0676
14.5824
14.6615
15.3898
15.527
16.3871
17.8949
14.3136
15.2035
17.2177
15.0123
15.6567
15.8999
15.6021
13.3603
15.5176
14.2475
15.97
16.6327
18.1079
17.3956
16.0801
17.7746
15.8165
15.6891
11.471
13.7411
14.4242
16.7206
14.8864
15.7296
18.1748
17.6299
16.9614
17.8709
16.2602
18.0997
15.737
15.2768
16.2425
17.333
16.3736
16.5872
15.8001
15.6765
17.2228
17.8936
18.3795
19.8042
16.8569
18.5841
17.0771
19.0664
17.9986
21.2882
22.9936
17.7132
17.9054
20.7204
18.1349
16.4536
19.0015
19.8237
17.0514
18.2507
17.3727
17.5981
14.0147
16.7365
15.7544
12.443
15.1244
17.7591
16.0433
13.6399
14.9048
15.8799
14.1915
15.3172
18.6898
15.7217
14.9826
17.9262
18.1548
18.1515
16.4406
17.3608
17.0785
16.3497
14.7686
17.4654
14.905
13.2471
14.4447
13.0228
15.3476
17.9001
15.3727
15.4894
16.6928
13.0461
13.8083
11.9999
15.2106
14.4616
16.4874
17.0111
18.0872
17.0296
15.2129
15.7506
15.8642
15.8312
14.4196
17.3499
14.6711
17.3865
16.0944
14.9438
17.5017
20.4756
18.5032
19.6201
19.3441
20.2415
19.5969
19.0012
20.4206
19.4456
19.7109
17.2195
16.588
17.0762
15.8016
15.6171
15.3771
15.3775
17.1441
17.2706
14.8006
16.4486
18.0871
18.1485
14.169
17.6443
15.1211
13.5951
16.2121
12.137
13.4203
13.7347
9.43501
15.2545
12.7688
11.9646
14.3858
14.0557
15.5747
16.3912
18.9269
19.1696
17.7575
19.4223
17.334
15.8894
16.5318
17.4454
17.0458
19.1918
18.2437
20.9715
18.7566
18.25
17.073
18.1847
17.8041
16.742
21.0356
17.1
19.1377
17.4351
13.6406
16.652
18.6817
20.3928
18.293
19.5599
19.6832
16.5755
19.6931
19.5317
18.3639
20.6116
18.9263
18.3623
19.6311
17.0249
18.5152
20.2736
17.9573
18.2956
22.2932
19.6805
22.2039
18.0648
19.619
19.9785
20.04
16.7563
18.8465
20.4682
15.3128
19.1319
18.7329
17.9215
19.8261
17.8698
16.849
16.7465
18.0386
16.6944
16.1256
18.2983
16.4782
19.8597
19.6296
19.2517
20.5119
15.0222
13.657
15.3066
17.4541
14.0566
17.2363
13.6795
16.9475
15.881
13.6331
16.0351
16.6384
17.6163
15.3243
20.0689
20.6417
19.9085
18.4835
16.8344
18.5279
18.483
20.7553
21.6317
19.5001
19.5876
14.5657
17.714
15.0869
18.6406
19.1225
17.5345
19.5082
17.9432
16.1974
15.2233
15.4242
10.9421
15.9429
16.1425
18.3038
19.0745
16.0588
13.5832
13.8934
14.5612
16.6397
16.5832
17.488
16.9403
17.3109
14.6163
15.1601
17.3179
15.0199
15.6433
17.6014
19.3633
20.3648
20.5378
19.488
17.8604
17.1686
16.3771
18.9646
18.628
16.821
16.6013
15.3098
11.908
13.851
13.6803
14.5738
17.4382
19.417
17.0178
15.9616
16.33
13.7236
12.6366
13.7546
13.1594
15.4383
13.7378
11.5995
16.5987
16.9481
14.6639
15.1853
17.1024
14.4231
16.8775
16.4681
17.5523
17.5352
17.7954
14.3061
17.5277
17.8043
14.8959
16.15
18.1801
14.7415
18.6616
17.1994
14.0328
18.6057
17.9864
17.7499
19.9026
17.4291
16.6629
18.2521
19.619
20.5678
21.8886
20.4422
16.705
16.6153
17.6796
17.2669
19.5233
18.7631
13.3936
17.3414
15.7917
18.0102
17.4823
19.2982
19.5266
20.5764
17.2822
16.0201
19.8054
18.2714
12.9694
14.0096
13.5343
17.8705
15.4505
15.1763
17.8435
18.5321
18.7502
16.5813
19.3859
19.2846
18.2035
16.2755
11.4112
14.004
12.2785
13.8413
7.93155
13.0014
12.5837
12.8086
13.3144
13.835
18.5436
17.3383
18.6352
18.0129
20.678
22.2134
17.2589
19.3736
18.5923
20.0312
21.6232
18.2427
17.0144
16.2406
15.0953
16.0261
16.9251
15.7668
15.3288
17.0245
15.0328
14.6181
19.0679
19.0764
16.9635
17.15
17.8981
21.2673
18.3063
18.4595
18.682
18.196
17.0503
13.9221
15.5569
15.8389
14.6807
16.1615
16.3348
15.9093
18.2099
19.5328
17.4863
21.5272
21.237
23.5027
22.3739
22.2811
21.5074
19.7617
19.8544
15.2858
20.0802
20.5736
14.1292
20.0176
18.4938
18.0609
18.4988
19.0365
19.9961
17.6711
18.1824
17.0267
20.6269
17.9604
16.982
17.7181
17.5157
16.1271
18.2196
18.1708
21.2613
18.9893
17.0107
18.2618
16.9579
16.4878
16.6999
18.2614
18.2246
16.0746
13.1739
14.3759
12.4111
14.7323
10.8525
11.0321
13.2649
14.4794
12.9966
12.4929
13.0972
12.4591
13.7999
14.9847
13.714
18.2803
17.8586
17.84
17.1677
21.2286
18.2863
20.9324
18.0176
18.986
19.72
18.2478
15.8352
16.5019
14.8136
13.3283
13.9295
14.3804
14.4513
18.3501
19.4467
18.3017
17.6021
19.5659
21.1785
22.4103
18.5732
20.0808
19.5817
18.4745
16.9317
16.7722
16.6363
17.328
17.0441
16.8929
16.7931
18.9062
17.5959
16.3231
21.2651
21.1966
17.5662
19.26
19.8024
14.0734
14.5375
17.2446
15.6894
16.1696
15.8278
15.4092
17.3928
14.2748
14.5453
15.4147
17.3636
18.2507
16.2285
20.318
18.8024
22.0958
17.9313
16.6358
16.3959
17.3381
16.3021
17.7385
16.5772
16.7103
15.8866
13.8531
15.297
16.1205
16.886
16.6359
15.5472
19.44
14.7554
15.5079
14.0058
11.7387
12.9445
13.1808
12.756
15.1989
14.4744
14.8946
16.1864
17.403
14.2568
19.1755
18.3598
17.4419
14.6834
20.1736
18.4436
19.6553
19.0951
14.8716
15.9215
20.08
17.0682
16.9301
19.6204
15.2366
14.0859
16.9313
14.2399
21.0423
16.9127
16.7114
16.9131
19.0896
16.6252
19.3641
17.482
18.8762
16.881
17.5845
16.9873
15.2262
17.5942
16.2581
15.7904
18.4155
15.3643
18.4321
18.3373
16.4577
17.7656
15.4073
12.1667
17.3052
16.6352
15.9043
17.1867
18.6611
18.4294
17.7035
18.0766
18.5364
17.0655
19.2292
17.2992
16.9902
16.3623
17.1762
12.8468
16.4037
14.5021
15.5935
18.7397
16.1905
17.077
16.743
18.9983
19.1441
15.8491
18.4559
17.2823
14.1466
15.632
16.4976
14.7022
18.5279
10.9824
14.9212
13.2086
16.2698
16.7966
17.4363
15.2322
18.3438
19.1276
18.0646
22.3353
21.3295
20.9307
18.0737
18.9084
19.2924
21.4604
20.8849
18.1184
20.2874
21.6979
16.9482
20.2183
16.5495
19.0502
17.7932
18.5171
15.3785
17.9332
16.4371
12.8235
15.7597
14.1874
11.7949
17.1353
15.3136
10.6815
15.5891
14.3416
12.0792
12.7804
13.5033
15.3029
16.4247
16.7762
13.3789
16.6212
16.0449
12.3617
14.5614
14.0361
13.2903
17.1464
13.7076
10.9354
16.6621
17.5287
11.7436
16.9787
17.7744
16.5946
17.9902
15.8415
13.0711
18.8409
17.196
11.5034
16.1006
16.3583
14.3659
17.8602
17.1932
16.4986
17.4548
17.3023
16.8136
21.1283
20.4787
18.8707
21.4114
16.9826
12.7941
20.1934
20.1644
15.5797
20.7486
20.4416
19.5682
22.4291
18.8869
19.1998
18.8569
19.3499
19.6003
19.7346
23.0087
19.2072
22.3648
19.0822
17.5928
21.2503
20.8211
18.0145
20.4155
21.4302
19.4039
21.3321
15.9981
15.7311
17.5001
15.0652
13.4272
16.1
14.6123
15.0428
14.4869
11.4706
11.2901
14.1168
11.994
15.8608
13.8082
15.2472
17.5355
16.5172
16.417
14.3327
16.8871
15.0803
14.0289
16.1988
16.4653
15.616
12.5779
13.9745
14.1005
15.4473
13.3077
17.2329
15.8958
16.7119
16.2558
15.7316
17.7555
14.3108
14.4361
15.8689
15.4045
16.9883
18.0553
20.1329
18.0013
17.2274
19.5661
18.0117
18.5858
21.8178
22.3047
22.1079
23.9781
22.008
22.4519
23.3952
23.0848
21.6233
24.9078
23.43
22.8353
23.8299
22.1811
21.1467
19.5592
18.0835
16.387
18.121
18.5483
22.1728
21.7927
22.2571
22.1603
20.3521
17.2951
17.7753
22.4892
18.0704
21.6702
19.4256
19.0879
15.8239
16.2598
14.422
14.6484
15.4026
15.742
14.2883
16.0233
15.3567
14.895
14.4243
15.6137
12.7697
13.5816
15.3613
15.0011
14.4661
10.9341
12.017
13.4273
8.33855
11.3616
12.4591
13.254
12.527
14.3481
10.9041
14.1824
12.8248
13.0839
16.3112
18.133
15.3674
17.1182
16.0313
15.0152
14.5374
15.8711
15.4427
16.3309
18.3216
18.1363
19.2413
17.6272
18.9686
18.4727
20.1755
17.742
17.5083
18.713
15.1362
17.3256
17.7071
15.1468
18.9265
16.0367
15.3039
14.8273
14.8983
14.7498
17.4921
13.0542
14.7221
13.9988
16.495
11.8727
13.2322
18.6901
17.9732
17.2854
17.3103
19.1485
15.8705
15.7028
16.1556
17.432
16.1014
13.8131
16.3497
15.0665
17.1997
15.6831
18.023
16.1711
16.7747
13.4866
16.9514
17.7886
15.0823
16.68
16.3242
16.0719
17.2051
18.4633
18.6732
20.5272
21.1403
21.3655
18.709
18.6593
20.2734
18.162
21.5044
19.8188
22.2278
18.4023
15.6036
16.8646
17.1688
16.6809
19.4207
16.7195
13.9999
16.2516
15.6836
15.1621
19.5512
15.8914
17.5661
17.9705
14.5494
14.2426
15.0476
16.6585
15.4472
14.2903
13.5013
15.0623
15.1765
12.4642
15.6095
17.2041
17.389
15.5272
18.2254
17.8671
18.2472
16.4249
14.0879
14.4112
15.8986
12.2191
14.385
18.9143
14.7273
17.7593
15.3685
13.7594
18.9066
18.3427
17.7563
21.5603
19.6839
18.667
16.9144
17.4147
18.3899
18.1321
18.9873
17.055
19.6749
20.1475
18.4779
22.1874
22.0052
20.9426
18.3994
21.8269
19.3328
23.9197
21.3002
20.414
21.2977
21.306
20.8505
23.5561
23.9347
20.0951
23.9269
20.8923
19.4719
18.6447
17.1112
18.5041
16.1186
16.3419
15.9732
15.549
13.8856
14.7642
12.6058
17.3248
12.3366
15.197
10.3729
13.3857
14.9446
16.5541
15.1617
15.3269
15.9411
14.2466
15.2576
16.3315
20.7366
16.756
18.6236
16.4627
16.7472
18.3706
15.838
16.6401
14.9833
18.7281
14.8625
18.194
19.3652
20.2723
17.6068
19.2673
19.8256
19.5981
21.2188
19.7433
21.0286
17.6644
16.247
14.6409
15.0635
15.0859
17.6931
18.7604
18.2674
16.7837
21.1113
16.8343
15.8816
17.24
15.8659
18.5748
18.0438
17.1769
15.8983
14.6394
13.6516
13.1084
16.0387
13.6009
17.3791
18.316
17.2695
17.5838
19.3337
18.3094
15.9936
18.1933
16.793
18.5731
19.9531
15.0243
17.2307
16.4652
15.8114
15.2312
17.1815
16.7056
12.7941
18.4993
15.0415
18.2898
17.5547
18.2982
17.3631
20.1125
18.7067
17.4949
20.2206
14.8972
15.3228
18.9717
15.7329
18.5519
15.4481
17.0168
16.1099
18.3405
14.8066
17.0358
18.2612
16.9048
17.7897
19.8968
17.2426
17.1417
18.218
15.1899
12.7525
19.0135
14.6143
13.8777
18.7851
14.0134
14.043
17.1158
15.9981
17.1769
19.5825
16.7872
18.4686
19.1835
15.8951
16.9704
15.8455
14.3736
12.153
15.5776
13.7993
13.9207
17.2427
13.2488
14.6243
16.6173
12.1021
14.0321
15.356
17.0862
14.9139
17.0987
14.9401
16.1601
17.8029
16.1557
18.3158
16.4259
15.3816
16.6519
18.4266
17.9942
17.8984
18.5781
18.3988
15.6947
16.1683
17.5532
16.9925
18.5885
14.438
15.2401
17.0981
15.5805
15.6905
16.0205
17.7175
16.6903
15.308
18.4225
17.7486
17.1062
18.4502
14.8501
18.6646
19.623
19.0489
23.3118
20.7048
20.8711
20.6968
19.4044
23.0199
18.7304
21.157
18.0128
18.5725
20.9073
19.8627
21.0528
20.8339
20.4269
16.4558
20.1297
17.4979
21.5389
19.245
16.3904
20.3105
17.9106
19.9151
19.2579
18.3752
17.5393
14.9548
17.247
14.977
19.8501
17.5619
18.4739
15.4828
18.1096
15.942
16.3706
19.5166
18.2469
18.7435
14.6371
16.7792
17.3986
15.3713
15.1878
15.2349
15.5026
15.507
17.8959
13.8923
19.5482
17.4556
13.0771
18.1204
16.4315
13.6577
15.504
16.0111
15.8209
14.5551
15.3854
13.8506
14.4463
14.377
17.9718
18.3477
20.6167
18.8809
18.4435
17.5205
13.7464
19.2984
16.761
15.9313
16.0102
15.966
16.0291
16.7764
17.2728
17.1784
16.7019
16.0068
13.8259
16.7231
17.0305
17.7457
14.6573
17.4686
15.9682
18.811
15.0534
18.1896
17.1568
16.647
20.9565
14.7797
14.8405
13.8609
15.8144
14.0503
12.6379
15.02
14.1604
13.4029
13.3636
13.9307
18.1206
14.2816
13.081
15.893
15.0461
15.1958
17.8753
16.8589
16.2154
17.7447
15.2726
16.7488
17.6931
17.3077
19.4497
17.749
18.0264
14.9208
17.7547
14.5063
14.0501
16.32
15.0851
16.2482
14.5082
12.5061
15.7795
14.5044
15.4978
16.02
19.47
18.9013
16.1733
18.5459
18.0727
17.3466
18.3623
15.2141
15.6414
18.2198
14.229
14.5188
14.2045
12.4396
14.727
13.7292
16.6134
17.1378
19.9367
17.9681
18.351
18.1916
16.9477
19.7895
16.2279
15.2104
18.7737
16.0496
16.5933
17.4024
17.2616
15.3409
16.781
18.52
18.947
18.7768
21.4975
19.2969
18.937
19.9304
17.9115
22.6392
20.5309
18.9514
23.3509
21.5003
19.3212
20.2187
18.6845
18.562
16.384
17.8332
16.7251
16.8214
15.9324
14.4525
19.3438
19.237
14.6072
14.4936
20.0713
18.5066
20.243
23.0775
21.8139
24.1477
20.3141
18.7192
20.3478
19.3918
17.8133
19.6361
17.516
13.7571
15.3545
16.2777
9.95883
13.7915
16.3342
13.2868
17.2771
17.8157
17.3385
20.642
18.6063
14.6466
17.4186
15.3033
14.2431
16.4786
14.5175
13.6859
15.4226
12.108
10.2721
12.309
13.3165
15.4274
14.4534
14.9049
14.0815
15.9414
14.7731
14.1284
16.2694
15.6186
14.8713
18.798
18.9887
17.0263
20.9941
18.598
17.2663
19.6213
19.1057
18.0901
16.685
17.5344
17.2482
19.3328
17.0941
15.3303
16.2247
16.0468
17.722
19.3916
19.8588
20.2752
18.5296
17.3337
14.7811
16.008
14.3366
14.6861
13.0755
13.0273
15.1245
16.193
14.7761
15.7416
16.6018
16.4157
16.083
20.0693
19.1799
17.9519
16.4559
18.466
16.321
17.3656
17.2939
16.4143
17.877
14.3422
16.3243
16.9559
17.5421
16.7604
19.0355
17.626
15.8963
15.0581
18.1087
16.7187
15.6739
18.3107
20.3149
19.6429
16.4896
19.0821
17.3146
16.2801
15.484
14.4
16.4395
16.9139
15.973
15.2887
17.3044
13.9038
16.1973
16.6561
13.7972
19.1878
17.8248
17.483
16.1471
16.5844
16.2816
15.1146
16.1185
17.6821
17.5378
19.0666
14.5586
15.5919
18.2438
16.9125
19.8745
23.126
22.7956
20.2139
21.4652
20.7525
20.3115
20.0708
18.717
21.5139
19.7865
18.1856
18.5843
21.8134
18.9938
15.6676
18.9697
18.0491
14.0601
17.4939
15.146
13.177
15.2222
14.5444
15.8427
18.3253
14.6898
19.7036
19.4435
18.3074
16.8254
19.3342
16.545
18.8942
17.4766
18.8182
17.9753
16.2142
14.5261
12.4942
13.5772
18.6852
15.5532
16.1377
14.3473
15.5851
15.9194
15.3769
16.6998
16.9066
15.7258
18.5078
16.6038
17.7488
20.936
20.285
17.204
17.9492
18.8236
16.5855
17.0954
17.5009
17.8818
15.2651
16.8153
18.4026
17.5013
15.4576
20.0612
17.4968
15.4251
14.9237
18.2313
17.3266
17.7826
17.7674
20.7274
20.1112
21.3792
20.5782
20.8623
22.3938
22.4666
19.9428
21.0542
17.9044
18.7879
16.9574
18.2147
20.5888
20.6466
15.9232
22.0105
16.7443
20.1376
20.3999
17.9011
19.6863
15.8979
15.1197
13.7059
13.8459
16.5054
16.2922
17.8527
13.2146
18.1578
16.3386
20.6821
16.7097
19.6857
19.8346
16.3327
17.1439
17.5093
16.1032
19.3563
16.1751
16.1848
17.6897
14.9519
17.3361
14.9391
10.8899
14.4284
14.0697
12.7126
11.9294
14.4051
14.976
14.2901
9.10145
17.3467
14.0149
13.6433
13.2363
15.9825
16.3898
17.6316
15.3241
17.0309
19.259
16.6483
21.4368
19.9684
22.4334
18.916
15.8639
18.5125
16.6245
17.6488
15.668
13.8246
14.9947
13.5358
13.5824
16.7566
15.5884
15.3249
16.4137
14.8753
13.3827
16.0161
16.7815
15.8154
14.2129
14.0446
14.2975
14.2552
15.2722
16.6539
16.9927
17.3233
15.7344
16.1932
18.6147
14.869
17.2293
16.7417
12.0729
18.037
14.1869
14.6244
16.6001
17.5069
18.7001
17.3307
18.0217
18.2065
21.3235
17.8123
19.8677
19.1221
19.9455
20.4109
18.2646
19.9786
19.1041
23.2043
19.6822
21.075
19.8397
19.496
17.3449
16.9157
19.3114
17.766
20.3649
17.0166
14.6749
17.6888
16.5075
18.683
18.4545
16.7588
16.619
16.1879
15.8504
16.3524
17.2295
16.8898
15.752
16.5077
14.3221
18.1324
17.1115
15.2341
16.8867
18.6231
17.0168
15.3795
14.2778
15.3647
19.1139
15.8303
17.0231
13.7924
16.3663
12.5796
10.7536
14.3466
11.6941
16.5142
13.9094
13.4239
19.5119
17.71
20.4072
19.061
18.8411
20.8586
19.9225
17.7743
16.8342
17.3591
19.2273
16.4621
15.0301
17.8981
18.8705
19.0178
17.4616
20.4661
22.2494
22.3437
19.4182
20.7644
18.7519
20.9712
21.7901
18.547
16.5593
17.0246
18.302
15.1019
18.0049
15.7236
20.2833
16.8179
12.5599
16.142
14.4211
17.1963
14.7287
14.8363
17.6689
14.7934
15.8642
16.0687
16.7012
16.2892
14.9703
13.6284
14.6796
14.3633
15.6923
14.9
11.4497
17.5701
14.9578
14.9802
18.624
16.9004
20.5838
15.9783
18.8842
16.4944
17.4521
19.7197
14.8171
17.6559
17.5588
16.3364
14.2398
18.0064
15.9241
17.0705
16.0086
17.8052
19.0495
16.8951
15.2616
16.7164
16.1688
16.2363
18.2817
16.8141
14.1582
15.832
16.3637
17.8067
17.7067
17.9698
16.2548
13.4352
17.5036
13.7157
13.1771
16.6899
11.6292
16.1445
12.2816
15.3128
18.4447
15.0965
15.7227
13.8694
14.741
14.5589
15.367
16.0277
15.1506
14.9425
15.8354
13.6148
17.0355
16.6896
18.5131
17.8942
18.9214
20.1163
19.6873
17.7771
16.2311
19.0963
19.0917
20.9342
21.1723
18.8583
18.8752
19.0645
17.5405
19.0712
18.5401
18.3202
20.5693
16.1836
19.5367
21.175
19.8231
18.4905
19.1404
20.2642
17.8956
18.4326
18.8858
16.7091
16.8438
19.431
16.3865
15.374
18.1665
13.5834
17.1361
15.4269
11.6654
16.5333
13.379
12.5948
16.6276
14.3432
16.7374
18.4116
16.2388
16.4538
20.9981
20.7373
19.9595
21.9184
21.9107
18.1569
18.1776
16.7818
19.5856
22.5671
20.7231
20.0583
17.9564
18.3102
19.0019
19.5764
18.7602
17.9184
20.3866
18.5062
16.8876
20.8722
17.8931
16.395
18.2092
19.5927
17.9121
19.9936
19.9801
15.8039
14.8027
14.5838
14.9303
12.3648
14.7641
13.2761
15.1007
14.4664
13.9817
16.5167
14.0978
14.0947
13.3824
9.99503
11.5206
13.3361
13.9109
11.7762
13.3961
13.6686
14.163
16.2208
18.8451
15.5152
18.6505
22.3544
18.1937
21.4771
20.1521
18.934
18.222
17.3697
19.2945
19.7403
19.8335
17.417
18.7839
18.3176
17.5417
16.4405
15.727
15.166
14.7947
16.0368
16.9467
19.1451
21.7281
16.1687
19.2435
19.7496
21.6824
22.3993
21.8781
23.4446
20.6287
20.4344
17.8821
20.4005
23.091
16.7915
18.0692
17.3048
19.3241
14.683
15.2538
12.5171
12.9875
15.284
14.5551
14.2853
14.6175
14.7651
13.8894
16.2832
15.995
15.4286
18.2904
14.6987
18.3451
17.293
16.3346
18.4298
18.2517
18.9435
18.6361
20.0838
20.2811
18.0185
20.9874
17.8945
17.9068
18.3695
20.1886
15.136
17.6065
17.5636
15.0055
17.4916
17.1504
18.7917
19.4546
18.9908
17.8637
21.5589
17.5842
17.4152
18.4352
13.4283
14.5155
15.0765
13.3552
15.724
17.5581
17.7724
17.9246
16.7054
15.3712
18.1282
19.1564
18.5965
16.806
18.4458
16.5027
15.9791
13.4364
14.8913
19.3793
19.2859
16.4888
19.491
19.8135
18.1029
17.9563
19.9557
16.9154
19.4143
15.8799
14.3497
17.2016
15.1166
16.6721
14.2503
12.0195
14.3832
16.6317
15.6967
15.4283
21.1125
17.604
16.6775
17.5456
19.3979
18.9718
17.8141
17.6665
15.7978
15.4094
12.5994
13.0631
15.3982
9.8304
11.5922
11.4745
12.7343
10.845
13.3951
12.3306
13.8404
17.1744
14.3022
17.9218
20.2499
20.5734
19.5137
21.2094
21.1768
18.7858
21.8959
18.383
23.1075
21.3896
22.0299
20.1115
17.0604
18.3258
18.4133
17.794
15.5374
16.7657
18.0543
14.2507
15.5448
14.9105
13.8252
15.219
15.6307
13.4227
15.462
17.1501
17.0489
17.8884
14.78
13.0332
14.0803
12.9807
12.9888
13.8989
16.947
14.8914
12.8971
14.0661
17.4629
18.0065
15.7416
16.2183
17.6227
14.9692
17.6577
13.6935
15.2946
15.2419
13.1608
14.5138
11.2544
13.8199
15.5859
13.9087
19.1486
16.9338
17.7665
16.1583
17.5108
14.0224
17.4282
14.277
16.1848
17.7058
19.2002
23.3536
20.6026
21.4283
22.1415
21.0045
20.4634
18.9205
22.1421
21.6601
19.4603
21.229
22.1939
19.2251
18.3126
17.6525
21.4006
22.0531
20.2439
17.886
19.0587
18.9585
19.8643
15.9118
13.1798
15.2443
16.7285
17.7844
17.9227
20.6308
17.5738
20.8653
16.9819
15.4436
20.2307
18.4477
13.5967
14.1167
14.8545
12.6023
13.0074
10.2178
11.2881
13.2517
13.9031
12.4082
13.5409
16.7982
14.1537
16.6441
12.3496
13.6061
14.8957
17.8673
17.4461
18.5639
19.0549
19.2186
19.3006
18.3035
19.2018
23.2767
20.0878
17.9556
22.1539
19.1738
17.2044
19.2884
19.5622
19.0162
21.0498
20.0917
22.0592
22.3225
18.7703
20.7704
18.3909
19.1735
15.3641
15.0416
13.478
13.0018
13.347
14.2467
14.8454
11.7146
11.1418
12.7239
13.7131
13.8558
13.7761
13.9893
12.378
16.1517
12.8584
15.9011
18.0282
15.3075
15.8801
16.0952
20.1512
18.0385
21.5072
21.4756
19.4289
18.6766
18.6879
21.6788
20.248
22.1933
19.416
19.9023
21.0289
23.4245
23.3306
19.81
24.4018
19.0679
20.9913
17.1127
17.052
16.7151
12.5564
14.4302
16.124
14.5359
14.269
13.9578
16.0584
13.7849
16.208
13.1724
15.2618
14.94
14.812
13.9051
13.4302
16.0573
10.8038
12.9454
10.2822
15.8414
12.29
13.3903
14.9462
15.5392
18.496
13.8912
18.7548
15.2737
14.9192
19.2401
15.9629
16.2756
17.6665
16.5087
17.7725
16.0161
17.9668
16.8949
17.1562
15.8919
20.7725
19.9714
21.4083
20.123
19.008
19.4704
19.1737
16.7473
16.4012
19.2
15.7348
12.7037
15.6217
14.4392
14.7003
13.6866
15.2406
16.4189
17.4521
16.7595
15.8111
16.0882
14.7476
16.8781
16.2026
15.3975
15.7045
16.9014
15.8137
17.8902
18.9582
17.1235
18.4126
17.8061
