-262.966
-262.966
-262.966
-262.966
-262.966
-262.966
-262.966
-262.966
-262.966
-262.966
-262.966
-262.966
-262.966
-262.966
-262.966
-262.966
-262.966
-262.966
-262.966
-262.966
-262.966
-262.966
-262.966
-262.966
-262.966
-262.966
-262.966
-262.966
-262.966
-262.966
-262.966
-262.966
-262.966
-262.966
-262.966
-262.966
-262.966
-262.966
-262.966
-262.966
-262.966
-262.966
-262.966
-262.966
-262.966
-262.966
-262.966
-262.966
-262.966
-369.072
-444.936
-496.127
-535.066
-562.568
-582.977
-595.668
-601.22
-607.166
-612.765
-614.508
-616.914
-617.868
-609.729
-603.693
-599.706
-587.674
-573.721
-558.968
-542.647
-524.433
-501.977
-478.477
-446.932
-412.526
-384.375
-362.133
-339.92
-322.567
-306.857
-294.037
-284.616
-272.195
-264.01
-256.22
-249.477
-245.188
-241.038
-236.21
-231.829
-228.031
-225.306
-220.783
-217.833
-215.366
-215.875
-211.504
-209.235
-209.648
-208.293
-206.15
-202.821
-200.616
-201.503
-203.972
-208.293
-214.538
-225.102
-239.97
-262.966
-262.966
-262.966
-262.966
-262.966
-262.966
-262.966
-262.966
-262.966
-262.966
-262.966
-262.966
-262.966
-262.966
-262.966
-262.966
-262.966
-262.966
-262.966
-262.966
-262.966
-262.966
-262.966
-262.966
-262.966
-262.966
-262.966
-262.966
-262.966
-262.966
-262.966
-262.966
-262.966
-262.966
-262.966
-262.966
-262.966
-262.966
-262.966
-262.966
-262.966
-262.966
-262.966
-262.966
-262.966
-262.966
-262.966
-262.966
-262.966
-244.387
-227.687
-214.363
-202.219
-192.144
-183.354
-176.66
-172.512
-167.663
-162.429
-158.722
-154.316
-150.587
-151.928
-151.998
-150.926
-155.17
-161.102
-168.015
-176.555
-187.198
-201.77
-218.074
-242.017
-269.944
-293.817
-313.572
-334.328
-351.409
-367.654
-381.695
-392.809
-407.53
-418.126
-428.712
-438.496
-445.609
-452.579
-460.702
-468.437
-475.69
-481.41
-489.981
-496.393
-502.215
-503.291
-512.468
-518.342
-518.984
-522.947
-528.263
-536.151
-541.677
-539.647
-532.652
-518.734
-495.786
-453.443
-384.842
-262.966
-262.966
-262.966
-262.966
-262.966
-262.966
-262.966
-262.966
-262.966
-262.966
-262.966
-262.966
-262.966
-262.966
-262.966
-262.966
-262.966
-262.966
-262.966
-262.966
-262.966
-262.966
-262.966
-262.966
-262.966
-262.966
-262.966
-262.966
-262.966
-262.966
-262.966
-262.966
-262.966
-262.966
-262.966
-262.966
-262.966
-262.966
-262.966
-262.966
-262.966
-262.966
-262.966
-262.966
-262.966
-262.966
-262.966
-262.966
-262.966
-262.966
-262.966
-262.966
-262.966
-262.966
-262.966
-262.966
-262.966
-262.966
-262.966
-262.966
-262.966
-262.966
-262.966
-262.966
-262.966
-262.966
-262.966
-262.966
-262.966
-262.966
-262.966
-262.966
-262.966
-262.966
-262.966
-262.966
-262.966
-262.966
-262.966
-262.966
-262.966
-262.966
-262.966
-262.966
-262.966
-262.966
-262.966
-262.966
-262.966
-262.966
-262.966
-262.966
-262.966
-262.966
-262.966
-262.966
-262.966
-262.966
-262.966
-262.966
-262.966
-262.966
-262.966
-262.966
-262.966
-262.966
-262.966
-262.966
-262.966
-262.966
-262.966
-262.966
-262.966
-262.966
-262.966
-262.966
-262.966
-262.966
-262.966
-262.966
-262.966
-262.966
-262.966
-262.966
-262.966
-262.966
-262.966
-262.966
-262.966
-262.966
-262.966
-262.966
-262.966
-369.072
-444.936
-496.127
-535.066
-562.568
-582.977
-595.668
-601.22
-607.166
-612.765
-614.508
-616.914
-617.868
-609.729
-603.693
-599.706
-587.674
-573.721
-558.968
-542.647
-524.433
-501.977
-478.477
-446.932
-412.526
-384.375
-362.133
-339.92
-322.567
-306.857
-294.037
-284.616
-272.195
-264.01
-256.22
-249.477
-245.188
-241.038
-236.21
-231.829
-228.031
-225.306
-220.783
-217.833
-215.366
-215.875
-211.504
-209.235
-209.648
-208.293
-206.15
-202.821
-200.616
-201.503
-203.972
-208.293
-214.538
-225.102
-239.97
-262.966
-262.966
-262.966
-262.966
-262.966
-262.966
-262.966
-262.966
-262.966
-262.966
-262.966
-262.966
-262.966
-262.966
-262.966
-262.966
-262.966
-262.966
-262.966
-262.966
-262.966
-262.966
-262.966
-262.966
-262.966
-262.966
-262.966
-262.966
-262.966
-262.966
-262.966
-262.966
-262.966
-262.966
-262.966
-262.966
-262.966
-262.966
-262.966
-262.966
-262.966
-262.966
-262.966
-262.966
-262.966
-262.966
-262.966
-262.966
-262.966
-244.387
-227.687
-214.363
-202.219
-192.144
-183.354
-176.66
-172.512
-167.663
-162.429
-158.722
-154.316
-150.587
-151.928
-151.998
-150.926
-155.17
-161.102
-168.015
-176.555
-187.198
-201.77
-218.074
-242.017
-269.944
-293.817
-313.572
-334.328
-351.409
-367.654
-381.695
-392.809
-407.53
-418.126
-428.712
-438.496
-445.609
-452.579
-460.702
-468.437
-475.69
-481.41
-489.981
-496.393
-502.215
-503.291
-512.468
-518.342
-518.984
-522.947
-528.263
-536.151
-541.677
-539.647
-532.652
-518.734
-495.786
-453.443
-384.842
-262.966
-262.966
-262.966
-262.966
-262.966
-262.966
-262.966
-262.966
-262.966
-262.966
-262.966
-262.966
-262.966
-262.966
-262.966
-262.966
-262.966
-262.966
-262.966
-262.966
-262.966
-262.966
-262.966
-262.966
-262.966
-262.966
-262.966
-262.966
-262.966
-262.966
-262.966
-262.966
-262.966
-262.966
-262.966
-262.966
-262.966
-262.966
-262.966
-262.966
-262.966
-262.966
-262.966
-262.966
-262.966
-262.966
-262.966
-262.966
-262.966
-262.966
-262.966
-262.966
-262.966
-262.966
-262.966
-262.966
-262.966
-262.966
-262.966
-262.966
-262.966
-262.966
-262.966
-262.966
-262.966
-262.966
-262.966
-262.966
-262.966
-262.966
-262.966
-262.966
-262.966
-262.966
-262.966
-262.966
-262.966
-262.966
-262.966
-262.966
-262.966
-262.966
-262.966
-262.966
-262.966
-262.966
-262.966
-262.966
-262.966
-262.966
-262.966
-262.966
-262.966
-262.966
-262.966
-262.966
-262.966
-262.966
-262.966
-262.966
-262.966
-262.966
-262.966
-262.966
-262.966
-262.966
-262.966
-262.966
-262.966
-262.966
-262.966
-262.966
-262.966
-262.966
-262.966
-262.966
-262.966
-262.966
-262.966
-262.966
-262.966
-262.966
-262.966
-262.966
-262.966
-262.966
-262.966
-262.966
-262.966
-262.966
-262.966
-262.966
-262.966
-369.072
-444.936
-496.127
-535.066
-562.568
-582.977
-595.668
-601.22
-607.166
-612.765
-614.508
-616.914
-617.868
-609.729
-603.693
-599.706
-587.674
-573.721
-558.968
-542.647
-524.433
-501.977
-478.477
-446.932
-412.526
-384.375
-362.133
-339.92
-322.567
-306.857
-294.037
-284.616
-272.195
-264.01
-256.22
-249.477
-245.188
-241.038
-236.21
-231.829
-228.031
-225.306
-220.783
-217.833
-215.366
-215.875
-211.504
-209.235
-209.648
-208.293
-206.15
-202.821
-200.616
-201.503
-203.972
-208.293
-214.538
-225.102
-239.97
-262.966
-262.966
-262.966
-262.966
-262.966
-262.966
-262.966
-262.966
-262.966
-262.966
-262.966
-262.966
-262.966
-262.966
-262.966
-262.966
-262.966
-262.966
-262.966
-262.966
-262.966
-262.966
-262.966
-262.966
-262.966
-262.966
-262.966
-262.966
-262.966
-262.966
-262.966
-262.966
-262.966
-262.966
-262.966
-262.966
-262.966
-262.966
-262.966
-262.966
-262.966
-262.966
-262.966
-262.966
-262.966
-262.966
-262.966
-262.966
-262.966
-244.387
-227.687
-214.363
-202.219
-192.144
-183.354
-176.66
-172.512
-167.663
-162.429
-158.722
-154.316
-150.587
-151.928
-151.998
-150.926
-155.17
-161.102
-168.015
-176.555
-187.198
-201.77
-218.074
-242.017
-269.944
-293.817
-313.572
-334.328
-351.409
-367.654
-381.695
-392.809
-407.53
-418.126
-428.712
-438.496
-445.609
-452.579
-460.702
-468.437
-475.69
-481.41
-489.981
-496.393
-502.215
-503.291
-512.468
-518.342
-518.984
-522.947
-528.263
-536.151
-541.677
-539.647
-532.652
-518.734
-495.786
-453.443
-384.842
-262.966
-262.966
-262.966
-262.966
-262.966
-262.966
-262.966
-262.966
-262.966
-262.966
-262.966
-262.966
-262.966
-262.966
-262.966
-262.966
-262.966
-262.966
-262.966
-262.966
-262.966
-262.966
-262.966
-262.966
-262.966
-262.966
-262.966
-262.966
-262.966
-262.966
-262.966
-262.966
-262.966
-262.966
-262.966
-262.966
-262.966
-262.966
-262.966
-262.966
-262.966
-262.966
-262.966
-262.966
-262.966
-262.966
-262.966
-262.966
-262.966
-262.966
-262.966
-262.966
-262.966
-262.966
-262.966
-262.966
-262.966
-262.966
-262.966
-262.966
-262.966
-262.966
-262.966
-262.966
-262.966
-262.966
-262.966
-262.966
-262.966
-262.966
-262.966
-262.966
-262.966
-262.966
-262.966
-262.966
-262.966
-262.966
-262.966
-262.966
-262.966
-262.966
-262.966
-262.966
-262.966
-262.966
-262.966
-262.966
-262.966
-262.966
-262.966
-262.966
-262.966
-262.966
-262.966
-262.966
-262.966
-262.966
-262.966
-262.966
-262.966
-262.966
-262.966
-262.966
-262.966
-262.966
-262.966
-262.966
-262.966
-262.966
-262.966
-262.966
-262.966
-262.966
-262.966
-262.966
-262.966
-262.966
-262.966
-262.966
-262.966
-262.966
-262.966
-262.966
-262.966
-262.966
-262.966
-262.966
-262.966
-262.966
-262.966
-262.966
-262.966
-369.072
-444.936
-496.127
-535.066
-562.568
-582.977
-595.668
-601.22
-607.166
-612.765
-614.508
-616.914
-617.868
-609.729
-603.693
-599.706
-587.674
-573.721
-558.968
-542.647
-524.433
-501.977
-478.477
-446.932
-412.526
-384.375
-362.133
-339.92
-322.567
-306.857
-294.037
-284.616
-272.195
-264.01
-256.22
-249.477
-245.188
-241.038
-236.21
-231.829
-228.031
-225.306
-220.783
-217.833
-215.366
-215.875
-211.504
-209.235
-209.648
-208.293
-206.15
-202.821
-200.616
-201.503
-203.972
-208.293
-214.538
-225.102
-239.97
-262.966
-262.966
-262.966
-262.966
-262.966
-262.966
-262.966
-262.966
-262.966
-262.966
-262.966
-262.966
-262.966
-262.966
-262.966
-262.966
-262.966
-262.966
-262.966
-262.966
-262.966
-262.966
-262.966
-262.966
-262.966
-262.966
-262.966
-262.966
-262.966
-262.966
-262.966
-262.966
-262.966
-262.966
-262.966
-262.966
-262.966
-262.966
-262.966
-262.966
-262.966
-262.966
-262.966
-262.966
-262.966
-262.966
-262.966
-262.966
-262.966
-244.387
-227.687
-214.363
-202.219
-192.144
-183.354
-176.66
-172.512
-167.663
-162.429
-158.722
-154.316
-150.587
-151.928
-151.998
-150.926
-155.17
-161.102
-168.015
-176.555
-187.198
-201.77
-218.074
-242.017
-269.944
-293.817
-313.572
-334.328
-351.409
-367.654
-381.695
-392.809
-407.53
-418.126
-428.712
-438.496
-445.609
-452.579
-460.702
-468.437
-475.69
-481.41
-489.981
-496.393
-502.215
-503.291
-512.468
-518.342
-518.984
-522.947
-528.263
-536.151
-541.677
-539.647
-532.652
-518.734
-495.786
-453.443
-384.842
-262.966
-262.966
-262.966
-262.966
-262.966
-262.966
-262.966
-262.966
-262.966
-262.966
-262.966
-262.966
-262.966
-262.966
-262.966
-262.966
-262.966
-262.966
-262.966
-262.966
-262.966
-262.966
-262.966
-262.966
-262.966
-262.966
-262.966
-262.966
-262.966
-262.966
-262.966
-262.966
-262.966
-262.966
-262.966
-262.966
-262.966
-262.966
-262.966
-262.966
-262.966
-262.966
-262.966
-262.966
-262.966
-262.966
-262.966
-262.966
-262.966
-262.966
-262.966
-262.966
-262.966
-262.966
-262.966
-262.966
-262.966
-262.966
-262.966
-262.966
-262.966
-262.966
-262.966
-262.966
-262.966
-262.966
-262.966
-262.966
-262.966
-262.966
-262.966
-262.966
-262.966
-262.966
-262.966
-262.966
-262.966
-262.966
-262.966
-262.966
-262.966
-262.966
-262.966
-262.966
-262.966
-262.966
-262.966
-262.966
-262.966
-262.966
-262.966
-262.966
-262.966
-262.966
-262.966
-262.966
-262.966
-262.966
-262.966
-262.966
-262.966
-262.966
-262.966
-262.966
-262.966
-262.966
-262.966
-262.966
-262.966
-262.966
-262.966
-262.966
-262.966
-262.966
-262.966
-262.966
-262.966
-262.966
-262.966
-262.966
-262.966
-262.966
-262.966
-262.966
-262.966
-262.966
-262.966
-262.966
-262.966
-262.966
-262.966
-262.966
-262.966
-369.072
-444.936
-496.127
-535.066
-562.568
-582.977
-595.668
-601.22
-607.166
-612.765
-614.508
-616.914
-617.868
-609.729
-603.693
-599.706
-587.674
-573.721
-558.968
-542.647
-524.433
-501.977
-478.477
-446.932
-412.526
-384.375
-362.133
-339.92
-322.567
-306.857
-294.037
-284.616
-272.195
-264.01
-256.22
-249.477
-245.188
-241.038
-236.21
-231.829
-228.031
-225.306
-220.783
-217.833
-215.366
-215.875
-211.504
-209.235
-209.648
-208.293
-206.15
-202.821
-200.616
-201.503
-203.972
-208.293
-214.538
-225.102
-239.97
-262.966
-262.966
-262.966
-262.966
-262.966
-262.966
-262.966
-262.966
-262.966
-262.966
-262.966
-262.966
-262.966
-262.966
-262.966
-262.966
-262.966
-262.966
-262.966
-262.966
-262.966
-262.966
-262.966
-262.966
-262.966
-262.966
-262.966
-262.966
-262.966
-262.966
-262.966
-262.966
-262.966
-262.966
-262.966
-262.966
-262.966
-262.966
-262.966
-262.966
-262.966
-262.966
-262.966
-262.966
-262.966
-262.966
-262.966
-262.966
-262.966
-244.387
-227.687
-214.363
-202.219
-192.144
-183.354
-176.66
-172.512
-167.663
-162.429
-158.722
-154.316
-150.587
-151.928
-151.998
-150.926
-155.17
-161.102
-168.015
-176.555
-187.198
-201.77
-218.074
-242.017
-269.944
-293.817
-313.572
-334.328
-351.409
-367.654
-381.695
-392.809
-407.53
-418.126
-428.712
-438.496
-445.609
-452.579
-460.702
-468.437
-475.69
-481.41
-489.981
-496.393
-502.215
-503.291
-512.468
-518.342
-518.984
-522.947
-528.263
-536.151
-541.677
-539.647
-532.652
-518.734
-495.786
-453.443
-384.842
-262.966
-262.966
-262.966
-262.966
-262.966
-262.966
-262.966
-262.966
-262.966
-262.966
-262.966
-262.966
-262.966
-262.966
-262.966
-262.966
-262.966
-262.966
-262.966
-262.966
-262.966
-262.966
-262.966
-262.966
-262.966
-262.966
-262.966
-262.966
-262.966
-262.966
-262.966
-262.966
-262.966
-262.966
-262.966
-262.966
-262.966
-262.966
-262.966
-262.966
-262.966
-262.966
-262.966
-262.966
-262.966
-262.966
-262.966
-262.966
-262.966
-262.966
-262.966
-262.966
-262.966
-262.966
-262.966
-262.966
-262.966
-262.966
-262.966
-262.966
-262.966
-262.966
-262.966
-262.966
-262.966
-262.966
-262.966
-262.966
-262.966
-262.966
-262.966
-262.966
-262.966
-262.966
-262.966
-262.966
-262.966
-262.966
-262.966
-262.966
-262.966
-262.966
-262.966
-262.966
-262.966
-262.966
-262.966
-262.966
-262.966
-262.966
-262.966
-262.966
-262.966
-262.966
-262.966
-262.966
-262.966
-262.966
-262.966
-262.966
-262.966
-262.966
-262.966
-262.966
-262.966
-262.966
-262.966
-262.966
-262.966
-262.966
-262.966
-262.966
-262.966
-262.966
-262.966
-262.966
-262.966
-262.966
-262.966
-262.966
-262.966
-262.966
-262.966
-262.966
-262.966
-262.966
-262.966
-262.966
-262.966
-262.966
-262.966
-262.966
-262.966
-369.072
-444.936
-496.127
-535.066
-562.568
-582.977
-595.668
-601.22
-607.166
-612.765
-614.508
-616.914
-617.868
-609.729
-603.693
-599.706
-587.674
-573.721
-558.968
-542.647
-524.433
-501.977
-478.477
-446.932
-412.526
-384.375
-362.133
-339.92
-322.567
-306.857
-294.037
-284.616
-272.195
-264.01
-256.22
-249.477
-245.188
-241.038
-236.21
-231.829
-228.031
-225.306
-220.783
-217.833
-215.366
-215.875
-211.504
-209.235
-209.648
-208.293
-206.15
-202.821
-200.616
-201.503
-203.972
-208.293
-214.538
-225.102
-239.97
-262.966
-262.966
-262.966
-262.966
-262.966
-262.966
-262.966
-262.966
-262.966
-262.966
-262.966
-262.966
-262.966
-262.966
-262.966
-262.966
-262.966
-262.966
-262.966
-262.966
-262.966
-262.966
-262.966
-262.966
-262.966
-262.966
-262.966
-262.966
-262.966
-262.966
-262.966
-262.966
-262.966
-262.966
-262.966
-262.966
-262.966
-262.966
-262.966
-262.966
-262.966
-262.966
-262.966
-262.966
-262.966
-262.966
-262.966
-262.966
-262.966
-244.387
-227.687
-214.363
-202.219
-192.144
-183.354
-176.66
-172.512
-167.663
-162.429
-158.722
-154.316
-150.587
-151.928
-151.998
-150.926
-155.17
-161.102
-168.015
-176.555
-187.198
-201.77
-218.074
-242.017
-269.944
-293.817
-313.572
-334.328
-351.409
-367.654
-381.695
-392.809
-407.53
-418.126
-428.712
-438.496
-445.609
-452.579
-460.702
-468.437
-475.69
-481.41
-489.981
-496.393
-502.215
-503.291
-512.468
-518.342
-518.984
-522.947
-528.263
-536.151
-541.677
-539.647
-532.652
-518.734
-495.786
-453.443
-384.842
-262.966
-262.966
-262.966
-262.966
-262.966
-262.966
-262.966
-262.966
-262.966
-262.966
-262.966
-262.966
-262.966
-262.966
-262.966
-262.966
-262.966
-262.966
-262.966
-262.966
-262.966
-262.966
-262.966
-262.966
-262.966
-262.966
-262.966
-262.966
-262.966
-262.966
-262.966
-262.966
-262.966
-262.966
-262.966
-262.966
-262.966
-262.966
-262.966
-262.966
-262.966
-262.966
-262.966
-262.966
-262.966
-262.966
-262.966
-262.966
-262.966
-262.966
-262.966
-262.966
-262.966
-262.966
-262.966
-262.966
-262.966
-262.966
-262.966
-262.966
-262.966
-262.966
-262.966
-262.966
-262.966
-262.966
-262.966
-262.966
-262.966
-262.966
-262.966
-262.966
-262.966
-262.966
-262.966
-262.966
-262.966
-262.966
-262.966
-262.966
-262.966
-262.966
-262.966
-262.966
-262.966
-262.966
-262.966
-262.966
-262.966
-262.966
-262.966
-262.966
-262.966
-262.966
-262.966
-262.966
-262.966
-262.966
-262.966
-262.966
-262.966
-262.966
-262.966
-262.966
-262.966
-262.966
-262.966
-262.966
-262.966
-262.966
-262.966
-262.966
-262.966
-262.966
-262.966
-262.966
-262.966
-262.966
-262.966
-262.966
-262.966
-262.966
-262.966
-262.966
-262.966
-262.966
-262.966
-262.966
-262.966
-262.966
-262.966
-262.966
-262.966
-369.072
-444.936
-496.127
-535.066
-562.568
-582.977
-595.668
-601.22
-607.166
-612.765
-614.508
-616.914
-617.868
-609.729
-603.693
-599.706
-587.674
-573.721
-558.968
-542.647
-524.433
-501.977
-478.477
-446.932
-412.526
-384.375
-362.133
-339.92
-322.567
-306.857
-294.037
-284.616
-272.195
-264.01
-256.22
-249.477
-245.188
-241.038
-236.21
-231.829
-228.031
-225.306
-220.783
-217.833
-215.366
-215.875
-211.504
-209.235
-209.648
-208.293
-206.15
-202.821
-200.616
-201.503
-203.972
-208.293
-214.538
-225.102
-239.97
-262.966
-262.966
-262.966
-262.966
-262.966
-262.966
-262.966
-262.966
-262.966
-262.966
-262.966
-262.966
-262.966
-262.966
-262.966
-262.966
-262.966
-262.966
-262.966
-262.966
-262.966
-262.966
-262.966
-262.966
-262.966
-262.966
-262.966
-262.966
-262.966
-262.966
-262.966
-262.966
-262.966
-262.966
-262.966
-262.966
-262.966
-262.966
-262.966
-262.966
-262.966
-262.966
-262.966
-262.966
-262.966
-262.966
-262.966
-262.966
-262.966
-244.387
-227.687
-214.363
-202.219
-192.144
-183.354
-176.66
-172.512
-167.663
-162.429
-158.722
-154.316
-150.587
-151.928
-151.998
-150.926
-155.17
-161.102
-168.015
-176.555
-187.198
-201.77
-218.074
-242.017
-269.944
-293.817
-313.572
-334.328
-351.409
-367.654
-381.695
-392.809
-407.53
-418.126
-428.712
-438.496
-445.609
-452.579
-460.702
-468.437
-475.69
-481.41
-489.981
-496.393
-502.215
-503.291
-512.468
-518.342
-518.984
-522.947
-528.263
-536.151
-541.677
-539.647
-532.652
-518.734
-495.786
-453.443
-384.842
-262.966
-262.966
-262.966
-262.966
-262.966
-262.966
-262.966
-262.966
-262.966
-262.966
-262.966
-262.966
-262.966
-262.966
-262.966
-262.966
-262.966
-262.966
-262.966
-262.966
-262.966
-262.966
-262.966
-262.966
-262.966
-262.966
-262.966
-262.966
-262.966
-262.966
-262.966
-262.966
-262.966
-262.966
-262.966
-262.966
-262.966
-262.966
-262.966
-262.966
-262.966
-262.966
-262.966
-262.966
-262.966
-262.966
-262.966
-262.966
-262.966
-262.966
-262.966
-262.966
-262.966
-262.966
-262.966
-262.966
-262.966
-262.966
-262.966
-262.966
-262.966
-262.966
-262.966
-262.966
-262.966
-262.966
-262.966
-262.966
-262.966
-262.966
-262.966
-262.966
-262.966
-262.966
-262.966
-262.966
-262.966
-262.966
-262.966
-262.966
-262.966
-262.966
-262.966
-262.966
-262.966
-262.966
-262.966
-262.966
-262.966
-262.966
-262.966
-262.966
-262.966
-262.966
-262.966
-262.966
-262.966
-262.966
-262.966
-262.966
-262.966
-262.966
-262.966
-262.966
-262.966
-262.966
-262.966
-262.966
-262.966
-262.966
-262.966
-262.966
-262.966
-262.966
-262.966
-262.966
-262.966
-262.966
-262.966
-262.966
-262.966
-262.966
-262.966
-262.966
-262.966
-262.966
-262.966
-262.966
-262.966
-262.966
-262.966
-262.966
-262.966
-369.072
-444.936
-496.127
-535.066
-562.568
-582.977
-595.668
-601.22
-607.166
-612.765
-614.508
-616.914
-617.868
-609.729
-603.693
-599.706
-587.674
-573.721
-558.968
-542.647
-524.433
-501.977
-478.477
-446.932
-412.526
-384.375
-362.133
-339.92
-322.567
-306.857
-294.037
-284.616
-272.195
-264.01
-256.22
-249.477
-245.188
-241.038
-236.21
-231.829
-228.031
-225.306
-220.783
-217.833
-215.366
-215.875
-211.504
-209.235
-209.648
-208.293
-206.15
-202.821
-200.616
-201.503
-203.972
-208.293
-214.538
-225.102
-239.97
-262.966
-262.966
-262.966
-262.966
-262.966
-262.966
-262.966
-262.966
-262.966
-262.966
-262.966
-262.966
-262.966
-262.966
-262.966
-262.966
-262.966
-262.966
-262.966
-262.966
-262.966
-262.966
-262.966
-262.966
-262.966
-262.966
-262.966
-262.966
-262.966
-262.966
-262.966
-262.966
-262.966
-262.966
-262.966
-262.966
-262.966
-262.966
-262.966
-262.966
-262.966
-262.966
-262.966
-262.966
-262.966
-262.966
-262.966
-262.966
-262.966
-244.387
-227.687
-214.363
-202.219
-192.144
-183.354
-176.66
-172.512
-167.663
-162.429
-158.722
-154.316
-150.587
-151.928
-151.998
-150.926
-155.17
-161.102
-168.015
-176.555
-187.198
-201.77
-218.074
-242.017
-269.944
-293.817
-313.572
-334.328
-351.409
-367.654
-381.695
-392.809
-407.53
-418.126
-428.712
-438.496
-445.609
-452.579
-460.702
-468.437
-475.69
-481.41
-489.981
-496.393
-502.215
-503.291
-512.468
-518.342
-518.984
-522.947
-528.263
-536.151
-541.677
-539.647
-532.652
-518.734
-495.786
-453.443
-384.842
-262.966
-262.966
-262.966
-262.966
-262.966
-262.966
-262.966
-262.966
-262.966
-262.966
-262.966
-262.966
-262.966
-262.966
-262.966
-262.966
-262.966
-262.966
-262.966
-262.966
-262.966
-262.966
-262.966
-262.966
-262.966
-262.966
-262.966
-262.966
-262.966
-262.966
-262.966
-262.966
-262.966
-262.966
-262.966
-262.966
-262.966
-262.966
-262.966
-262.966
-262.966
-262.966
-262.966
-262.966
-262.966
-262.966
-262.966
-262.966
-262.966
-262.966
-262.966
-262.966
-262.966
-262.966
-262.966
-262.966
-262.966
-262.966
-262.966
-262.966
-262.966
-262.966
-262.966
-262.966
-262.966
-262.966
-262.966
-262.966
-262.966
-262.966
-262.966
-262.966
-262.966
-262.966
-262.966
-262.966
-262.966
-262.966
-262.966
-262.966
-262.966
-262.966
-262.966
-262.966
-262.966
-262.966
-262.966
-262.966
-262.966
-262.966
-262.966
-262.966
-262.966
-262.966
-262.966
-262.966
-262.966
-262.966
-262.966
-262.966
-262.966
-262.966
-262.966
-262.966
-262.966
-262.966
-262.966
-262.966
-262.966
-262.966
-262.966
-262.966
-262.966
-262.966
-262.966
-262.966
-262.966
-262.966
-262.966
-262.966
-262.966
-262.966
-262.966
-262.966
-262.966
-262.966
-262.966
-262.966
-262.966
-262.966
-262.966
-262.966
-262.966
-369.072
-444.936
-496.127
-535.066
-562.568
-582.977
-595.668
-601.22
-607.166
-612.765
-614.508
-616.914
-617.868
-609.729
-603.693
-599.706
-587.674
-573.721
-558.968
-542.647
-524.433
-501.977
-478.477
-446.932
-412.526
-384.375
-362.133
-339.92
-322.567
-306.857
-294.037
-284.616
-272.195
-264.01
-256.22
-249.477
-245.188
-241.038
-236.21
-231.829
-228.031
-225.306
-220.783
-217.833
-215.366
-215.875
-211.504
-209.235
-209.648
-208.293
-206.15
-202.821
-200.616
-201.503
-203.972
-208.293
-214.538
-225.102
-239.97
-262.966
-262.966
-262.966
-262.966
-262.966
-262.966
-262.966
-262.966
-262.966
-262.966
-262.966
-262.966
-262.966
-262.966
-262.966
-262.966
-262.966
-262.966
-262.966
-262.966
-262.966
-262.966
-262.966
-262.966
-262.966
-262.966
-262.966
-262.966
-262.966
-262.966
-262.966
-262.966
-262.966
-262.966
-262.966
-262.966
-262.966
-262.966
-262.966
-262.966
-262.966
-262.966
-262.966
-262.966
-262.966
-262.966
-262.966
-262.966
-262.966
-244.387
-227.687
-214.363
-202.219
-192.144
-183.354
-176.66
-172.512
-167.663
-162.429
-158.722
-154.316
-150.587
-151.928
-151.998
-150.926
-155.17
-161.102
-168.015
-176.555
-187.198
-201.77
-218.074
-242.017
-269.944
-293.817
-313.572
-334.328
-351.409
-367.654
-381.695
-392.809
-407.53
-418.126
-428.712
-438.496
-445.609
-452.579
-460.702
-468.437
-475.69
-481.41
-489.981
-496.393
-502.215
-503.291
-512.468
-518.342
-518.984
-522.947
-528.263
-536.151
-541.677
-539.647
-532.652
-518.734
-495.786
-453.443
-384.842
-262.966
-262.966
-262.966
-262.966
-262.966
-262.966
-262.966
-262.966
-262.966
-262.966
-262.966
-262.966
-262.966
-262.966
-262.966
-262.966
-262.966
-262.966
-262.966
-262.966
-262.966
-262.966
-262.966
-262.966
-262.966
-262.966
-262.966
-262.966
-262.966
-262.966
-262.966
-262.966
-262.966
-262.966
-262.966
-262.966
-262.966
-262.966
-262.966
-262.966
-262.966
-262.966
-262.966
-262.966
-262.966
-262.966
-262.966
-262.966
-262.966
-262.966
-262.966
-262.966
-262.966
-262.966
-262.966
-262.966
-262.966
-262.966
-262.966
-262.966
-262.966
-262.966
-262.966
-262.966
-262.966
-262.966
-262.966
-262.966
-262.966
-262.966
-262.966
-262.966
-262.966
-262.966
-262.966
-262.966
-262.966
-262.966
-262.966
-262.966
-262.966
-262.966
-262.966
-262.966
-262.966
-262.966
-262.966
-262.966
-262.966
-262.966
-262.966
-262.966
-262.966
-262.966
-262.966
-262.966
-262.966
-262.966
-262.966
-262.966
-262.966
-262.966
-262.966
-262.966
-262.966
-262.966
-262.966
-262.966
-262.966
-262.966
-262.966
-262.966
-262.966
-262.966
-262.966
-262.966
-262.966
-262.966
-262.966
-262.966
-262.966
-262.966
-262.966
-262.966
-262.966
-262.966
-262.966
-262.966
-262.966
-262.966
-262.966
-262.966
-262.966
-369.072
-444.936
-496.127
-535.066
-562.568
-582.977
-595.668
-601.22
-607.166
-612.765
-614.508
-616.914
-617.868
-609.729
-603.693
-599.706
-587.674
-573.721
-558.968
-542.647
-524.433
-501.977
-478.477
-446.932
-412.526
-384.375
-362.133
-339.92
-322.567
-306.857
-294.037
-284.616
-272.195
-264.01
-256.22
-249.477
-245.188
-241.038
-236.21
-231.829
-228.031
-225.306
-220.783
-217.833
-215.366
-215.875
-211.504
-209.235
-209.648
-208.293
-206.15
-202.821
-200.616
-201.503
-203.972
-208.293
-214.538
-225.102
-239.97
-262.966
-262.966
-262.966
-262.966
-262.966
-262.966
-262.966
-262.966
-262.966
-262.966
-262.966
-262.966
-262.966
-262.966
-262.966
-262.966
-262.966
-262.966
-262.966
-262.966
-262.966
-262.966
-262.966
-262.966
-262.966
-262.966
-262.966
-262.966
-262.966
-262.966
-262.966
-262.966
-262.966
-262.966
-262.966
-262.966
-262.966
-262.966
-262.966
-262.966
-262.966
-262.966
-262.966
-262.966
-262.966
-262.966
-262.966
-262.966
-262.966
-244.387
-227.687
-214.363
-202.219
-192.144
-183.354
-176.66
-172.512
-167.663
-162.429
-158.722
-154.316
-150.587
-151.928
-151.998
-150.926
-155.17
-161.102
-168.015
-176.555
-187.198
-201.77
-218.074
-242.017
-269.944
-293.817
-313.572
-334.328
-351.409
-367.654
-381.695
-392.809
-407.53
-418.126
-428.712
-438.496
-445.609
-452.579
-460.702
-468.437
-475.69
-481.41
-489.981
-496.393
-502.215
-503.291
-512.468
-518.342
-518.984
-522.947
-528.263
-536.151
-541.677
-539.647
-532.652
-518.734
-495.786
-453.443
-384.842
-262.966
-262.966
-262.966
-262.966
-262.966
-262.966
-262.966
-262.966
-262.966
-262.966
-262.966
-262.966
-262.966
-262.966
-262.966
-262.966
-262.966
-262.966
-262.966
-262.966
-262.966
-262.966
-262.966
-262.966
-262.966
-262.966
-262.966
-262.966
-262.966
-262.966
-262.966
-262.966
-262.966
-262.966
-262.966
-262.966
-262.966
-262.966
-262.966
-262.966
-262.966
-262.966
-262.966
-262.966
-262.966
-262.966
-262.966
-262.966
-262.966
-262.966
-262.966
-262.966
-262.966
-262.966
-262.966
-262.966
-262.966
-262.966
-262.966
-262.966
-262.966
-262.966
-262.966
-262.966
-262.966
-262.966
-262.966
-262.966
-262.966
-262.966
-262.966
-262.966
-262.966
-262.966
-262.966
-262.966
-262.966
-262.966
-262.966
-262.966
-262.966
-262.966
-262.966
-262.966
-262.966
-262.966
-262.966
-262.966
-262.966
-262.966
-262.966
-262.966
-262.966
-262.966
-262.966
-262.966
-262.966
-262.966
-262.966
-262.966
-262.966
-262.966
-262.966
-262.966
-262.966
-262.966
-262.966
-262.966
-262.966
-262.966
-262.966
-262.966
-262.966
-262.966
-262.966
-262.966
-262.966
-262.966
-262.966
-262.966
-262.966
-262.966
-262.966
-262.966
-262.966
-262.966
-262.966
-262.966
-262.966
-262.966
-262.966
-262.966
-262.966
-369.072
-444.936
-496.127
-535.066
-562.568
-582.977
-595.668
-601.22
-607.166
-612.765
-614.508
-616.914
-617.868
-609.729
-603.693
-599.706
-587.674
-573.721
-558.968
-542.647
-524.433
-501.977
-478.477
-446.932
-412.526
-384.375
-362.133
-339.92
-322.567
-306.857
-294.037
-284.616
-272.195
-264.01
-256.22
-249.477
-245.188
-241.038
-236.21
-231.829
-228.031
-225.306
-220.783
-217.833
-215.366
-215.875
-211.504
-209.235
-209.648
-208.293
-206.15
-202.821
-200.616
-201.503
-203.972
-208.293
-214.538
-225.102
-239.97
-262.966
-262.966
-262.966
-262.966
-262.966
-262.966
-262.966
-262.966
-262.966
-262.966
-262.966
-262.966
-262.966
-262.966
-262.966
-262.966
-262.966
-262.966
-262.966
-262.966
-262.966
-262.966
-262.966
-262.966
-262.966
-262.966
-262.966
-262.966
-262.966
-262.966
-262.966
-262.966
-262.966
-262.966
-262.966
-262.966
-262.966
-262.966
-262.966
-262.966
-262.966
-262.966
-262.966
-262.966
-262.966
-262.966
-262.966
-262.966
-262.966
-244.387
-227.687
-214.363
-202.219
-192.144
-183.354
-176.66
-172.512
-167.663
-162.429
-158.722
-154.316
-150.587
-151.928
-151.998
-150.926
-155.17
-161.102
-168.015
-176.555
-187.198
-201.77
-218.074
-242.017
-269.944
-293.817
-313.572
-334.328
-351.409
-367.654
-381.695
-392.809
-407.53
-418.126
-428.712
-438.496
-445.609
-452.579
-460.702
-468.437
-475.69
-481.41
-489.981
-496.393
-502.215
-503.291
-512.468
-518.342
-518.984
-522.947
-528.263
-536.151
-541.677
-539.647
-532.652
-518.734
-495.786
-453.443
-384.842
-262.966
-262.966
-262.966
-262.966
-262.966
-262.966
-262.966
-262.966
-262.966
-262.966
-262.966
-262.966
-262.966
-262.966
-262.966
-262.966
-262.966
-262.966
-262.966
-262.966
-262.966
-262.966
-262.966
-262.966
-262.966
-262.966
-262.966
-262.966
-262.966
-262.966
-262.966
-262.966
-262.966
-262.966
-262.966
-262.966
-262.966
-262.966
-262.966
-262.966
-262.966
-262.966
-262.966
-262.966
-262.966
-262.966
-262.966
-262.966
-262.966
-262.966
-262.966
-262.966
-262.966
-262.966
-262.966
-262.966
-262.966
-262.966
-262.966
-262.966
-262.966
-262.966
-262.966
-262.966
-262.966
-262.966
-262.966
-262.966
-262.966
-262.966
-262.966
-262.966
-262.966
-262.966
-262.966
-262.966
-262.966
-262.966
-262.966
-262.966
-262.966
-262.966
-262.966
-262.966
-262.966
-262.966
-262.966
-262.966
-262.966
-262.966
-262.966
-262.966
-262.966
-262.966
-262.966
-262.966
-262.966
-262.966
-262.966
-262.966
-262.966
-262.966
-262.966
-262.966
-262.966
-262.966
-262.966
-262.966
-262.966
-262.966
-262.966
-262.966
-262.966
-262.966
-262.966
-262.966
-262.966
-262.966
-262.966
-262.966
-262.966
-262.966
-262.966
-262.966
-262.966
-262.966
-262.966
-262.966
-262.966
-262.966
-262.966
-262.966
-262.966
-369.072
-444.936
-496.127
-535.066
-562.568
-582.977
-595.668
-601.22
-607.166
-612.765
-614.508
-616.914
-617.868
-609.729
-603.693
-599.706
-587.674
-573.721
-558.968
-542.647
-524.433
-501.977
-478.477
-446.932
-412.526
-384.375
-362.133
-339.92
-322.567
-306.857
-294.037
-284.616
-272.195
-264.01
-256.22
-249.477
-245.188
-241.038
-236.21
-231.829
-228.031
-225.306
-220.783
-217.833
-215.366
-215.875
-211.504
-209.235
-209.648
-208.293
-206.15
-202.821
-200.616
-201.503
-203.972
-208.293
-214.538
-225.102
-239.97
-262.966
-262.966
-262.966
-262.966
-262.966
-262.966
-262.966
-262.966
-262.966
-262.966
-262.966
-262.966
-262.966
-262.966
-262.966
-262.966
-262.966
-262.966
-262.966
-262.966
-262.966
-262.966
-262.966
-262.966
-262.966
-262.966
-262.966
-262.966
-262.966
-262.966
-262.966
-262.966
-262.966
-262.966
-262.966
-262.966
-262.966
-262.966
-262.966
-262.966
-262.966
-262.966
-262.966
-262.966
-262.966
-262.966
-262.966
-262.966
-262.966
-244.387
-227.687
-214.363
-202.219
-192.144
-183.354
-176.66
-172.512
-167.663
-162.429
-158.722
-154.316
-150.587
-151.928
-151.998
-150.926
-155.17
-161.102
-168.015
-176.555
-187.198
-201.77
-218.074
-242.017
-269.944
-293.817
-313.572
-334.328
-351.409
-367.654
-381.695
-392.809
-407.53
-418.126
-428.712
-438.496
-445.609
-452.579
-460.702
-468.437
-475.69
-481.41
-489.981
-496.393
-502.215
-503.291
-512.468
-518.342
-518.984
-522.947
-528.263
-536.151
-541.677
-539.647
-532.652
-518.734
-495.786
-453.443
-384.842
-262.966
-262.966
-262.966
-262.966
-262.966
-262.966
-262.966
-262.966
-262.966
-262.966
-262.966
-262.966
-262.966
-262.966
-262.966
-262.966
-262.966
-262.966
-262.966
-262.966
-262.966
-262.966
-262.966
-262.966
-262.966
-262.966
-262.966
-262.966
-262.966
-262.966
-262.966
-262.966
-262.966
-262.966
-262.966
-262.966
-262.966
-262.966
-262.966
-262.966
-262.966
-262.966
-262.966
-262.966
-262.966
-262.966
-262.966
-262.966
-262.966
-262.966
-262.966
-262.966
-262.966
-262.966
-262.966
-262.966
-262.966
-262.966
-262.966
-262.966
-262.966
-262.966
-262.966
-262.966
-262.966
-262.966
-262.966
-262.966
-262.966
-262.966
-262.966
-262.966
-262.966
-262.966
-262.966
-262.966
-262.966
-262.966
-262.966
-262.966
-262.966
-262.966
-262.966
-262.966
-262.966
-262.966
-262.966
-262.966
-262.966
-262.966
-262.966
-262.966
-262.966
-262.966
-262.966
-262.966
-262.966
-262.966
-262.966
-262.966
-262.966
-262.966
-262.966
-262.966
-262.966
-262.966
-262.966
-262.966
-262.966
-262.966
-262.966
-262.966
-262.966
-262.966
-262.966
-262.966
-262.966
-262.966
-262.966
-262.966
-262.966
-262.966
-262.966
-262.966
-262.966
-262.966
-262.966
-262.966
-262.966
-262.966
-262.966
-262.966
-262.966
-369.072
-444.936
-496.127
-535.066
-562.568
-582.977
-595.668
-601.22
-607.166
-612.765
-614.508
-616.914
-617.868
-609.729
-603.693
-599.706
-587.674
-573.721
-558.968
-542.647
-524.433
-501.977
-478.477
