85.5075
87.2278
90.5924
87.782
92.935
91.5995
92.3821
91.6146
91.3926
90.6424
89.9876
88.5657
87.136
87.4485
84.2034
83.2055
84.606
80.6724
81.865
82.2892
83.0271
82.2154
85.131
84.4607
85.705
88.2311
87.5306
89.4456
90.9442
90.2702
90.3379
90.5429
91.2289
86.9815
90.7012
86.4724
88.0743
85.6437
84.0029
83.1297
80.3523
80.3855
80.8173
80.5008
80.5771
79.7477
81.0242
78.4511
81.1413
81.2803
80.8061
79.6464
82.9544
81.0256
83.0598
83.4224
81.6474
82.5754
78.7079
81.0023
80.4444
78.4218
79.6807
79.1912
77.3943
77.5523
78.5138
77.7231
77.5449
78.4333
77.3598
80.2154
78.7044
79.8865
79.9746
80.4736
78.5696
81.2046
80.5031
80.2582
82.0646
81.1935
81.6179
82.6537
81.2929
82.4533
83.3641
83.1472
83.164
86.1968
84.4586
85.4376
87.4242
87.9947
87.4768
89.5021
89.0688
89.9793
91.4386
91.1286
92.1884
92.2287
91.0974
92.5383
90.2385
91.3411
89.8324
89.3896
87.4202
86.6179
87.3776
85.1269
84.5257
86.3991
83.8722
85.1021
85.7434
85.8958
86.7012
88.0716
87.9563
90.6044
91.2759
92.9246
91.9438
92.4805
93.2671
91.7462
91.5304
90.7371
89.3604
88.0094
85.1614
85.4912
83.4951
81.4394
81.5577
80.9425
80.4416
80.9327
82.0047
81.8749
83.9044
84.5885
85.8489
88.443
89.211
91.4156
90.7761
91.8299
90.9826
91.8314
91.2293
90.4037
89.2474
87.9536
87.2396
85.9035
83.979
83.2517
82.8067
81.969
80.662
83.2205
83.3647
84.1573
84.3481
85.4967
86.6999
87.2787
89.1525
89.2534
91.0916
90.5785
90.5295
91.4108
90.1747
90.5703
87.8616
87.8735
85.4389
85.6502
84.7082
83.1446
82.9923
82.4805
81.6274
82.2113
83.957
82.3196
85.0481
84.7596
84.5895
87.3094
86.5903
89.5009
89.549
88.3887
90.9414
88.5863
89.6806
88.6572
88.5857
87.6321
85.3577
85.3606
84.9937
82.9246
83.0552
81.9686
80.5431
81.9586
79.9599
82.6075
82.2625
82.1982
83.2463
83.0663
85.5022
85.1264
86.7638
88.4833
87.1418
88.0775
87.1478
88.9001
88.356
86.819
88.2293
87.4733
86.1825
86.9833
86.5235
86.1358
85.1978
85.3403
86.0885
84.1373
86.6721
84.8442
85.8228
85.5845
85.0324
87.0156
85.9346
85.9449
87.1338
85.847
86.295
86.3163
86.0687
86.033
86.1634
84.6783
86.4947
84.5775
85.5823
84.3298
85.7144
86.0744
86.0319
87.4073
86.7755
87.5677
87.3246
88.2373
88.2088
87.5256
88.0731
86.3494
86.8489
85.0938
86.1484
84.1575
84.0046
83.4739
82.4803
83.2958
83.4795
83.9352
84.1681
83.7256
86.3528
85.6858
87.603
87.4262
88.1996
88.389
89.8046
88.9699
89.6595
89.2153
87.1461
88.4326
86.124
86.9152
84.7349
84.9189
83.8656
82.8009
82.6072
82.5625
82.3794
83.067
82.9512
83.6951
83.8683
86.0528
85.4517
86.4915
86.8675
87.5847
88.7407
87.7591
87.8565
88.2399
87.345
86.6112
86.8989
85.6699
84.2918
84.411
83.5329
82.7698
83.065
83.6578
82.0399
84.0498
83.3397
83.918
84.4383
85.2248
85.4467
86.6175
87.8244
87.1915
87.7331
88.2395
86.5169
86.9044
86.2139
85.7884
85.8388
84.1888
83.3462
82.3573
82.5642
79.914
80.6491
79.5492
79.1723
79.5809
81.2875
79.2655
81.4876
81.1341
80.3613
82.4007
82.1386
82.1754
84.0979
82.9671
83.2643
82.2494
83.1256
80.4643
80.6287
79.2972
79.408
78.0691
77.6695
77.2615
77.7746
76.9987
77.4685
77.5953
78.8686
77.5108
79.8394
78.9615
81.7991
81.6889
83.735
82.8565
83.9558
83.9821
85.23
84.0336
85.306
84.9276
85.7362
85.5388
84.6471
85.5332
85.3892
85.2505
85.5744
85.3099
87.391
85.8881
88.5101
87.6891
88.5836
90.1529
90.241
91.1843
91.4618
91.5079
92.6689
92.4281
91.2849
92.4021
92.0879
90.7379
89.9425
88.443
88.7753
86.2239
86.0544
86.0288
85.2479
85.1753
84.9865
87.6
83.997
89.718
87.1202
89.9479
88.8268
90.1927
91.8792
89.6271
88.9817
92.0262
89.467
89.4304
88.2375
89.0997
84.9034
85.5128
84.3472
83.5809
82.0218
83.9998
82.282
83.7927
84.3295
84.3501
85.2331
84.6534
86.5533
86.9022
87.949
87.9182
85.9326
92.9746
86.7877
89.9069
87.7353
86.1622
86.4764
84.0442
83.1746
85.7744
84.2073
82.0596
83.1438
83.6731
80.882
82.9334
84.6526
81.65
82.3641
86.1157
84.6799
86.5005
87.4884
85.8241
89.0038
85.5592
88.1385
87.4225
87.2973
85.7151
85.4728
86.0007
83.0699
83.9931
83.0567
81.3149
82.6265
82.0446
82.0379
82.819
83.2012
83.0523
84.0649
84.7
85.4258
85.9326
87.906
87.6154
88.6834
89.3449
88.3357
87.541
87.7082
86.4535
86.896
84.9679
85.2655
84.0064
82.5761
81.2297
80.2443
81.0463
78.7544
79.6537
79.8293
79.7081
80.5123
80.8628
80.9547
82.2048
81.9658
83.5646
84.0515
83.6253
84.4725
84.805
84.5652
82.9874
83.0013
82.8856
81.7267
80.6895
80.6624
80.8516
78.8463
78.6044
78.6552
78.2403
78.119
78.7945
79.0709
79.8484
80.2098
80.2674
80.7511
81.4055
81.2874
82.6656
82.5943
82.9207
83.1697
83.6715
83.2115
84.1056
84.2445
84.1233
84.322
83.0021
84.7037
83.9188
86.0635
83.9468
85.3932
86.1966
84.6192
86.4062
86.3313
86.4037
87.2395
87.831
87.4663
87.7018
88.0157
87.213
87.7765
87.3819
86.8109
86.6234
86.5415
86.1811
86.0087
86.076
85.0321
86.8519
86.841
87.0095
89.2386
88.6033
89.3521
90.0117
91.3304
90.2237
92.7325
92.8219
91.0104
92.2906
90.2504
90.5715
89.0908
88.0254
85.936
86.0701
84.6745
84.8007
83.9574
83.3282
82.3017
83.6739
81.7839
84.6241
85.0572
86.8401
86.0703
89.2606
88.7072
90.8864
92.2046
92.4617
92.5838
91.6273
91.8011
90.2595
89.9857
89.0857
87.5099
86.6305
84.3673
82.7302
82.0472
81.5043
81.2391
81.1037
81.9598
83.0669
84.243
85.6775
86.3789
88.0196
88.217
90.5598
91.3979
92.1269
92.3061
93.4737
90.8758
91.007
90.2167
88.3299
87.9221
85.5903
85.4667
84.6026
82.5515
81.747
82.1291
81.5144
81.0268
83.9309
82.959
84.8999
85.9181
84.953
88.3464
88.1778
89.5836
90.8155
90.3259
90.9184
90.3947
90.122
88.877
87.841
86.4369
85.5333
83.8786
83.7275
81.5424
81.123
79.9381
78.7845
78.775
79.7851
79.487
79.2468
81.0109
80.8762
80.8715
82.8146
82.8349
84.8574
84.1972
83.6842
85.8752
83.3754
83.9837
83.3724
82.4079
81.0715
81.1301
80.6816
80.4657
78.8836
79.5314
78.9517
78.3672
78.1601
79.222
79.5399
79.7279
78.5193
81.4091
80.426
81.2944
80.8054
82.6677
81.1508
82.2536
81.9762
82.9988
82.6516
82.821
83.4291
83.7259
82.9762
83.7066
83.6323
85.2221
82.6991
86.3519
87.0682
86.9056
87.15
89.9728
89.1454
90.2753
91.4832
91.1248
92.2471
92.2829
90.7046
92.5992
91.1682
89.7333
90.3781
89.6038
86.8004
87.2149
87.1429
84.2928
84.9496
84.6647
84.4122
84.9984
85.3636
85.4088
86.7745
87.5851
87.1128
89.4641
90.1683
91.0092
92.2737
92.7485
91.4859
90.3701
91.411
88.5572
87.6366
86.956
83.916
83.2406
81.2959
79.9538
79.3871
78.4186
77.9715
78.4381
79.58
78.7205
81.9934
82.5026
83.7176
83.5044
86.9541
87.5073
88.0953
89.8593
89.3148
88.6927
88.4349
87.6625
87.6676
85.4156
85.2412
84.2989
83.4426
80.8999
80.9756
81.5806
80.2076
80.3141
82.217
82.6913
83.3927
85.152
85.9331
88.7076
88.6265
89.0613
91.7294
91.3485
91.0991
90.9854
91.5349
91.0861
88.2363
89.1588
87.4125
85.7992
85.6053
83.6901
83.6879
82.779
82.1982
84.3444
83.4471
83.7731
86.244
85.734
87.4595
88.218
90.2089
90.8027
90.545
92.1954
90.7503
90.4937
90.6887
88.419
89.6806
86.7077
84.6656
85.287
81.2025
81.2338
78.8158
77.7326
78.5379
77.5324
78.1932
79.4075
78.2951
79.6062
78.3919
81.6576
80.8017
82.6474
84.6472
83.7163
84.0293
85.3498
83.1975
84.8846
81.9916
82.8423
81.9604
81.0593
81.9548
80.646
81.0897
78.8448
77.544
79.9475
77.2017
79.3137
79.9891
78.8764
80.3919
80.2414
80.6246
82.4355
81.713
81.7241
83.134
83.9902
84.138
84.3929
86.3422
85.1417
85.0626
86.1376
84.317
86.2278
85.0687
85.9409
86.7686
85.5225
87.1624
87.2659
87.4463
86.691
88.1786
89.6187
87.8472
90.2526
90.9364
89.85
89.945
89.3664
89.0132
89.131
87.7245
87.385
88.2339
85.5376
85.9276
85.1744
85.4283
83.8892
85.1153
85.5124
85.6881
86.3858
88.3241
89.2961
89.9322
90.4874
93.3582
93.1793
94.0158
94.1869
94.8344
93.2467
91.6828
91.9304
90.1801
88.5281
86.9083
86.1995
84.4789
82.2458
82.3805
82.7653
81.2799
82.1225
83.1144
83.5139
85.3858
85.6885
87.6679
88.3818
88.8271
89.4635
91.1246
90.3221
90.2785
90.54
89.9537
88.3029
88.8074
87
86.181
84.3091
82.878
82.541
82.528
80.7774
80.2565
81.1968
79.703
79.8913
82.0909
81.196
81.3163
83.4295
83.0727
84.4131
85.0228
84.533
86.29
84.7462
84.8837
85.4077
85.2244
83.1959
83.7489
83.9531
82.4508
82.762
82.4972
81.2563
81.8457
81.6406
82.0017
81.9727
82.6618
83.0171
83.1062
83.5711
83.6402
84.6036
83.9951
83.7807
84.3851
85.5503
85.5636
84.5322
85.5491
83.9582
84.7859
85.3016
85.8411
85.8412
85.9063
85.6342
86.7167
86.0814
85.973
87.5388
87.5494
86.2848
87.084
88.0887
87.2849
87.5057
88.0037
88.1636
87.9626
88.3214
88.1138
90.1119
87.7736
87.7384
89.0206
87.2086
87.566
86.3251
88.0799
85.639
84.7726
86.3551
84.7578
84.6394
85.4324
85.2342
86.6195
85.9677
87.6951
88.588
89.3496
87.944
89.9242
89.8104
88.0728
89.9239
88.8839
88.3835
88.7168
88.5496
87.4345
87.3555
85.5826
85.5596
86.4474
84.9439
86.5642
86.3856
86.2239
85.448
85.2639
87.8865
85.6811
87.3346
87.344
87.7753
87.8695
88.1442
89.1057
87.6978
87.5138
87.9918
87.8734
87.0532
86.3114
86.5518
85.7318
83.9115
84.1203
84.3852
83.922
84.5138
84.8319
85.1369
86.966
86.58
88.0086
88.5344
89.0484
90.7531
89.9413
91.8102
90.4068
90.8106
89.3973
89.5103
88.1833
87.2054
86.2067
85.8368
84.5429
84.2012
83.4373
83.6668
83.6688
83.9376
84.829
86.2959
85.6973
86.7394
87.1602
88.6289
87.8653
89.466
90.1868
89.9128
88.7385
87.8953
88.0451
87.9314
86.3616
86.2417
84.8063
83.7533
83.0917
83.276
81.5237
81.5953
81.2661
81.4525
81.4896
82.3482
81.8387
83.7751
83.0196
82.5872
84.7639
85.3096
85.2691
85.2488
85.711
84.5409
85.0174
83.7495
84.1355
84.6004
82.5182
82.8292
82.3305
81.3948
80.7795
80.8274
80.7582
80.1484
80.8773
81.1238
80.3065
80.6783
81.6343
80.4643
81.6039
81.9469
80.9697
84.6462
81.7249
82.7918
83.2105
82.8073
82.9265
84.0485
83.8029
83.6758
84.5465
83.0018
84.4017
85.0499
84.6172
85.5409
86.0046
86.1518
87.0146
87.4133
88.3847
88.2248
89.5699
90.1925
90.713
90.2979
92.1211
90.6803
91.3441
91.3839
90.4123
91.2865
90.1733
90.7311
90.1014
89.3579
88.1703
89.1839
88.4169
88.0331
88.5564
88.0172
87.9513
87.5422
88.3991
87.421
87.6335
88.5302
87.1885
87.4275
87.2693
87.0755
86.3047
85.799
86.4732
85.7177
86.9085
86.6092
86.8719
85.1517
86.157
84.0551
86.3513
84.4827
84.5593
84.0424
83.5637
82.3292
82.635
81.7233
82.1353
81.2942
81.9089
81.5458
84.3028
82.2809
85.0251
85.2561
85.3094
86.4022
87.4282
88.0294
87.3333
87.42
87.9065
85.8708
85.6506
85.442
85.1581
82.416
83.0623
81.1566
81.1412
79.0779
79.1734
78.7347
78.8785
78.0711
79.5586
80.088
79.7357
80.5636
81.6226
81.5418
84.2554
82.337
85.7572
84.0564
84.4289
84.4436
84.6028
85.6666
84.3344
85.2323
84.1763
82.8514
83.8098
82.8572
83.0207
82.7658
82.667
82.9056
83.336
83.4219
84.6763
84.2901
84.5173
84.6496
86.2983
85.8656
87.6934
88.4727
87.6596
88.0561
88.6259
87.023
88.635
86.6827
88.1014
85.8858
86.3431
86.7039
84.9525
85.821
84.5197
84.1943
85.1715
83.7101
84.4182
85.1033
84.3452
85.432
85.0548
86.0917
86.094
85.3654
87.3015
85.1493
87.1375
86.7222
86.4379
87.3769
85.758
85.9743
85.7879
83.7999
84.5276
84.1472
84.7191
83.5757
84.0912
85.2286
83.2337
84.2489
84.852
85.2712
85.3932
86.2583
86.4658
87.1015
87.0985
87.8902
86.7987
87.5174
87.1988
87.0359
88.2917
86.6474
87.6659
88.2361
85.0704
86.8833
86.7451
86.5393
86.8662
85.9702
87.245
86.6436
86.7983
87.942
86.3558
88.1555
86.9597
87.2645
87.3207
86.8208
86.5549
87.6747
85.7044
86.4116
86.3012
85.1107
85.2203
84.5239
85.353
83.9778
84.8293
85.9425
86.7162
86.4171
86.3032
87.7809
88.0059
87.6838
89.4288
90.0032
89.6155
88.6996
88.8946
88.3126
87.8638
87.2472
86.6227
85.358
83.6675
84.0094
84.1368
83.9894
83.2836
84.5356
83.3537
85.0408
85.3945
86.6134
87.5865
87.3684
88.1297
89.3267
91.3622
89.7744
91.3226
90.9725
90.3895
89.557
89.7586
89.7729
88.37
87.6796
87.3723
87.0298
86.4736
84.9627
86.1801
84.7784
82.9608
85.0344
84.7856
85.3415
86.1732
86.5016
87.1662
88.8843
87.3833
89.9321
90.1463
90.5418
91.1401
90.7314
91.385
89.9033
90.335
88.3419
88.861
86.6638
86.339
85.8519
84.5406
84.8222
83.9736
84.9344
84.0075
84.1584
84.863
86.0873
85.2419
87.3436
87.2588
88.5813
88.4082
89.681
88.905
89.9734
89.3875
89.6603
88.4619
88.5516
87.5905
87.5575
85.8312
86.2833
86.3736
84.064
84.7902
83.2977
83.9383
83.6918
82.7864
84.8358
84.2964
85.0117
85.1561
85.2964
85.2072
86.5901
86.1467
87.1739
86.2477
87.8386
85.827
86.6744
84.8659
85.4312
85.17
84.4734
84.0136
83.2609
83.1763
82.62
81.8603
82.9699
82.4763
82.5483
83.2849
83.4384
83.7714
84.1108
84.198
85.3702
84.66
85.2766
85.7811
86.2826
85.488
85.4393
85.8986
84.6693
84.667
86.0646
83.6358
85.5962
83.9447
84.7263
84.4651
84.1396
85.1976
84.2073
84.7101
84.1751
85.1151
85.2122
84.1907
85.7155
86.219
85.0544
86.0591
85.1135
86.4522
85.6628
85.5071
86.0157
85.6493
85.1753
85.2106
84.8082
86.3831
84.0883
85.5411
85.2924
83.7247
85.4962
85.0217
86.5051
85.5033
86.5838
87.7929
86.8742
87.1781
87.9703
87.8162
87.3449
85.7434
86.9754
87.8741
85.7784
86.8811
87.3759
86.1432
85.1973
85.0817
85.7444
84.2441
84.9108
84.4479
84.3894
85.5392
84.573
85.8647
85.4468
84.2178
84.6258
84.8124
85.1894
84.5762
85.5151
85.4266
84.0295
84.3715
85.4937
84.1351
84.6898
82.8791
82.9168
84.7306
83.2393
83.9766
84.7633
83.1802
83.1155
83.5609
83.9523
83.6785
83.6007
83.82
82.5513
84.5485
83.5798
83.5693
84.4779
82.5279
82.3005
83.8992
82.8578
82.8922
82.606
82.6863
81.894
82.0422
82.769
81.7839
83.322
81.8621
83.6062
84.7996
84.1416
85.2448
86.1902
85.4393
86.745
86.8612
86.6316
86.3968
85.4687
85.0531
84.6864
85.1645
84.2818
83.0282
84.4737
82.6991
82.9007
82.6577
82.9031
83.1626
83.0764
84.8168
85.6401
86.6482
86.6539
86.124
87.8743
86.8792
87.4134
88.565
87.3065
88.0981
88.0513
86.9511
87.0739
86.2571
84.8785
84.8479
84.3152
84.1423
83.6485
85.2305
83.9116
83.6113
85.1703
85.486
85.0833
86.4045
86.4359
87.866
87.1805
87.2717
89.3323
87.8826
88.0629
86.9759
87.4492
87.3576
85.2934
86.3668
84.6478
83.7051
83.4978
83.6836
83.0842
82.6877
82.6349
83.3073
83.2847
83.5566
84.2116
85.4553
84.7453
85.0872
85.7691
88.1208
85.5876
87.6589
86.0571
86.1738
85.0969
85.299
86.1549
83.4631
83.7817
83.089
82.1641
82.4656
80.7654
82.165
81.8807
80.6468
82.3511
83.71
82.5275
84.3985
84.288
85.7897
86.3212
86.0669
86.7957
87.2863
86.8563
87.153
86.8275
87.6658
83.8092
85.9711
83.8953
83.5304
84.2723
83.569
82.9428
83.0591
81.903
84.6765
83.5343
83.3784
84.0381
85.1239
85.1214
84.3207
89.4028
86.3055
86.425
88.296
86.6655
87.7918
87.1084
85.846
87.8089
85.4742
85.1995
85.2529
84.9905
83.2732
82.7152
84.0737
83.3167
82.4134
85.0454
83.2517
83.9145
85.746
84.3112
87.8742
86.0294
86.707
88.3023
88.3285
86.852
85.1368
90.8177
85.681
87.2206
88.0962
85.9419
85.2496
83.4111
82.8078
84.5978
84.1204
82.9535
85.1484
83.6766
83.4213
84.7481
85.4918
84.8515
84.4326
87.1961
87.3023
87.6281
89.3789
87.1967
89.1691
86.0585
87.0474
86.6541
86.7177
85.3021
85.471
83.9389
83.8099
82.6915
82.7071
82.7062
81.9861
82.2878
83.8303
81.8785
84.4969
83.4877
84.38
84.0059
84.534
85.8031
84.5146
86.1626
86.6323
85.1658
86.3612
84.3057
84.9056
83.7509
83.62
83.2503
84.8569
82.3206
82.9112
83.7602
82.9049
81.8353
82.5032
83.0986
83.5919
83.1103
84.8099
84.3357
86.2543
84.4221
86.7127
86.3012
86.2656
85.7541
87.8168
86.9381
86.6971
88.4773
87.6257
86.7504
87.1684
86.3223
87.5862
85.6171
86.5078
86.0045
86.8671
85.4287
86.4924
87.5366
85.9427
86.3906
87.9103
86.5967
88.3895
87.6698
88.6218
87.5357
89.5874
87.9384
88.3067
87.9822
87.7404
85.9254
87.1656
84.7764
85.7411
84.9663
83.9715
84.9202
84.9312
84.7905
85.4849
84.6676
86.1711
85.6555
87.5464
87.4739
87.1911
88.5133
86.4871
87.1939
88.0087
86.8473
86.2079
86.4882
83.8481
84.3423
83.8876
83.5889
83.264
83.3962
83.0453
82.8715
83.9088
83.949
84.2762
84.4926
85.6615
87.0302
86.8746
89.5944
88.8769
89.5349
89.4661
90.1598
89.2
89.3127
88.9094
88.921
87.6627
86.9514
87.0881
86.6439
83.9882
84.4774
84.5059
84.2381
83.6984
84.5303
84.6385
84.6477
84.7284
85.0714
86.0008
86.1906
86.3983
86.338
87.146
86.177
85.6375
86.56
84.8375
84.6819
84.9577
84.0862
82.9794
82.8963
82.7346
82.1405
81.9335
81.4997
82.9817
82.3326
82.5418
82.9392
84.9437
83.2204
84.8458
84.6036
84.6866
86.2608
85.8897
85.9303
86.225
85.1465
86.1003
84.6028
84.7392
85.0584
83.991
84.1113
83.0187
83.0813
84.0256
82.4475
83.4215
83.2539
82.2585
85.3795
82.9296
85.8642
85.6238
85.1243
86.5175
85.8931
87.9302
86.3356
87.3221
87.0938
86.2673
86.192
86.2953
85.2019
85.379
83.5201
84.6565
83.5355
82.9569
82.9389
83.5331
82.8341
81.8423
83.5386
84.1421
83.139
83.7429
84.2216
83.7593
85.6533
83.5644
85.9018
85.631
83.6791
85.5136
84.7972
85.2289
82.8557
84.4624
84.3927
83.7326
84.2327
84.7418
85.2104
84.6294
84.5976
86.2287
86.4589
86.2496
86.4167
87.9418
87.6659
88.2403
89.0816
88.2502
87.5541
87.5375
86.9792
88.1594
86.8026
86.3019
86.4763
85.9608
84.6464
85.4409
86.0496
85.1823
84.0709
86.2715
85.9399
86.9656
87.1381
87.6347
87.8212
88.1978
87.2565
90.248
88.5086
88.7494
88.2354
87.5682
86.6629
86.4876
87.4852
84.8675
84.9144
85.8887
83.2066
85.1269
83.8613
84.511
84.9624
84.3935
85.1855
85.1711
86.5394
85.978
87.2549
86.6842
87.8805
87.7108
88.7718
88.252
88.2927
88.6422
87.3585
88.7753
87.6074
88.0914
88.1426
86.9216
86.9897
85.8766
86.88
85.2695
85.1995
85.5482
85.1559
85.4478
85.19
86.7819
86.6256
86.0996
86.8145
86.9297
88.3925
87.2113
88.8191
88.2195
88.7463
87.6117
88.1415
87.545
86.8933
86.3594
85.621
86.4215
84.9024
84.6756
85.0689
84.4694
83.0944
83.6412
83.887
84.4147
83.3429
84.1128
84.5701
84.8067
83.6896
85.7676
85.3588
85.2789
85.3032
85.3141
86.6301
84.2604
85.5671
86.0814
84.896
84.0707
84.4161
84.7312
83.8108
83.7851
84.039
83.3166
83.5445
82.8471
84.4652
84.31
83.8769
85.0836
85.1125
85.5622
85.8394
86.6574
86.0687
87.0014
85.2317
86.419
85.8383
86.2166
85.113
84.9161
85.3955
84.0477
84.083
84.0698
83.1139
83.7037
82.901
84.311
84.8408
84.6534
85.1046
85.8747
85.942
86.178
87.7059
87.4335
86.986
88.0436
87.5737
87.6475
86.9486
86.5023
85.0309
85.0128
84.6878
83.9544
84.0779
83.6395
82.7964
82.7796
82.9386
84.358
84.3032
84.5945
85.1358
85.5194
86.5392
86.3596
87.1993
87.7697
86.727
87.6137
87.6285
87.1336
87.114
86.0825
84.5629
85.2431
84.7776
84.4026
84.1916
84.8949
83.7889
84.2628
85.0353
85.6811
85.0886
86.1869
86.624
87.2257
87.3155
88.7852
88.119
87.7703
87.6342
87.1937
87.6086
86.407
86.3607
87.0903
84.4452
86.3515
85.3145
85.0218
84.3861
84.7169
84.1321
84.8668
84.6958
85.3028
85.803
86.0044
86.4639
86.6638
85.7128
87.717
85.4431
87.6135
86.4328
87.2303
86.8165
87.3013
86.2997
86.6332
85.9633
85.5344
84.2005
85.3169
84.1997
84.9168
84.893
84.981
84.0103
84.7466
83.2838
85.179
83.9188
84.4994
85.3017
84.9524
84.3911
85.5498
86.0574
84.3513
85.3077
85.8717
84.2299
85.6391
84.6885
85.1916
84.4389
83.9435
83.1879
83.6217
82.9694
83.2716
83.5374
82.4486
82.8797
83.3497
83.1366
83.5266
83.3092
83.9111
82.4253
84.3073
83.3958
84.7903
84.5931
83.5896
82.4377
83.5288
82.756
82.8312
83.6764
82.8549
83.2093
83.4525
82.923
84.358
82.9022
83.5959
83.5364
84.9599
84.2481
85.2141
86.444
83.9617
84.5452
85.4046
84.3682
85.6124
84.5906
85.3445
85.0607
83.8938
84.6748
85.5092
84.8522
84.3923
84.6764
84.0975
84.0674
84.4675
84.6373
84.01
84.5969
84.4779
84.7953
84.8204
84.8628
85.7785
84.757
85.5077
85.0138
85.9709
86.4731
85.2333
85.7613
85.1903
85.4493
85.4542
85.5777
84.9713
86.2467
84.2151
85.2556
86.198
86.4618
86.2757
86.5842
86.4811
86.983
87.7346
87.6257
87.4361
88.2074
87.1005
88.253
87.2147
87.8048
86.8051
86.6516
85.2614
85.4985
85.5208
85.5903
85.6221
85.4053
84.8553
84.9584
85.119
85.5004
86.0669
86.8921
86.2776
87.4203
87.4503
87.5319
88.0702
87.7986
87.2323
87.8465
86.2674
85.9985
86.2808
84.5564
84.727
83.323
84.1624
83.1542
83.0916
83.9056
82.4732
83.756
83.3932
83.7268
85.139
85.3652
85.9545
86.5467
87.5335
86.4885
88.5858
86.293
87.0135
87.4493
86.7371
85.6536
86.1736
85.638
83.472
83.7127
83.6029
82.5954
82.9279
81.5995
83.7369
81.4124
83.7646
83.2987
84.6051
84.9824
85.3467
86.1213
86.6045
86.6239
87.6124
87.5753
86.299
86.8405
87.0595
84.2926
86.1893
83.6075
83.7288
83.3785
82.0813
81.9967
81.5675
82.5905
82.2617
81.883
82.9146
83.5237
84.9485
84.7838
85.6686
86.3248
85.8617
87.0922
87.1611
86.7085
87.1918
85.7602
86.0621
84.7775
84.5754
84.7572
82.7681
83.3395
82.5293
80.6385
82.9945
81.4254
81.7599
82.2679
82.4001
83.6086
82.6181
84.3263
85.5114
84.3729
85.741
86.0977
86.1475
85.7921
85.2204
86.9603
84.6314
84.9721
84.6391
83.6761
83.4491
82.73
84.0364
83.3198
83.2553
83.2209
83.3678
83.3877
83.7662
83.7275
85.0441
84.0026
84.9658
85.0976
85.6095
84.9909
85.9857
85.4365
86.1154
85.437
85.9421
86.2541
86.1619
85.2694
85.7453
85.9313
84.9598
84.3915
84.6341
84.5855
84.5062
85.7448
85.2846
85.8839
87.0808
85.7946
86.7786
87.9157
88.0795
88.6292
89.4477
88.7987
89.2209
88.529
88.7861
88.5151
87.9471
86.7049
87.0939
86.6187
85.4311
84.8399
86.0643
84.6894
85.3047
84.94
86.4634
85.9343
87.3903
87.6239
88.1552
90.3727
89.3466
90.5127
91.0859
89.4754
91.3119
89.2807
89.5081
88.6583
87.7184
87.3211
86.7714
84.621
85.8808
84.5069
83.3747
83.6415
83.4495
84.8658
84.487
85.1342
86.0814
86.6546
87.1617
87.2157
88.688
89.5099
88.6718
90.682
89.3655
89.4644
88.974
88.5324
87.9404
86.7301
86.6432
84.3712
84.7611
83.9765
82.7505
83.5947
83.6197
82.3022
83.5555
82.9071
83.3583
84.4922
84.2577
85.247
85.8299
86.2229
86.4205
86.7871
87.1648
85.4789
87.3767
86.2965
84.5543
86.6596
84.6799
84.4518
83.8576
83.3732
83.0341
83.2182
82.179
83.2648
83.3439
83.7125
83.6686
85.0978
85.7485
84.762
86.4217
85.4836
86.2498
87.4293
86.4689
86.2867
87.4186
85.2532
85.923
84.9672
85.1779
83.692
84.499
82.8014
83.2559
83.4783
83.9616
83.0983
83.6718
83.5996
84.3368
85.0963
84.626
86.113
86.6927
86.5249
86.1811
88.0643
86.8334
86.1344
86.3365
86.3985
85.1253
85.858
84.7659
84.5763
84.8803
83.8219
84.221
84.3745
83.556
83.9663
84.3895
84.3378
84.4122
85.3708
85.4398
85.4043
87.2356
85.8643
87.6183
87.0898
87.4861
87.1453
88.0511
86.5463
87.1391
86.8404
85.8611
86.4304
85.5843
85.3828
83.689
84.5141
83.3319
83.7875
84.6757
84.1733
84.6281
85.4863
85.7247
86.533
86.6752
87.9139
87.9615
87.5547
87.5064
88.4222
88.7566
87.1727
87.6521
86.5423
87.0166
84.1248
85.7355
84.6337
84.5521
82.9344
84.7269
83.5773
84.4329
84.5342
84.809
84.852
85.6795
86.3377
87.4827
87.9991
87.2241
88.2311
88.1717
87.1731
88.0224
88.3925
87.7348
87
86.7099
87.2599
85.9614
85.2913
85.19
84.5987
85.2102
83.7526
85.4601
84.8762
84.157
84.2547
84.9158
84.738
86.5164
85.7832
87.5938
86.211
86.8081
87.5562
86.6191
88.375
88.1201
87.7316
88.7899
86.2849
87.3088
86.5342
84.9628
85.9952
83.97
85.0272
84.2075
83.8802
84.5708
83.0885
84.0358
83.3407
84.9697
85.3277
85.7444
87.4366
86.5709
86.6946
88.4748
87.378
89.4015
88.1352
88.4236
89.2743
87.9783
87.2921
87.4053
85.8928
86.5714
84.2073
86.6096
84.6053
83.9649
83.8918
83.8711
84.4765
84.034
84.273
85.9494
84.9085
86.5137
86.1306
86.8924
87.1979
85.9026
87.1179
86.7301
86.595
87.0922
86.2732
86.5571
85.8186
85.0065
85.1863
84.7639
83.9463
84.1515
85.3612
84.8278
84.5006
85.8513
85.2657
85.5236
85.4052
86.318
85.5657
85.6771
85.3127
85.7591
84.9804
84.6624
84.1592
84.4028
83.2809
82.6786
83.599
82.254
82.7888
82.1817
82.4096
82.8396
83.8507
82.5516
84.8652
83.6237
84.3661
84.4782
85.031
84.6713
84.1763
85.2063
84.6377
83.9202
84.3286
83.3315
83.0732
82.5306
82.0331
83.3412
81.2553
82.9293
82.0154
82.592
81.5945
82.8837
83.8428
84.3174
83.2306
85.526
85.1365
85.667
86.2885
85.5814
87.2315
84.9358
85.4736
86.4666
84.2888
85.5547
83.3897
83.8608
83.7393
82.6863
85.1451
82.9198
84.6944
83.8364
83.5971
86.4192
84.924
86.63
87.6899
86.7215
87.3457
87.9144
87.5951
88.537
87.0164
87.3767
87.0769
86.7496
87.0431
85.9051
87.1535
84.4493
84.5158
85.4645
83.6958
85.3072
84.4848
83.3401
84.9368
83.4529
86.2658
84.838
87.2164
86.7331
86.6392
87.6735
88.0947
87.0319
89.2337
86.9725
87.8514
88.0363
87.2046
87.6273
86.1129
85.0087
85.3301
83.705
84.5782
83.5904
84.9924
82.389
83.228
84.4649
84.0316
83.9692
85.5864
84.7342
85.5738
85.8981
86.9293
86.8297
87.765
86.4515
87.9271
86.2912
87.5105
85.6039
87.1865
84.5047
84.5814
84.8412
83.4768
83.0505
83.8172
83.0237
82.4986
83.8605
82.3321
83.365
84.8169
83.7536
85.6785
86.046
85.5739
85.8197
87.4482
85.7589
86.4846
86.8102
85.8084
86.4615
86.1226
84.5891
85.602
84.2261
83.8673
83.4629
85.0603
82.8524
84.0586
84.7868
84.8568
84.3352
86.5918
84.8314
85.9221
86.0042
85.9847
87.8099
86.7732
86.9475
87.099
87.1114
85.674
86.5033
86.077
84.1435
84.4418
84.9269
82.9576
85.2142
83.483
83.6675
83.901
82.7187
84.2729
84.7765
84.3361
85.2567
84.5741
86.0806
85.3289
85.3438
85.7245
85.468
85.6403
83.1877
84.6731
84.9687
82.0844
83.1395
82.6182
82.0349
81.6971
81.7908
82.823
82.3242
81.4637
83.4344
82.8729
84.4278
83.0598
85.6978
84.97
83.8838
85.6989
86.4449
85.4351
86.2497
84.501
86.0494
84.4419
85.0831
83.8511
85.1332
83.8895
83.5746
84.24
84.39
82.6558
84.2375
82.7599
84.3141
84.5076
84.492
86.0747
85.5807
84.844
85.9202
86.3414
87.0261
85.2794
87.5916
86.0882
86.0764
86.2235
85.5798
86.0992
84.3143
84.5275
85.803
83.9853
85.2271
84.7486
85.1968
85.0783
85.8834
87.0546
87.4998
86.2389
88.414
86.774
88.5123
88.2718
88.6454
88.9399
87.3388
87.4047
87.3208
86.6567
87.9637
85.7281
86.3815
85.4375
85.2724
85.3716
85.1643
85.7653
84.7483
86.031
86.335
86.5465
87.1885
87.7621
87.1495
86.9674
87.9089
88.5219
88.6471
87.5432
88.4767
87.0709
86.7406
86.0471
85.5771
85.499
83.6017
83.5639
83.9804
82.9443
83.7127
83.4165
82.4942
84.0623
83.8664
83.7693
84.5651
84.9968
85.9145
85.764
86.9591
88.3702
86.8935
87.3601
87.0598
85.9944
86.6461
85.4073
87.1182
85.0293
84.7093
85.2427
84.6781
84.4354
84.1609
84.5088
85.0944
83.2649
85.3163
86.6692
86.5767
87.3514
87.8358
87.7661
89.7676
88.2282
89.5708
90.1655
89.2767
88.5122
89.1312
89.7899
87.2419
87.1851
88.2844
85.8708
84.8148
85.4546
86.0484
84.4288
84.7142
84.8836
86.6676
85.5513
85.7094
87.7851
87.4413
86.8527
88.2891
88.9955
88.6668
88.4605
90.3257
87.4116
88.6571
87.3945
86.7887
86.1596
85.0716
84.2549
84.3897
83.2722
82.5541
82.844
83.6994
82.4236
82.357
83.4782
83.0449
83.0165
84.4931
83.4747
85.0378
84.9688
84.7011
86.8484
84.68
85.453
85.2281
84.6139
85.0545
84.4063
85.823
84.0727
83.858
84.2475
82.7944
83.773
83.2054
82.8098
83.2929
83.3628
83.0643
84.9013
84.2922
84.1522
85.5308
84.8024
85.5477
86.3191
87.1206
86.6103
86.3998
86.7737
86.3233
87.671
85.3845
86.5319
84.9192
85.4443
84.6431
84.2821
84.8177
83.5053
83.5152
83.3171
83.1708
84.2669
83.3386
83.9077
84.2273
84.3047
84.2779
85.7245
84.9258
84.935
85.877
85.5254
85.6318
85.455
85.5444
85.5416
84.3657
83.9231
84.4351
84.5634
82.8811
85.4432
83.7386
84.4502
83.667
84.2455
84.6348
86.0285
86.0352
86.22
87.2079
86.8018
86.5827
87.6242
87.4555
86.1998
87.101
86.5775
86.4946
87.7089
85.5068
85.4682
85.1605
83.6528
85.2582
85.6583
85.1895
86.0853
85.9683
86.174
87.4357
88.3423
87.6184
88.4516
88.5203
88.8583
89.369
89.919
89.0889
88.7457
89.1704
86.859
89.0373
87.1029
86.882
86.5633
87.4641
86.2639
87.968
87.3396
87.2589
87.6605
88.3363
88.3474
90.122
89.3311
90.5123
92.0707
91.3048
91.3326
93.1488
91.588
90.0966
91.5611
90.2568
90.6444
89.9192
88.7233
88.8946
87.3373
87.0866
86.5617
87.3789
86.0757
87.3842
88.5355
88.1932
89.0416
90.3908
90.0395
90.5371
90.4913
90.6009
91.9286
90.7609
90.0536
90.3305
89.0504
87.1545
86.31
85.3135
83.4997
82.0468
81.9016
79.4315
79.7787
79.7222
79.1954
80.3021
79.8654
80.5826
81.0873
81.67
82.5354
83.1434
84.5827
84.8423
85.6855
85.0917
86.023
84.7248
84.4224
82.9127
83.3074
82.4579
81.4638
81.6911
81.0039
80.219
80.6783
80.0961
79.6644
80.2783
80.8634
80.6353
80.766
82.4471
81.8885
83.5567
82.8163
85.4207
83.8164
85.4778
85.1172
85.9838
85.9388
85.7655
86.9088
85.8445
85.3113
85.4517
83.9458
83.8834
83.7124
82.7725
83.0485
82.7877
82.4376
82.0604
82.2354
83.0361
83.324
83.1952
85.7253
83.6605
86.1283
85.2743
85.3323
86.508
84.1957
86.0968
84.5437
84.1848
84.3363
84.2952
83.9479
81.9832
83.2188
82.1029
81.9215
83.0031
82.5898
83.1007
84.6181
82.8203
84.8119
84.4505
84.7492
85.0795
85.4485
85.1789
86.2902
85.5031
86.34
84.5682
86.4864
84.3547
84.9634
84.944
83.8538
83.7862
84.7965
83.1093
83.3297
83.3796
84.405
82.6719
83.7681
83.9303
84.4963
84.3613
84.5362
84.8909
85.8558
84.8974
85.6433
85.5167
85.5787
84.0188
86.4877
84.8222
84.0298
84.5982
84.7464
83.5841
84.3106
84.3673
84.3448
84.2252
84.204
84.3975
85.8617
84.6383
85.5523
85.7524
85.827
85.7587
86.9132
86.0655
86.2512
85.5066
85.6884
85.5912
85.038
85.3299
85.0702
84.1155
84.0967
84.4303
84.4314
83.9928
84.5283
84.6186
85.239
85.7067
86.1262
87.3973
86.8008
86.2585
87.5093
87.1866
86.8715
88.0061
87.5657
87.0882
85.5959
86.3447
85.8807
84.1254
85.301
84.6668
84.1614
83.0955
83.9654
85.3409
84.2089
84.6233
85.0104
86.0012
85.6428
86.4928
87.8782
89.0935
86.2806
88.2227
88.9114
87.8758
88.8949
87.9776
87.6937
86.3148
85.8429
86.5365
86.2465
85.3486
84.5607
85.5534
85.1868
83.9919
85.4465
85.7331
84.8946
84.2117
86.1137
86.1148
85.7307
87.0345
86.1576
86.7606
87.5275
85.9226
86.8916
87.2891
84.7651
86.8057
86.5128
84.7987
85.6772
85.1198
84.621
83.551
84.8655
84.0135
84.6533
84.9509
84.703
86.1565
85.2399
84.8666
85.7302
86.3623
85.2159
86.2745
86.3068
85.9203
85.097
85.6195
84.5337
84.3404
84.3532
83.8423
83.898
83.5893
83.5864
83.9231
83.1524
84.3693
83.7522
84.924
84.6558
84.0138
85.7461
84.8595
85.9114
85.4434
85.5229
84.9612
84.4824
84.1288
83.8651
83.8367
82.7122
82.2855
82.5874
82.4765
81.8312
82.6056
81.7538
81.458
82.5185
82.6847
83.9349
84.179
85.3882
84.8959
85.323
85.4775
85.8785
86.2789
85.7144
85.8698
86.4164
85.7106
85.9706
84.2866
84.2574
82.9231
82.3086
81.3513
82.1646
81.5088
81.2397
81.1726
82.6166
81.516
83.0445
83.47
84.2106
84.3726
86.1563
87.5791
87.9294
87.9951
89.0948
88.2813
88.1672
87.159
88.0506
87.2633
85.3867
86.1723
84.7548
84.5102
83.2754
83.4161
82.2434
83.1775
82.8304
83.6395
84.0799
85.0284
84.3482
86.4737
86.2143
86.7247
87.4846
87.2423
87.8266
87.3836
87.3476
88.8505
86.7867
87.2702
86.0677
85.5654
85.3566
84.1
85.2178
83.7918
84.4466
84.0591
83.3637
85.4668
84.139
84.5699
85.567
84.9908
85.7321
87.1305
85.5479
88.5756
85.6611
87.1701
85.9453
86.7153
85.9979
85.3832
85.5729
85.1549
83.9085
85.5041
83.4487
84.7417
83.9957
84.6141
85.5366
85.4706
85.8718
86.7336
86.8631
87.265
87.5923
88.9365
87.7831
87.3321
89.0538
85.9659
87.7772
87.5515
85.5904
87.0669
84.8454
85.1006
85.1778
83.8997
83.4382
85.0525
83.3555
84.3015
84.8795
85.7212
84.218
85.9417
85.6863
85.1758
86.4761
86.5603
85.9775
87.7059
86.0735
86.2966
85.985
85.2554
84.0388
84.3262
83.9831
82.7706
83.3796
82.6919
82.0797
82.8473
82.7969
82.9725
83.4642
84.8699
84.2356
85.5678
86.0216
86.2409
87.0175
87.457
87.1962
87.695
87.961
87.5374
87.0896
86.5429
84.7269
85.7006
84.4604
84.2158
84.2284
84.1726
82.6949
82.5674
83.2575
83.4082
84.058
83.9296
85.7402
85.4518
85.831
86.6696
87.0236
88.1055
88.0011
87.8725
89.5197
86.9226
88.8109
87.6759
87.0639
85.6414
86.0257
84.1438
84.894
82.6214
83.9717
83.4894
82.3132
82.5354
83.6321
83.9062
84.5822
85.0471
86.6793
85.734
87.5536
87.6558
89.5575
89.4481
89.1802
89.554
89.8544
87.6479
89.5053
88.6575
87.4088
86.3968
86.847
85.6526
85.6458
84.9105
85.3651
84.3784
84.8632
84.7843
86.0665
85.9475
86.9346
87.1966
88.7718
88.443
90.2803
91.4016
90.4436
91.0004
91.1858
91.1809
90.7612
90.3494
88.7038
88.7002
86.7487
85.8422
86.3511
84.56
83.5933
82.8217
82.9311
82.3677
82.2941
84.7878
82.9572
84.0355
84.1741
86.1375
85.5708
86.0682
86.7202
86.8556
86.7097
86.9937
87.2956
87.604
85.015
85.1904
84.0006
83.5812
82.3579
83.6809
82.9555
83.2698
82.3062
83.3012
83.192
82.07
82.326
83.0103
83.2604
82.4867
82.8823
84.8377
82.3532
82.2015
82.8804
83.5967
82.7246
81.8019
83.9315
82.6739
82.03
82.9538
83.1908
83.2845
83.4082
83.3724
83.5578
83.1534
83.3813
83.6155
84.9626
84.5334
84.4496
85.4698
85.0955
84.9979
85.0886
84.7875
85.1788
84.6936
83.7513
84.5947
84.5459
82.4037
83.4651
83.3297
83.092
81.8999
84.5817
83.6266
84.392
84.3335
84.958
86.1744
85.9037
86.5832
87.4203
87.0195
87.6893
86.9895
87.5178
86.6203
85.7219
86.3123
84.8866
84.2742
83.3904
83.1854
83.0245
82.8752
81.6179
82.6675
83.1608
82.6105
83.5752
83.82
83.8218
84.4825
85.2568
85.9265
86.503
87.0827
86.9163
86.7529
85.9665
86.0623
86.6859
85.7134
85.7934
84.3206
84.2455
83.9498
83.3122
83.9569
82.932
82.7542
82.8992
83.6095
83.347
84.372
84.4905
84.9156
85.5212
85.7389
87.4273
87.2579
86.7998
87.4381
87.2852
87.1326
86.9428
87.8532
85.9919
85.5743
85.3605
84.7245
84.1931
84.9574
83.825
84.1346
83.0447
84.0942
83.1307
84.1367
83.5005
85.4207
84.54
85.7963
86.3952
87.488
87.5011
88.0956
87.2469
88.2102
88.3445
87.7659
88.0515
88.2192
87.2016
86.719
85.4803
86.1312
84.1666
83.6811
84.2625
83.8876
84.2602
85.1976
84.3236
85.5907
85.11
86.4236
85.9634
87.4781
87.4216
87.805
87.6975
88.8311
88.0011
88.0901
87.3959
87.1338
84.7441
85.6654
84.6322
84.2198
83.0824
83.4107
83.4421
83.4148
83.1604
84.454
83.8076
84.7815
85.4377
85.6775
86.8462
86.4234
86.6678
87.4578
86.0327
86.391
85.9501
85.4806
84.3921
83.3574
83.7429
83.0593
82.3924
82.2142
82.3628
82.5199
82.1355
83.375
84.3329
84.2357
84.2707
85.6853
86.5433
85.8392
87.3191
88.2573
87.217
88.2303
87.0419
86.3635
86.4535
85.0076
85.2792
85.0133
82.9056
82.99
82.8926
82
81.6812
82.1433
82.6338
81.858
83.6947
84.6774
84.7769
86.4376
86.9195
86.8538
87.985
87.7472
89.0559
88.3003
88.2654
87.4794
87.1574
86.7917
86.289
86.4203
83.9736
83.4614
83.6769
82.6007
82.518
82.8534
82.1455
83.0617
83.3064
84.54
84.7801
85.5273
85.0954
86.4091
86.0986
87.1811
86.7546
88.0152
85.5599
87.1474
85.2108
85.708
84.1721
83.0578
82.3652
82.2551
80.9545
82.0013
80.8505
81.734
80.1038
81.6817
82.0344
82.7716
82.6579
83.3053
83.285
85.1449
84.6679
86.1125
85.1429
85.3661
85.8023
85.3132
84.7703
85.3628
84.3373
83.9661
82.2799
83.3037
82.1635
83.0948
80.8111
82.2832
81.7723
82.1035
82.8559
84.1339
82.3088
85.0812
84.7208
84.7794
86.0621
87.1425
86.5665
88.183
87.1555
88.571
88.4983
87.5603
87.1883
88.0342
86.672
86.4401
87.735
85.7312
87.142
85.1194
86.5552
84.5804
85.819
86.0257
86.9582
86.3289
86.5478
87.8393
87.5823
87.0131
87.121
88.3383
87.1368
86.7782
87.9315
86.8136
86.8109
86.0519
85.2898
85.3447
83.6912
83.8632
83.8792
83.441
82.7651
83.4991
84.651
83.3479
84.7634
84.7211
85.5707
84.8096
85.6953
86.3712
87.312
85.4462
84.9602
86.8256
84.6118
84.0988
84.3605
83.6446
83.0678
79.8713
82.3332
81.1839
80.617
81.7168
80.8206
82.2127
81.1453
82.9139
84.216
83.9817
84.2432
85.0137
86.7115
86.2663
86.5607
87.4108
87.3141
84.5082
86.2203
85.4572
85.1134
84.6929
82.8782
84.2221
82.527
82.2024
83.894
83.5876
84.9975
82.2207
85.7171
86.5097
85.1009
88.4464
88.3267
89.3286
90.1567
88.5344
91.023
89.0334
88.7082
88.7528
89.7628
87.0849
87.9439
85.2586
86.1161
83.0101
85.3551
83.9976
84.5976
84.6895
85.1683
85.8649
87.6846
87.1743
89.5682
88.1011
91.4823
89.1304
91.2986
92.2263
90.1425
90.2656
89.5847
87.7143
88.6188
86.1082
85.9847
84.1877
83.087
81.9653
82.2269
81.3902
81.8209
80.9412
80.9843
81.1075
82.8418
82.4382
83.6496
85.1089
84.5784
84.2756
86.2555
85.6885
86.4169
84.8572
86.8837
85.1119
84.2677
85.0846
84.2447
82.7743
81.7959
81.2056
82.037
81.3267
80.7203
81.2724
81.1198
80.5411
81.4658
82.6377
84.0839
83.53
84.4586
85.367
86.5157
86.0809
87.1179
87.7385
87.1007
85.9093
88.5108
87.7482
86.7826
86.4546
86.2394
85.6824
85.4022
84.8195
86.9583
85.9987
85.0219
85.8637
87.096
86.436
87.6871
87.5526
88.3847
89.0585
88.9301
90.2991
89.9197
89.9973
89.7307
89.7959
89.1837
89.2323
88.4344
88.4144
85.8025
85.6953
85.4438
83.8502
83.6041
84.4877
83.7544
85.0945
83.3497
86.1631
85.0302
86.5528
87.0003
88.0928
89.1732
88.5323
89.8142
88.506
87.7504
88.3498
86.2668
85.8052
85.43
85.4452
83.2665
83.9753
82.3371
82.4655
81.9995
82.1659
82.3525
83.442
83.8607
83.52
85.8473
84.5434
86.6806
87.1687
85.1362
87.8333
87.1398
86.1896
87.664
85.78
86.6993
84.5074
84.4129
83.3761
82.724
82.6257
81.8958
82.027
82.1603
82.195
82.5949
83.998
84.3487
84.1757
85.5832
86.4263
87.4213
87.2773
89.8765
88.8824
89.4465
87.7955
88.9415
87.9573
86.5347
87.4712
87.0518
84.7614
85.2212
83.4918
84.7636
82.5107
83.3063
83.9274
82.9012
83.1249
83.9214
85.1773
84.8043
86.1309
87.5241
88.3959
87.8624
88.612
88.4943
89.6616
87.7363
88.7785
89.6443
87.3306
86.8387
86.2497
84.583
84.5695
82.5043
83.3139
81.6488
82.4669
82.7092
82.0941
83.108
82.4002
82.9257
83.3387
82.5933
85.9759
84.8789
85.351
86.02
84.9599
85.4707
85.4308
84.1196
85.8813
83.1384
83.9107
82.238
82.3294
82.2115
81.2045
81.574
82.01
80.4303
81.8636
80.8234
81.9189
82.034
82.304
84.0536
84.0775
83.8181
85.5545
84.5373
85.9069
84.0871
86.9301
85.2346
84.7765
86.1542
84.7689
85.1729
84
84.9813
85.1476
84.0464
85.0779
85.2807
86.0132
84.9557
86.2954
86.624
87.1485
87.6103
88.6604
88.3711
88.0623
90.401
88.072
89.513
88.9447
89.1038
89.0936
87.2038
88.7689
86.5155
86.6169
86.0845
85.1205
85.3199
84.7816
86.1544
83.9737
86.0339
85.6277
86.0886
86.3778
86.76
88.3369
87.638
87.8007
87.7661
87.9714
86.1441
87.3105
85.8632
85.1926
84.712
84.6273
83.1265
82.8861
83.8611
82.9402
82.2886
83.5471
82.6602
83.3557
84.4795
84.569
85.2307
84.8591
86.3307
86.7854
86.1479
87.7424
87.434
87.8903
86.4729
86.7863
86.9768
84.8226
85.5022
86.0013
83.5458
84.4343
82.9355
84.3466
81.7467
83.2554
83.0376
83.6355
83.7011
85.446
85.3185
87.0867
86.8115
87.6859
88.2919
88.3239
88.852
89.1975
88.3458
89.6399
86.1206
88.9256
85.3406
85.7352
84.6191
83.1001
84.5275
82.9994
83.1036
84.6324
82.4681
84.2078
82.9711
86.0873
84.8985
85.5325
87.0027
87.6989
87.0654
89.0325
87.4965
88.6866
87.6734
86.4175
86.9253
86.2234
85.5104
84.6258
82.9017
83.4826
80.764
82.8671
79.9934
80.14
80.9403
78.3716
80.1154
79.6014
79.2753
79.7398
79.9816
80.8882
80.1252
82.0673
80.8234
81.451
81.2985
81.7769
80.9197
82.2064
79.4795
80.8556
80.7999
79.2863
79.6014
80.4154
79.3081
79.5722
79.2502
79.6522
79.4131
79.7384
79.2021
80.5599
79.9277
80.9624
80.7478
80.5615
80.9405
80.0389
81.3959
80.65
81.4206
82.2669
82.8238
83.0938
83.8091
83.9121
84.623
85.1148
85.1475
86.5979
88.226
88.8956
88.5271
90.2126
90.291
91.0162
91.1046
91.5983
92.3463
92.1334
91.8059
91.9872
90.9568
92.0857
89.6262
89.2898
88.6362
86.7983
87.0424
85.9045
86.6791
84.6817
86.2797
84.2862
86.2678
86.4016
87.5332
88.6396
88.739
89.8405
91.9184
92.3434
93.0852
93.6416
93.3073
91.4549
91.3032
90.6667
88.6304
87.6091
86.5382
84.3863
83.4695
81.8571
81.0623
81.3907
79.6251
80.6278
82.2533
81.0023
85.3012
83.3168
86.5819
86.2785
87.3409
89.3373
89.374
90.723
90.0208
89.9088
89.9044
87.6225
88.1081
86.4327
85.6019
84.4926
84.0062
83.2631
82.7515
81.8983
82.6032
82.538
82.5695
84.1282
84.7353
86.8578
85.6991
88.0853
88.4189
88.0814
91.0088
89.2131
90.827
90.3887
88.8741
90.0138
88.1955
88.2054
87.2194
86.4465
86.0342
85.1926
84.8576
84.3532
83.8469
84.8277
83.2334
84.552
86.0427
85.14
85.4839
86.2231
86.1534
87.0927
86.2024
88.7116
87.7932
88.0305
87.4961
87.6246
86.6045
85.5404
85.4962
85.1389
84.3165
84.7356
84.3529
83.7027
82.8847
82.5768
82.3356
82.2439
82.2857
83.1588
83.276
83.5886
83.4868
83.4743
84.7259
84.0037
84.1846
84.591
84.4066
84.4731
83.1656
84.4945
84.1139
83.1394
83.1804
83.7061
82.6653
83.1568
83.0718
82.454
82.9863
82.7087
83.1856
84.3216
84.1432
85.3299
84.1966
85.0104
84.5428
85.7315
86.5477
85.828
86.9503
86.5675
87.1881
86.5858
86.6511
86.1246
86.786
86.7116
85.8856
87.7573
86.1236
86.3045
87.4061
87.4371
88.0701
88.4052
88.2634
88.9561
89.0071
89.766
90.9203
90.3919
90.6291
90.1272
89.9794
90.7831
88.8123
90.448
89.1643
87.4449
87.7091
87.667
86.2915
85.7347
84.3405
85.2087
84.9262
84.8701
84.742
86.2325
85.4105
86.2157
86.8812
88.5443
87.361
88.2079
87.9966
88.7309
87.594
89.318
87.249
86.8798
85.7428
83.4575
84.3757
83.4103
81.7212
83.0803
81.4179
81.709
80.958
82.3961
81.9023
82.3495
82.0991
83.6273
84.1383
84.8382
85.7101
85.4854
86.653
85.0204
85.1441
86.6631
84.8229
85.53
84.5101
83.7049
82.657
82.5409
82.2087
82.0176
81.4178
81.5519
82.9492
82.0634
83.7818
83.8124
85.0716
85.7712
86.1289
87.9315
88.0245
89.2146
89.0331
88.6342
88.903
87.7339
88.6908
87.3243
87.124
85.7672
84.7575
84.7325
83.032
84.0756
82.714
82.3282
82.5171
82.32
83.4248
83.0073
84.5193
84.9039
85.4702
85.6415
86.8624
86.715
86.9112
85.8341
86.5065
85.9547
83.9534
86.6996
82.9395
82.0067
80.7934
80.2461
79.0517
77.4381
77.8156
77.6571
77.1721
77.3577
77.0612
78.4692
76.8623
77.2178
79.225
79.6977
80.3834
81.3949
81.9626
81.7146
82.4312
81.674
82.9639
82.0228
83.1022
83.0265
84.1901
84.2561
83.6742
84.8531
83.7175
84.5079
84.6266
86.0183
86.1574
85.4435
86.7881
86.8335
86.887
86.6269
86.3391
86.291
86.6565
86.1052
85.8354
86.46
84.8995
85.4739
84.8589
84.7073
86.5897
84.9412
87.1879
85.7052
88.8162
88.1482
89.8047
90.4771
90.9979
91.5154
92.328
91.2432
90.939
89.3054
89.4812
87.5267
86.3043
85.5092
83.7869
82.9295
82.2834
81.6634
82.6685
82.2961
82.6967
83.6564
85.379
86.2669
87.9669
89.4578
90.2827
89.3204
92.5286
90.6412
91.2904
89.8594
88.7779
89.1751
85.6486
85.9413
84.0832
82.6156
81.4888
79.3715
81.1394
79.0961
77.9596
78.9971
78.0208
79.6765
80.2101
80.7812
81.5083
82.185
81.798
82.9106
84.3237
83.85
83.6558
84.001
83.0039
81.818
83.3096
81.1975
80.493
79.5026
78.6491
79.2039
77.4905
79.6787
78.1448
79.349
79.9478
80.6524
83.1924
83.2365
84.5587
86.1579
85.9624
87.7935
88.6942
89.3685
89.2703
89.6815
89.1671
89.1935
89.05
87.294
86.2274
85.4786
84.2608
82.5652
83.5287
81.8929
81.396
80.121
82.5129
82.2129
81.3373
83.1074
81.8447
83.9333
84.856
86.1623
88.3475
87.9794
87.9836
88.6956
86.4164
87.3091
86.1763
85.6984
84.2431
83.0072
83.7837
81.8318
81.8684
80.8485
79.2867
79.8587
79.4303
79.2822
80.0354
80.7165
80.9957
81.6671
83.4873
83.2897
83.0994
84.7759
83.3874
84.66
84.9531
85.4314
87.1016
85.9408
85.6533
86.4249
84.2735
86.6684
84.6673
86.0022
86.2768
85.7338
87.8728
86.8359
88.5136
89.7332
88.2131
91.1449
91.0024
92.9073
92.4537
94.1325
92.9061
92.5508
93.9499
93.363
91.6601
92.2325
90.2245
88.7767
88.0557
86.6464
87.3839
85.5931
84.9759
86.0343
86.9588
87.7192
87.9751
89.5167
90.6012
90.4763
93.3114
93.0404
95.156
94.8041
93.0824
92.9173
91.4958
89.1818
88.9504
87.5797
85.3742
83.5438
83.2005
80.4753
79.8874
80.2089
80.2529
81.0068
81.8841
83.525
85.2204
85.948
87.2343
88.4904
90.4139
90.5647
92.6464
93.072
93.1408
91.4486
90.7921
88.8161
87.4045
87.2294
85.3865
84.1748
82.1638
81.2173
81.3061
80.2763
81.1543
81.2271
83.4115
82.6814
84.8026
85.9672
86.5681
87.5381
88.9899
89.6603
89.4068
90.3315
89.6693
88.2921
87.7081
86.9255
85.3986
84.7008
83.7995
83.0974
83.0785
81.6376
80.9074
81.8757
80.1317
82.3194
82.1564
84.4329
84.6112
84.7651
85.5785
86.5877
88.0897
87.9351
88.6704
88.9361
88.5376
88.1343
89.0957
88.027
85.8692
86.1649
84.8098
83.251
83.1299
82.3272
82.3422
80.7618
80.5625
82.089
81.5074
81.4946
82.4443
82.3044
82.18
84.1645
84.5844
85.9924
85.6815
85.3866
84.7618
84.3927
83.2509
82.5932
83.5268
81.5043
81.7175
81.4867
79.7221
81.0779
79.5406
79.585
79.33
78.9719
78.3114
78.8974
80.2082
78.6249
80.6337
80.3198
79.1817
80.7605
80.4514
80.2466
80.5493
81.4307
79.6285
82.3864
81.0832
82.0968
81.3302
82.1999
80.7077
82.1771
82.9762
82.9724
84.2227
85.2296
85.4256
87.7589
87.7657
88.629
90.7865
90.7923
90.0846
93.7808
92.8394
91.2028
94.1645
92.2592
91.5591
91.3015
90.6075
89.8427
89.1325
88.3826
87.169
86.7063
85.7224
86.5953
86.6663
87.6582
87.5021
89.9992
88.5141
90.5913
91.5262
93.1446
93.4276
94.5206
93.7206
93.8005
93.55
91.7195
90.5503
88.9687
86.9268
85.9244
83.848
83.1565
81.6251
79.3083
80.9743
81.1349
81.1853
82.9027
84.3293
83.9746
86.4529
88.0057
89.1363
90.0695
91.1775
91.5038
90.1576
91.3046
88.9461
88.5675
86.632
84.7648
83.9839
82.8559
81.5937
81.2627
80.3522
79.5728
80.7968
81.6469
81.2038
83.7863
84.7952
85.9867
88.0011
88.7807
89.8968
90.1857
91.6595
90.6516
91.6532
90.0353
89.7975
86.9056
86.5063
84.7209
83.1647
82.384
80.2025
79.4059
79.4401
78.9662
80.686
80.5496
82.3009
82.6242
82.934
84.6194
86.8018
87.5547
90.219
90.1854
90.3909
90.7647
90.3164
89.7484
88.7751
87.3385
87.0018
84.4946
83.7041
81.826
82.3228
78.4088
78.3706
77.0838
77.104
76.8899
78.5302
77.6945
79.3192
78.02
80.6662
80.8071
82.3575
83.0351
83.7111
84.2192
83.8961
83.4544
84.0227
82.4849
83.4569
80.8945
81.503
81.1965
80.0164
79.882
79.3886
78.7588
80.4665
79.0405
80.4549
79.7178
80.0823
79.8911
81.9975
79.8981
82.227
81.3562
82.228
81.9659
83.9834
83.1642
83.0183
86.7407
84.3756
86.2644
85.7766
87.5773
88.751
87.7412
90.7375
91.1891
91.237
89.7362
91.0616
90.3274
90.3809
91.0799
91.6585
90.7645
89.6848
91.4174
89.8822
89.6429
90.4009
88.1667
89.3067
88.635
90.8969
89.287
90.3445
90.0252
89.7677
93.5217
90.6183
91.3427
90.5693
90.8309
89.9456
90.4548
91.1359
91.1444
88.0783
85.1763
85.3755
83.1389
83.0119
83.4559
83.219
83.4966
83.0112
86.0498
85.8828
87.1188
87.7197
88.1225
90.2659
88.973
92.2968
90.0439
89.3613
88.8409
86.3252
84.5772
85.4393
82.9815
82.3587
82.1557
80.3251
81.2344
81.2663
81.3532
82.8518
84.7713
85.5487
85.2362
89.1264
88.5442
88.6733
90.7651
89.6875
91.0863
90.5249
90.0727
87.8476
87.406
85.474
83.6991
84.0196
82.1996
81.5496
81.2623
79.2896
79.8556
80.9365
80.9291
81.2581
83.8073
83.4363
85.0016
86.8352
87.2928
88.2607
89.6151
90.9127
90.0795
91.5503
89.7428
88.6737
87.9592
85.3242
85.6817
83.601
83.684
80.9756
80.9346
79.5714
78.1854
79.9183
78.0608
79.3357
80.0686
80.4552
82.4012
81.2173
83.131
82.7473
84.3519
83.5815
85.5392
84.9371
84.443
83.6708
81.8149
82.9178
80.586
81.1429
80.9462
80.068
79.861
79.4711
80.9333
77.8265
80.2512
79.3611
81.0929
80.7641
81.6206
82.7225
83.1826
82.7188
83.0455
84.4601
84.08
82.6653
85.6435
83.5152
84.358
84.4144
84.5071
84.3676
83.1682
83.5051
84.7663
84.3036
84.6302
85.3931
86.7361
86.2106
88.1195
88.8931
89.5557
89.238
91.11
91.5335
92.0196
92.2128
92.0868
93.2447
91.9177
91.6124
91.1448
89.7168
89.2796
87.3262
86.9914
86.1093
84.6894
84.0205
82.9061
84.8699
82.6384
85.9937
85.9184
86.1105
86.4299
89.9743
89.9849
91.8673
93.4092
94.1267
93.8193
93.3299
92.0754
93.0656
91.2487
88.7184
87.8827
86.6019
83.8034
82.6744
81.3953
79.3346
80.8543
79.1802
80.9337
81.9323
83.4173
83.3811
85.4103
87.3414
86.754
90.5576
91.6059
91.7314
91.8968
92.9725
91.5606
90.9496
88.4018
88.1766
87.0352
85.4862
84.1343
83.6264
82.3816
80.1179
80.1679
81.3131
80.2567
82.5763
82.7449
82.6183
83.9796
83.1338
85.2169
84.9313
86.1358
85.125
86.9849
85.2
83.1359
84.0266
82.5654
80.0115
80.9839
80.6942
79.9487
80.6611
78.0311
81.6486
80.4442
81.338
82.7213
85.1643
84.8559
86.1849
87.7016
88.9872
87.265
90.1935
88.4206
89.5271
87.3476
86.7669
86.0874
83.9705
80.8579
80.3564
79.0673
76.4895
76.7454
77.8784
76.5534
76.3518
78.1544
77.0555
78.6896
80.1344
79.9756
82.9011
82.251
82.9626
83.447
82.7709
80.8062
80.9083
79.859
76.6191
78.1924
76.6574
75.0283
76.9145
74.3642
75.5503
74.4692
76.3424
75.64
77.1536
77.9718
78.9855
79.8924
80.2236
81.2715
82.6789
82.74
82.8516
83.8236
84.2232
83.8547
84.9264
84.3799
86.2226
85.2018
85.5665
86.8922
86.6447
86.5903
88.2321
88.6496
89.0145
91.0223
91.64
93.5774
94.4231
93.4921
96.5204
95.6895
96.4116
96.6738
97.3203
97.0532
96.1703
94.9082
94.165
91.0989
91.9338
89.9784
88.7608
87.9966
87.2333
85.3614
86.1482
86.1137
86.1492
88.3599
87.1851
88.7001
91.2698
91.5328
92.9924
94.938
94.8746
95.3005
95.5564
94.8235
92.7818
93.8249
90.5459
87.9205
87.4062
83.8774
82.4248
81.3518
78.104
78.666
77.2793
78.0958
79.2364
81.1433
83.2372
84.329
86.757
87.7639
88.6649
93.1846
92.9062
94.5287
95.2829
94.5144
92.3761
92.0188
89.426
86.6514
85.6643
82.5251
80.5349
80.9009
78.1902
76.0985
78.5595
75.5228
77.9867
80.2787
80.9283
84.1793
85.0597
87.8257
90.141
91.0318
93.8618
93.1946
95.6254
92.7334
94.1362
92.3634
90.6464
88.8364
86.5686
85.2488
82.5593
81.6459
80.0366
78.2548
79.2263
77.8321
80.0564
80.1683
83.2622
82.7745
86.2829
85.6599
89.3625
88.5299
91.7298
91.7649
91.4115
92.8802
90.6198
89.4504
89.0435
85.6076
85.7322
82.2084
82.3248
80.4331
78.8307
77.872
77.0964
77.8205
76.3896
78.0145
77.4916
79.3152
79.298
80.9883
82.0035
82.6822
84.3802
84.2552
85.5962
84.5528
84.8324
83.1592
83.3473
81.6675
80.6337
81.2749
79.1109
79.4678
79.2518
76.4352
77.8825
76.0385
76.389
76.711
77.1531
77.9284
79.0442
79.161
80.0871
80.5464
80.1746
82.2366
82.1271
82.662
82.8351
84.5685
85.2961
83.4913
85.519
84.2308
84.7704
85.6123
84.7871
86.2396
86.1316
86.4531
87.6296
88.0379
89.8329
89.8095
91.8898
92.6629
92.6005
94.2053
95.2722
94.1195
95.3681
93.7571
95.5363
93.4983
91.6666
91.9715
90.3457
88.5622
87.166
87.5072
86.9924
85.0706
86.2534
86.0776
85.2805
88.2453
88.1001
89.3904
90.8409
92.4172
94.24
93.5295
95.2074
95.5313
94.4537
94.735
93.2155
92.9737
91.1911
88.449
87.6179
84.7193
83.4619
81.7467
80.5442
80.3554
79.5675
80.2446
81.1486
82.5216
83.3213
85.5141
86.2932
87.5734
88.3053
89.7695
92.1465
91.9942
91.715
92.9778
90.8378
88.6483
88.7669
87.6496
85.2128
84.1176
83.8561
82.0147
81.3355
81.7164
82.4297
81.0341
82.2185
81.9672
84.8794
84.3095
86.0556
87.4315
87.7084
88.5773
89.6095
91.086
90.0048
90.0394
89.2121
86.6633
87.1192
86.8186
85.1645
84.9191
83.569
82.469
80.8613
81.7036
80.2526
81.5766
82.8105
83.1165
84.0757
86.1365
86.1534
87.7757
89.2063
88.3462
91.4327
90.441
90.7441
91.1298
90.0363
87.9692
87.1008
85.754
83.0567
83.1198
81.6248
79.6351
78.8883
78.8002
76.4967
78.0494
77.5469
78.4892
78.7323
80.0048
79.5394
82.786
81.8541
83.758
83.3515
84.8235
83.5942
85.1913
83.9654
83.385
83.6978
82.8405
80.6694
82.8904
81.0982
80.9781
81.5523
80.3758
80.1505
80.5896
79.9442
81.0745
81.4755
81.7574
81.5146
83.8578
82.69
82.5968
84.0429
83.4001
82.6204
85.2435
83.1527
85.351
84.2314
85.5272
85.1797
84.9435
84.7285
85.4386
85.9165
85.9313
86.1724
88.7537
86.8118
87.7129
89.4137
86.8919
88.4154
89.7143
88.1549
90.0904
89.685
89.1562
89.3211
87.5616
88.8027
86.1504
86.8548
85.9074
85.7318
85.3991
83.5651
84.5722
82.6095
81.8828
82.32
82.8022
82.7869
83.254
84.1776
84.2501
84.0445
84.4836
85.9785
85.7064
86.7533
85.2963
87.1035
87.4835
84.5206
85.7131
84.9223
83.135
83.1887
82.0417
84.3984
81.4272
83.4609
82.3958
84.1812
82.3241
82.9516
84.8077
84.7834
84.0266
87.624
88.205
86.7899
88.0527
87.7055
88.8975
88.5902
87.1677
90.0745
88.0548
88.2934
87.4835
88.5579
86.5998
84.2801
85.4695
85.0348
84.0437
84.712
85.3938
85.299
84.3286
85.71
86.7459
88.0611
86.4316
89.6389
89.6646
90.7491
89.0127
90.3208
90.1501
87.2407
88.0233
85.8639
86.477
84.5304
83.5086
83.5545
83.2348
82.2092
82.5243
82.3981
82.3331
83.71
84.7936
85.7294
87.6081
86.8508
88.7493
88.8168
89.8284
88.2646
89.9821
90.0615
88.2999
88.62
87.9532
87.5297
85.0633
83.702
83.7996
82.8087
82.3798
81.0965
83.2569
80.5531
81.5209
81.6132
82.1376
80.9379
82.2002
82.3215
84.3929
83.8097
85.0589
85.2866
84.2215
83.6841
84.1916
84.2661
85.0665
82.3879
83.9401
82.571
81.8198
81.4192
82.0182
80.9569
78.9521
79.8572
80.8301
79.7197
81.0554
80.52
81.9751
80.2474
81.6705
82.9674
84.0012
81.7595
84.1136
83.2578
84.9233
83.3173
84.7325
84.7564
83.3619
83.1908
82.0807
83.7029
82.3946
82.4791
84.4246
83.0676
84.2076
85.1834
84.4287
86.7316
85.7613
88.564
89.1523
89.1726
90.5162
90.6456
90.8468
90.4511
89.2627
90.2215
89.4701
87.9578
89.072
86.9246
86.4663
85.7214
83.4281
84.1839
84.886
84.0128
83.8936
86.8656
85.276
86.0197
87.736
87.3184
88.7536
90.4239
90.0026
92.1486
92.0226
91.3736
90.9814
91.2631
88.8832
88.9212
86.9793
86.5569
85.0401
85.2992
83.5912
83.5362
82.9725
81.9354
83.265
84.3842
83.8554
87.4322
88.5753
89.3311
90.2598
93.0339
92.692
92.6171
93.6747
92.8035
91.8768
92.6193
89.9527
89.8731
88.6472
85.0855
86.6812
84.2317
82.3999
83.277
81.2384
82.7419
82.3957
84.4555
85.2879
85.9435
87.9302
88.2739
90.1499
90.7245
90.6946
94.3078
92.6915
93.1128
93.9876
91.6984
90.2276
88.5284
87.0292
86.8002
83.2805
84.5088
82.3274
81.2021
81.3748
80.0507
81.9249
81.9945
82.6651
85.4301
86.3643
87.4678
89.038
88.5238
90.9815
91.0194
91.4649
92.1983
90.4731
90.2494
88.694
87.9291
86.0162
84.6451
83.9501
82.6357
80.8548
80.7578
79.3122
79.886
77.9365
79.3819
80.5158
80.1623
81.0891
82.0624
80.2532
83.4173
82.8525
84.0627
84.5533
83.3964
84.7904
82.4321
82.3007
82.3335
80.561
81.5469
79.3754
80.1284
80.3799
77.4784
79.4029
78.0804
76.6866
80.2626
79.0065
79.5515
80.181
79.9945
80.9089
79.8399
81.117
81.7594
81.0394
82.9009
80.3254
82.6274
82.1545
80.4882
82.1746
81.4197
81.1397
83.9115
82.8668
84.1752
84.2803
84.891
85.8747
86.3754
88.4367
88.0506
91.2618
90.7127
89.9508
93.1326
92.5152
91.6633
92.928
90.8175
92.0123
91.3435
90.1099
90.4809
89.2493
88.0041
85.5889
86.339
87.0141
83.8791
87.0174
84.5358
84.7826
87.4247
86.5368
88.5947
89.9585
89.0582
91.7583
92.1686
93.2779
93.5846
94.9363
93.2237
92.9206
92.1892
90.5699
88.4981
88.3699
84.549
83.5487
83.1036
81.4649
79.6824
80.8369
79.3438
78.8492
81.3176
82.7759
83.5433
85.6799
85.3141
88.787
89.3899
89.452
91.7577
92.2971
91.1259
91.4168
90.0874
90.4775
87.1081
87.5524
85.7354
83.7104
82.7272
81.885
81.6835
81.7129
81.2094
81.5806
83.3354
83.6262
84.5908
86.6311
87.4601
87.4568
89.1024
91.4799
92.0508
91.8692
92.3613
92.0157
89.671
88.5295
88.6394
87.5829
86.9147
84.7228
84.1982
84.3686
81.2368
82.006
82.6989
80.8769
82.3737
84.3885
84.3999
86.2718
85.5805
86.1485
87.3182
88.1741
88.9068
90.641
90.4124
88.6404
87.6828
88.9836
85.2183
84.5665
83.9879
82.3814
81.7118
80.4362
80.3087
79.0099
77.4534
76.8667
77.7874
77.1128
78.0781
78.6864
78.6066
77.6689
80.0879
80.195
79.7919
81.0107
79.9041
79.6661
80.8111
80.3103
80.6186
79.2332
78.9519
78.913
77.7027
78.33
77.5697
77.9363
76.0515
76.8712
77.8444
76.6466
77.724
77.492
77.1883
78.0187
78.3809
78.4109
80.2106
78.7215
79.898
79.5698
80.8943
81.1713
79.8413
82.0003
81.3274
81.7628
84.0102
84.3458
87.6585
85.3956
88.3548
89.2111
90.2898
91.6346
94.2593
94.7429
95.4275
96.8778
97.8315
96.9153
96.5905
97.0151
94.6689
94.1933
92.7197
91.5699
90.4319
86.836
86.4517
85.276
82.7771
82.9675
82.2492
82.3523
81.0212
83.7934
84.6449
87.0309
89.4735
91.2655
94.885
95.7082
96.3896
98.7594
99.9488
99.7351
99.1301
99.2043
96.4423
93.2598
91.1795
87.9929
84.3715
81.8913
78.5338
76.8486
76.6664
75.0379
77.8664
78.4489
79.6419
82.6235
86.3723
89.0203
91.462
95.5119
95.3021
98.5313
98.5507
100.288
101.58
99.2849
96.6606
95.8747
91.9718
88.5976
86.1322
83.1888
80.9006
78.7042
76.7775
77.0082
77.1289
77.1841
79.0051
80.4924
83.6344
85.2792
87.9925
90.4635
93.67
93.7964
94.4182
96.8061
95.6735
94.8843
93.2083
92.2621
88.1868
85.5706
82.8639
81.3173
79.1662
77.0666
76.5437
75.1696
75.1499
76.0296
78.8201
80.3702
81.428
83.5614
85.6653
88.6829
91.6982
91.3235
95.8591
95.1138
93.9415
95.1126
93.644
90.9325
88.5459
85.6783
83.4553
80.4386
77.8312
77.3221
74.0257
72.0786
70.8411
70.975
70.705
70.8672
72.9194
73.9086
74.2505
76.3271
77.6901
80.0467
80.8535
82.5099
82.9601
83.4779
82.9138
82.057
82.6398
80.713
80.4296
80.05
78.9509
79.311
78.6629
77.2358
78.8658
76.2603
75.984
78.2623
78.3396
78.7439
79.7927
80.2304
80.8203
82.3176
82.0983
83.3001
85.0956
83.2119
84.5135
86.4342
85.7777
86.2146
87.8166
87.3805
88.0026
89.85
89.1639
90.6517
91.6506
91.0278
92.134
94.6211
95.4868
95.3382
98.4499
96.6672
97.4765
97.8744
97.5658
97.8007
97.1134
95.682
95.3443
94.381
91.327
90.9611
89.6365
86.0231
85.7613
86.2476
84.1872
83.0884
84.6279
84.3683
84.9582
87.2416
88.4167
90.5041
90.5351
92.5348
93.5221
95.6416
96.5047
96.7783
96.953
93.3049
93.3899
89.9056
88.936
85.4025
84.335
81.2776
80.0518
77.8562
77.7862
