47.5745
48.5516
47.7424
47.8994
48.9806
48.2219
47.7127
49.1786
47.3092
48.4919
49.1342
49.1596
46.7792
49.8211
47.2198
48.4791
48.1255
48.7878
47.7035
49.6427
46.7963
48.9667
48.5362
48.8337
47.1058
50.2137
46.2966
49.1605
49.3801
48.1767
48.4326
48.8544
47.9611
48.5886
49.2507
48.8592
47.7209
49.928
47.7869
48.2004
49.2051
48.2593
48.2274
49.7759
47.9863
48.3606
50.496
47.6271
49.4006
49.2396
47.4565
49.2504
48.8874
49.6523
47.5712
49.6552
48.2802
48.9659
50.2394
48.3252
49.2732
49.2427
47.5006
49.153
49.2921
48.7771
48.15
50.127
48.24
47.8229
49.9727
49.182
48.0166
49.7654
47.6953
49.4108
50.1257
47.2256
50.0707
48.9708
48.0154
49.6384
49.5548
49.7812
47.7004
49.6599
48.2318
48.4205
49.5952
48.3119
49.0538
49.6287
47.2445
49.2286
49.6622
48.0381
48.7161
49.7233
47.077
49.3763
48.8808
49.0867
48.0099
49.5933
47.4161
49.7654
49.4971
48.2707
49.2121
49.2314
47.6096
49.064
49.04
48.9854
47.8278
49.7605
47.8414
48.4192
49.4106
48.2764
49.1779
48.1722
47.7942
48.8583
49.4655
48.1417
48.3548
49.1561
47.9947
48.713
48.9521
48.715
49.2914
47.7823
48.9226
48.5868
48.2927
48.5675
48.5827
48.827
48.3872
48.2023
49.2005
49.1304
47.8356
48.5687
48.5051
47.8387
48.8093
48.7733
48.4972
48.5446
48.3595
49.0717
48.325
48.6333
49.0858
48.7231
48.2346
47.6173
49.2433
48.4329
48.8029
48.6303
48.2734
48.2753
49.1709
48.5869
48.1181
49.9251
46.7931
49.4723
49.4082
46.8776
50.2281
47.8296
48.9767
48.2107
49.5034
48.8955
48.3415
49.5314
47.058
49.0466
49.4496
47.8848
49.7534
48.1729
47.5448
49.5961
49.1977
47.9686
49.1565
48.5125
47.7038
48.769
49.964
46.7262
49.7687
48.1375
48.1901
49.0613
49.7378
47.5086
50.5303
46.2337
48.6164
48.8477
49.0808
47.8347
49.464
48.1992
48.4194
48.3937
50.2555
45.9635
50.9223
47.1514
48.3148
50.5187
47.6415
48.5559
49.1484
47.8231
48.5199
49.4033
49.0239
47.6028
49.4846
47.3613
48.9588
48.7782
48.6635
48.8
48.4522
47.8973
48.2919
49.8931
47.8069
48.0101
49.9201
47.7966
48.5808
49.2637
48.9255
47.89
49.2247
48.5155
48.3262
49.1868
48.6858
49.0448
48.425
48.6448
48.1825
49.3376
48.1649
47.7212
49.2049
47.3899
49.2838
48.3156
48.4637
48.5356
48.1427
48.7022
47.876
49.233
47.6307
48.3712
48.8693
47.1735
48.8111
49.2777
47.8819
48.7557
48.2458
48.2589
48.2252
48.4288
48.5648
47.886
47.9218
48.6777
48.2144
48.1791
48.4088
48.1809
48.8059
47.2514
48.315
48.8155
48.9184
47.3496
48.4109
48.0096
48.5887
48.6895
48.4065
48.5253
48.0888
47.8163
47.9965
49.6452
46.6737
49.2079
48.4025
47.304
48.3801
48.9012
48.6923
48.0468
48.2848
48.7978
47.4454
49.1823
48.2681
48.8325
47.4066
48.8729
48.7914
49.1996
48.0021
48.7461
48.7965
47.6927
49.3959
48.0372
48.8604
48.2091
48.1458
49.4737
47.2758
49.9126
48.2227
48.3999
48.3373
48.7174
48.3668
49.0158
49.2422
47.5447
49.401
48.3867
48.6123
49.5827
48.3118
48.6396
48.9792
49.1332
48.3572
48.9363
48.6981
47.9054
49.8325
48.1829
49.2615
48.8783
49.5412
46.991
50.1417
49.1522
47.4227
50.2894
48.7969
47.8138
49.2699
49.3954
48.8454
48.8158
49.3982
48.4448
49.7375
47.9319
49.4799
48.7975
48.8869
47.9078
50.0962
48.8247
48.5684
48.6553
49.8447
47.5738
49.92
48.6988
48.3755
49.6584
49.1886
47.0599
50.5124
48.2592
49.2392
49.4561
49.0541
49.0644
48.5739
49.6467
47.7398
49.4654
48.9162
48.3756
49.1273
48.5242
48.5598
49.0309
49.2277
47.8028
49.8523
48.1687
48.0045
50.4953
47.7834
48.671
48.9358
48.983
47.7314
50.0112
49.0645
47.4061
50.2371
47.61
48.4782
49.2009
48.2226
48.8357
47.9303
49.6492
46.834
49.7389
48.239
48.8424
48.1059
48.0827
47.944
49.3313
49.0606
47.5856
49.0498
47.8211
48.38
50.0411
47.8901
48.9245
48.7482
48.6366
47.4761
49.0159
48.214
48.7816
48.3936
47.9059
49.0198
48.8931
48.9873
48.8061
48.4001
48.9833
47.5616
50.5631
48.2297
48.7012
48.5869
48.9729
48.9152
49.7113
48.7132
48.6151
50.2149
46.9616
49.3962
48.8192
49.2491
47.9286
49.7266
48.8878
48.318
49.2358
49.0712
48.8604
49.3927
48.3554
49.4299
50.1756
48.3061
49.9657
48.948
49.1669
48.4487
49.7806
49.7045
48.9375
49.152
49.1567
47.9765
49.2371
47.9059
49.5659
48.4893
47.8839
49.2086
48.275
48.7073
48.7607
49.0641
47.8123
48.5761
48.921
48.8683
48.3214
49.4611
47.5741
49.866
48.6126
48.557
49.7797
48.0389
48.0355
48.4186
47.3856
48.7386
48.2485
48.4577
48.0117
47.6871
48.4353
48.2181
48.9471
46.9738
48.2754
47.7147
47.9963
49.0888
47.1569
50.0435
47.0645
47.9806
48.4113
49.4084
47.3768
49.2496
48.3838
47.0828
48.3926
49.2467
47.5075
48.7949
47.6042
47.8276
48.5461
48.5236
47.305
49.3351
47.3182
47.0508
49.8964
47.9918
48.1709
47.9738
48.556
47.4293
48.3785
49.7341
47.0022
49.3845
47.3889
47.6162
49.6671
48.157
47.4803
48.9372
47.5544
47.675
48.8235
49.1529
47.2037
48.896
48.2698
47.3834
49.3183
48.3838
47.2904
49.316
47.2423
48.3397
50.4327
46.9704
48.9396
48.8371
47.7644
48.5299
48.765
48.9718
47.6718
48.6042
48.5917
48.5244
49.592
48.0264
48.1188
48.9168
48.0785
49.0926
48.6348
49.0489
47.7462
49.3938
49.502
47.2847
49.8539
48.8123
48.0563
49.8743
48.5375
48.2041
49.6632
48.5494
47.5359
50.3802
47.3495
49.5861
48.5004
48.6261
48.8205
49.39
49.2774
47.1004
50.17
48.0404
48.3062
50.0982
47.8819
48.5716
49.359
49.834
48.1066
48.9728
49.141
47.6873
49.0422
49.2619
48.4973
49.0737
48.6312
47.8684
49.5657
48.7533
48.3887
49.8689
47.5164
49.08
49.0862
49.7911
47.3388
50.1698
48.0791
49.0147
49.872
48.7922
48.46
49.2863
48.6331
47.8387
49.578
48.8291
48.5962
48.1311
48.976
49.2547
48.0501
50.3004
47.3042
49.5152
48.3137
48.3522
50.3951
48.2147
48.5121
48.7929
49.0873
49.1879
48.3418
50.3595
47.2794
49.4924
48.8979
48.9231
48.5625
49.62
47.3733
48.5479
49.457
48.1413
48.4894
49.2836
48.0757
48.8024
49.194
48.6878
48.8555
49.3079
47.1806
50.5923
47.7947
49.1167
49.705
48.8715
48.4091
49.1129
49.8094
48.586
48.301
50.0062
47.0353
49.9617
48.268
49.3442
48.5418
49.1053
48.595
49.0948
48.191
49.3119
48.206
49.2385
48.2116
48.9298
48.6616
48.8654
49.3753
49.3129
47.4514
50.6033
47.7385
48.7736
49.0971
49.05
49.2407
48.6283
49.6109
48.5285
49.2362
49.9285
47.4647
49.9495
49.0857
48.0735
49.8359
48.1442
48.7318
48.904
48.6585
48.6599
48.3018
48.8669
48.8564
48.8607
49.6994
47.1927
49.8821
48.4086
47.6056
49.7918
49.008
47.9537
50.1706
47.4656
50.1748
48.765
49.9516
47.68
50.0734
48.2116
49.0742
48.1433
50.5999
47.3753
49.4605
48.0886
47.8764
49.1614
48.9145
46.7508
48.8322
47.7556
48.0836
49.2435
48.8882
47.278
48.7586
48.5929
47.3059
49.1529
48.514
48.0455
48.3967
48.7788
47.8062
50.0971
47.9254
48.5962
49.2727
48.7631
48.0205
48.8446
49.268
48.0796
48.0106
49.3592
47.3472
49.1329
49.0256
47.8522
48.37
48.8115
48.0072
49.8267
48.3142
48.8633
48.094
50.3553
47.1065
49.5241
49.0762
48.8495
48.0033
50.6371
47.0922
50.3451
48.1967
49.2369
48.8701
48.9075
47.7999
49.8641
48.1429
49.3484
47.5609
50.2903
47.6947
48.5994
49.7891
47.6895
48.7896
49.1875
47.7751
48.9624
48.2305
49.6265
47.3183
49.7893
47.7499
48.7485
48.7432
47.4613
48.2034
48.0828
47.0757
48.6544
48.688
47.0237
48.6819
48.485
46.6158
48.8626
48.1829
47.9341
48.1074
47.584
47.8467
47.8307
49.3508
46.796
49.3404
48.5337
47.3478
48.5611
48.1879
47.9323
47.5203
48.2399
48.0668
48.3256
47.9716
48.6477
48.4215
47.238
48.4359
48.0777
48.6794
46.9915
49.8448
48.8466
46.6727
49.3722
48.552
48.2623
49.3027
47.5356
49.7416
46.9884
49.8585
48.1106
49.3661
48.4822
48.6333
48.7703
48.7512
47.7042
49.2903
49.078
48.6132
48.2855
49.3034
48.9484
48.7388
48.595
48.916
49.3955
48.6673
49.0094
49.436
50.2663
47.1467
50.5872
48.7262
48.0449
49.479
48.4642
49.4164
48.3435
48.9058
49.1704
47.9315
49.6433
48.4206
49.9791
48.3721
47.3417
49.7048
49.7906
47.9957
49.171
49.3618
49.334
48.7385
49.8841
48.5393
50.0058
48.327
48.8047
49.2725
49.6195
47.6215
50.3827
47.8243
48.8134
48.3393
49.6805
48.3963
49.3089
48.0989
48.994
48.1878
48.9093
48.3769
49.8257
48.4376
47.6356
50.5159
48.9931
47.4371
50.6141
46.8487
48.8162
48.4933
48.2599
48.1939
47.5326
48.1112
48.0488
47.9932
47.3106
47.3044
48.2854
47.0758
47.5818
47.6696
48.5545
47.3758
47.8316
48.1949
47.0676
49.0751
47.9103
48.26
47.3456
48.6666
47.0264
49.5102
47.6542
46.5291
48.6983
47.5786
47.6031
48.26
47.2499
47.3989
47.159
48.9017
46.5877
47.4288
48.4527
47.0315
48.3113
48.5428
49.118
48.5416
49.0208
47.9058
48.8039
49.7784
46.9122
50.2547
48.6986
48.023
49.3948
48.7862
48.3672
49.1764
48.4635
48.4804
49.7845
48.901
48.125
49.2265
48.5216
48.2618
49.2681
49.6721
48.3686
49.0629
50.1856
48.2185
50.2159
48.4982
49.3026
48.9047
48.0848
48.5306
49.4302
48.5278
48.1175
48.8595
48.9486
47.4963
50.2442
47.2514
48.2106
48.502
48.75
48.2893
48.4229
48.3116
48.4135
49.4758
47.9844
48.4228
48.2185
48.3999
47.63
47.2576
49.0607
47.1559
49.011
47.1256
47.9445
48.2961
46.9019
48.4975
47.9027
47.6563
46.9792
48.5099
49.4437
45.1814
48.9809
48.463
47.5876
48.5822
48.5779
48.0406
47.8674
48.0296
46.993
49.4973
46.244
48.0959
48.4207
47.6092
47.9415
47.583
48.8747
46.8139
48.8662
48.0264
47.6812
48.8312
47.6278
48.5055
49.0902
47.5059
48.6683
49.1795
48.7817
46.8983
50.2205
47.6796
49.1226
48.3378
48.2368
49.0514
47.4876
49.1747
48.1028
48.9539
47.8675
49.1265
48.4987
48.6343
48.2
48.4894
49.6464
47.4333
48.848
48.7339
48.3684
49.5286
47.8611
49.3883
49.1474
47.6185
48.9722
48.932
48.1743
47.7327
49.9775
48.0261
48.7697
48.8011
48.8033
48.4482
47.9693
50.1866
47.6185
49.1202
50.0087
48.0338
49.6214
48.5063
49.2531
49.5493
48.4264
49.4185
49.3277
47.9634
49.0666
50.4963
47.9964
48.246
49.9261
48.683
48.3537
49.3305
48.8725
47.9895
49.9118
47.3283
48.9121
49.264
48.7706
48.2486
49.404
48.1353
48.7375
49.5744
49.1992
47.7924
49.0644
47.9554
49.0876
48.5315
48.3338
48.9549
48.6085
47.1287
47.5874
49.1646
48.4263
47.4193
49.8884
48.5062
46.3149
50.0966
48.497
46.7278
48.2802
47.9238
48.7832
48.2081
47.9798
49.4568
47.6038
48.4052
47.7272
49.2376
47.2946
47.788
49.487
48.0269
48.2188
48.4684
49.0522
47.7057
47.9439
49.8132
47.2295
49.1525
48.7882
48.1036
48.5348
49.5604
48.011
49.2065
48.7004
48.1493
49.5151
48.9071
47.9227
48.8466
48.7403
48.6633
48.1898
49.5172
48.1177
48.7878
48.6209
48.6468
48.993
48.3876
48.8085
48.4864
48.8124
48.3802
48.0037
49.9561
48.0974
48.4438
50.1073
47.8416
48.6111
48.3091
49.1379
48.3111
48.063
48.7409
48.3258
49.0542
48.6693
48.6119
49.1844
47.3931
48.8908
48.5696
48.8712
48.2026
49.5574
48.6022
47.6211
49.1952
49.5961
47.6922
49.515
48.4653
48.1185
49.9203
47.5895
49.1689
49.3228
47.6074
49.5143
48.7551
49.3121
48.7915
47.4707
49.7455
47.8363
49.8234
48.3925
48.3195
50.4254
46.6381
48.5696
50.3622
48.4305
48.6557
49.8195
48.3586
48.8671
48.7365
49.5478
48.2412
48.9961
48.1908
48.2215
50.4207
47.2209
48.4635
49.9556
47.3174
49.4324
49.1032
47.5823
49.7473
47.0018
48.8221
48.0562
49.2254
47.7229
48.2119
49.9997
47.0088
47.6542
50.7975
46.4872
47.9696
49.0288
48.3011
48.4414
47.5264
49.2354
48.2815
48.0282
48.0039
48.0021
49.0392
47.3452
47.612
50.1429
46.7511
48.3339
49.3237
47.9432
49.1979
47.9081
48.8156
47.8775
49.1591
46.9302
49.5094
48.8878
47.0528
49.2024
49.251
46.7238
49.5186
48.1364
49.1626
47.5116
49.587
47.9954
49.5533
48.188
48.5378
48.1262
48.9126
48.0729
49.418
49.1217
48.3848
48.7055
49.2847
47.1402
48.9349
48.253
49.0774
47.9864
49.4506
47.4275
49.0638
49.0422
47.9058
49.1016
48.073
47.5649
49.6662
48.822
48.2895
48.5573
49.5571
47.977
49.0206
49.531
48.5119
47.9755
49.5734
47.4219
48.7564
48.6995
49.0615
49.0341
47.829
47.6224
49.4895
48.2188
48.8135
48.2357
48.7127
48.0847
48.4744
48.9597
48.1663
48.7491
48.4996
48.0682
48.9387
49.6278
47.1981
50.1128
47.6378
48.7344
48.3096
48.4797
48.7542
48.6397
48.2099
48.503
48.3565
48.7758
48.5068
49.2653
47.5121
48.1887
48.5782
49.2695
47.7696
49.132
48.3473
49.0572
48.4575
48.7648
48.3894
48.7077
48.49
48.3686
48.643
49.3029
47.0088
49.9254
47.6012
48.8876
47.9072
49.8362
47.6197
49.7048
47.5192
49.0752
48.4328
49.438
47.5377
48.9764
48.3812
48.4077
49.5795
49.5608
47.3218
49.6015
48.2787
48.5538
48.2844
49.5561
47.4832
48.9979
48.7547
47.7949
49.374
48.9101
48.2777
48.482
48.547
47.6926
49.5324
49.2521
47.4484
49.4515
48.5341
49.3731
47.335
49.9791
48.3009
48.734
48.3596
48.4209
49.2489
47.7862
49.6607
47.5999
49.0434
47.9066
48.8506
49.2525
47.9519
48.6365
49.2685
47.8739
48.5122
48.3266
49.1701
48.4043
49.549
47.6565
49.5861
48.9086
49.3091
48.9516
49.0151
48.4421
48.0241
50.291
48.4005
49.1079
48.9514
48.916
48.7276
48.3484
49.8937
48.4369
49.1612
47.8179
50.1566
49.0849
48.4459
50.2708
49.0228
48.1702
49.673
50.462
48.8248
49.0985
49.8871
48.4218
49.8818
49.6551
49.4775
50.0004
48.5615
49.2699
49.7186
50.2266
48.2048
50.8389
47.7707
49.4715
49.2166
49.354
48.411
50.1064
48.0712
49.7382
49.9133
48.0911
50.2597
49.5485
47.8108
49.4141
49.3267
49.383
48.0211
49.7811
47.7217
49.5053
48.5993
48.8025
49.3733
47.7587
49.0481
49.1309
48.8438
48.7905
48.7366
49.6654
46.8481
49.9704
48.3342
50.0594
47.5098
49.9417
47.711
49.2128
48.7369
48.1881
49.0486
47.85
49.2636
48.3992
48.5174
49.0747
48.1752
48.9006
47.4252
49.1493
47.6793
49.6499
48.1657
47.414
49.3451
48.1348
48.3458
48.4759
47.9442
48.4284
48.2791
48.5534
47.6614
48.7667
46.9775
49.3337
46.9696
48.6654
47.0563
48.9897
47.2433
47.7387
49.0937
46.3386
49.0935
46.9843
48.0185
46.7279
48.7652
48.2952
46.6687
48.6625
47.2744
48.1084
47.4079
48.028
48.1234
46.6757
47.518
47.7711
48.5238
47.3673
48.2893
48.1805
47.7019
49.0761
47.1975
49.2195
47.0179
49.3627
46.9283
48.9732
48.8067
47.9369
49.6928
47.3595
49.5134
47.9784
48.5342
48.9569
47.5329
48.7563
48.0042
49.6055
46.9728
49.0676
49.0582
48.1526
48.3089
49.1847
48.4613
48.189
49.6278
48.4571
48.0965
48.8858
48.3434
49.972
48.2332
50.4389
48.3407
49.144
48.0247
47.6638
50.5623
47.8705
48.4873
49.8904
48.1897
48.0049
49.9659
48.3723
48.0815
48.5209
48.4273
47.995
49.5603
48.4053
48.7209
48.7072
48.7692
48.1131
49.2461
49.3395
48.2327
48.8423
48.3755
48.1892
49.2179
48.3208
49.7921
45.8434
50.0784
47.3232
47.4006
50.0882
46.5431
48.3916
47.7285
46.8687
48.5866
48.1073
47.0355
48.3925
48.5147
46.7085
49.4085
48.3649
48.8418
47.1198
48.6435
47.8191
47.8581
50.5197
46.4366
49.2339
49.0543
47.0537
49.8631
46.8889
49.6658
47.422
49.1035
47.2502
47.0974
51.3843
45.7834
50.0123
48.5819
47.6105
49.3864
49.2861
46.9605
50.6565
48.8123
47.3523
51.8528
47.7802
49.1889
50.2824
49.2036
48.3219
48.4735
49.7005
47.3255
50.2896
49.4002
46.4232
51.6282
47.2893
49.2749
48.7213
49.8447
47.87
49.3769
48.0317
49.2131
49.2877
48.0493
48.7871
48.9197
48.4647
47.1538
50.6146
48.3645
47.4483
50.182
46.4471
49.4837
48.9213
48.1714
48.5424
47.6678
49.2406
47.7125
49.8263
48.0578
47.973
48.6227
49.1488
48.4317
48.9152
49.6792
47.0484
50.2918
48.0551
48.8298
49.1003
48.1747
49.3751
47.6099
49.8694
47.579
50.3399
48.2738
46.9634
50.966
47.3966
48.7617
49.4737
49.1672
47.0468
50.5398
49.6738
47.0939
49.8157
48.2074
48.7314
49.1326
49.7153
46.99
49.9172
48.8405
47.1919
50.5463
47.7227
48.4858
50.0736
47.3316
49.2787
48.7663
49.3322
47.1249
49.8685
48.004
47.954
50.4126
49.2564
46.5537
51.2979
48.3601
46.6973
50.5443
48.0053
48.5077
48.8302
47.43
48.7726
48.6987
49.4881
46.5708
50.5545
47.5662
47.2787
49.8159
49.3985
46.016
50.4555
47.3669
48.4299
49.5927
49.1032
48.6486
50.076
46.6718
48.4206
49.8031
49.2547
46.4423
50.7465
47.223
47.8898
50.4764
47.5247
49.3827
48.5154
48.1758
47.7699
49.3684
49.0577
47.6082
49.3322
48.2547
47.6747
50.3068
49.6005
46.5506
50.1282
47.7441
48.0187
49.5533
49.0492
48.1003
48.9354
48.7333
47.8688
49.6978
48.5528
48.1536
49.5274
47.5437
48.4299
49.9363
47.5726
48.5141
48.5452
47.8566
48.9564
48.8216
48.5141
48.6288
47.9072
49.4394
46.9186
49.7514
47.2008
47.9673
49.2071
48.2332
47.9878
49.1043
49.1664
46.6511
49.2118
48.5726
48.4302
48.2513
49.4869
48.5826
48.3951
48.85
47.7481
49.8642
47.6168
49.0342
49.5165
47.4802
48.402
48.7985
49.1503
47.8084
48.4938
48.5758
47.9736
49.4009
47.933
48.9442
49.4264
47.4885
48.3934
49.2251
48.4274
48.2916
49.7379
48.0717
49.819
48.3853
49.9022
49.356
48.5
48.8293
48.3831
48.4314
48.5185
49.0766
49.2643
47.0941
50.4117
47.74
48.6985
47.7927
50.007
46.7155
48.6624
48.6971
47.7795
49.8031
48.4143
48.1793
49.3111
47.0936
49.2887
48.7931
48.7284
47.8132
48.9407
48.5459
47.2379
49.6193
48.4965
48.1407
48.5702
48.8702
47.5867
49.7057
47.7308
48.1516
48.4256
48.1622
49.0696
48.918
48.5099
48.1258
48.8815
49.1551
47.4109
49.423
48.2375
48.6732
48.3102
48.1535
49.122
48.6593
47.8393
49.5072
47.722
48.0415
49.2011
48.9691
48.446
48.6555
48.1659
49.7186
47.0062
49.7673
47.7296
49.2496
47.7716
49.3296
49.3577
47.7836
49.1437
49.0232
47.7176
48.0548
48.4199
48.663
49.0638
47.4523
49.384
48.426
48.178
48.8333
49.0959
48.1747
48.0143
48.2778
49.592
47.4026
49.6046
48.893
48.0999
48.8941
47.8499
49.5683
47.9315
48.8032
48.4518
48.6233
48.2946
48.17
49.0353
49.8022
46.7724
48.7974
48.9288
47.8176
49.285
48.5845
47.5605
49.9556
47.7501
49.0226
49.0011
47.4932
49.3369
48.361
49.6509
47.0257
50.4101
48.9067
46.8953
49.9182
48.0656
48.5321
48.7281
49.0937
48.728
48.5475
49.0792
49.6087
48.6171
49.8843
47.1775
50.3577
48.7781
47.7594
49.9664
49.4449
47.0202
51.1869
47.7684
48.3128
50.4605
47.3289
49.3424
48.7596
48.4522
47.9046
50.1841
49.7262
45.7753
50.9099
47.7206
48.0592
50.4631
48.2687
47.674
49.4299
49.0178
47.8741
48.9943
49.1395
47.6984
50.5358
47.8089
48.0731
50.0931
49.3129
45.7989
49.8403
47.6303
47.4176
49.9205
48.0367
47.4314
49.5917
48.6973
47.725
49.7988
47.2269
47.1728
49.7363
47.8694
47.3095
49.7182
48.5623
47.9375
49.0653
48.7117
47.7177
49.6792
48.5619
47.3063
50.0295
47.0936
48.6157
49.4998
48.5712
47.2822
49.5932
47.6496
48.1377
49.2801
48.324
47.957
48.9983
48.6567
46.8944
50.2923
47.6624
48.7806
49.2112
48.081
48.4837
49.7875
48.9651
47.4792
48.9069
48.4682
47.3153
50.1962
48.3505
48.5336
48.62
49.0558
48.0606
48.3983
49.0932
48.2306
48.3075
49.0947
48.1346
49.3526
49.3927
48.4894
48.1663
50.0136
46.9919
50.0816
49.2052
48.5562
47.5391
50.6971
48.3269
48.0683
49.7946
48.5287
49.0039
49.3092
47.5894
50.2663
48.8891
48.2266
49.0137
49.8586
47.5874
48.0873
50.6982
47.6111
49.4025
49.5803
48.6473
48.4918
48.8305
47.591
49.7015
48.9298
46.9812
49.8115
48.1829
48.695
47.731
49.7002
48.4084
47.9799
49.645
47.7278
48.6491
49.3352
47.3937
49.4517
47.4873
48.2461
49.807
48.5305
47.7312
48.5774
48.6514
47.3472
48.769
47.4643
48.8534
47.9861
48.7141
48.319
48.1314
48.7037
48.0171
49.2091
47.2733
47.5871
49.0826
48.4166
48.5793
48.2195
49.0759
48.4243
48.4832
49.0523
47.1525
49.6035
47.6993
48.247
49.1206
47.7147
47.9766
49.3447
48.5989
47.4222
48.7573
48.7641
47.7437
48.6462
48.7344
48.3059
48.3549
49.0645
47.4191
49.375
48.6279
48.1409
49.7095
48.4953
47.6287
49.8741
48.6522
48.0448
48.1325
49.3836
46.944
49.618
48.6457
48.1409
49.0919
48.7149
47.6483
49.0917
48.3204
48.3871
48.7267
49.2946
47.2168
49.4734
48.0748
49.0326
48.7366
48.8183
47.7565
49.1422
48.1981
47.907
49.7159
48.4253
48.2404
49.0778
48.2927
47.4505
49.9725
48.4565
47.8963
49.1331
49.1977
46.9339
51.1431
48.0904
48.9391
49.3591
48.7381
49.0694
49.4474
49.2762
49.3751
49.1606
49.0698
48.2908
48.8098
49.6479
47.7354
50.2181
48.4892
48.271
49.6115
49.6582
48.8945
48.3038
49.9632
47.7213
49.9368
49.0387
49.5536
49.1769
49.2309
49.3288
49.3939
48.6135
50.3023
49.4542
48.6505
49.331
49.2044
48.7527
49.85
48.7725
48.0622
48.537
48.3734
49.2685
48.5596
49.815
46.6697
50.7065
47.4714
48.4338
48.8609
49.3082
48.4212
49.6582
48.3355
48.6597
49.305
49.5793
46.7983
50.5796
47.1297
48.7591
50.0859
48.5105
48.0625
49.1125
49.1424
48.0874
49.6195
48.4917
48.7366
48.4388
48.9008
48.5052
49.2274
49.5073
47.821
51.1834
47.2341
48.9101
49.9809
48.638
47.8594
49.4531
48.7815
47.7979
49.8601
49.0716
47.1498
49.859
47.2636
49.6606
48.7855
48.5085
47.7141
50.5936
47.1043
47.932
50.2206
47.8716
49.0551
48.7139
49.0488
47.5626
49.7739
48.8953
47.1356
49.6872
47.3529
48.3518
49.343
48.4715
47.6341
49.4261
49.0452
45.9602
50.2089
47.8094
48.0798
48.7649
48.7782
48.0954
48.1412
49.5178
48.5236
48.6188
48.5325
48.4694
49.6973
47.4596
49.0532
48.0732
49.4882
46.9447
48.7891
49.5122
47.3592
48.853
49.2684
47.6126
48.589
49.1241
48.5722
47.6021
49.7144
46.8626
49.4751
49.0008
48.8335
48.1714
50.5169
46.5882
49.7619
49.1608
47.3838
49.2641
48.7696
47.6873
48.6807
49.0156
48.6565
47.872
49.9028
46.6815
49.0282
48.6765
47.6546
48.7765
49.3058
46.8471
49.3926
49.2681
48.5666
47.5279
49.5563
47.9471
48.6268
48.9727
48.5372
48.1942
49.6247
45.8634
50.03
47.9657
47.4949
48.9724
48.685
47.2864
47.8229
49.6012
46.9134
48.5464
48.5566
47.0196
48.3922
48.6408
47.9678
48.7666
48.7572
46.8976
49.8225
48.1428
46.6368
49.6642
47.4772
48.397
48.0672
48.8723
47.5003
49.1147
48.4829
47.1294
49.3738
47.9537
47.1475
49.6199
48.2552
47.8058
48.1801
49.959
46.2407
50.4416
47.5363
49.9378
48.1048
48.8434
48.0233
48.7677
49.1424
47.1728
50.3646
48.1319
47.7489
49.3872
49.1388
48.0951
48.5897
49.2904
47.5025
49.0991
48.5298
48.6005
49.3062
48.3843
49.0507
48.235
49.9924
47.6386
49.1774
49.2351
47.4279
49.6633
48.1909
48.5649
48.7705
48.9494
48.921
47.9338
49.4021
47.3393
49.8805
48.9554
47.6241
48.9768
49.5975
47.4951
48.2095
49.9478
48.391
47.8245
50.1152
47.6908
49.483
48.3337
49.833
47.5761
48.7146
47.781
49.0337
49.4547
47.3965
49.5068
49.2898
47.4459
48.9048
48.5915
48.0917
48.8845
48.595
48.309
48.234
48.6581
48.8638
48.987
47.9441
47.984
48.4332
49.0065
47.8487
48.6729
47.89
48.8832
47.6568
47.5013
49.6462
48.2687
47.2782
49.2486
48.3963
47.4605
48.4154
50.0948
47.6569
47.425
49.1079
48.1391
49.2257
48.8604
48.7796
48.8784
47.7012
48.1117
49.614
48.2333
47.6292
48.4542
48.8693
47.7002
48.9049
48.9746
47.9583
49.2194
48.343
47.4868
49.7422
47.4384
49.151
48.9594
49.0261
47.8113
50.0938
49.163
47.8893
49.1859
48.9538
48.4738
48.7479
48.7537
48.549
48.6732
49.1477
46.9815
49.7649
46.929
49.1574
48.9906
48.8844
47.2282
49.6169
48.7457
47.4528
49.9838
48.8059
48.7511
49.7053
48.2206
49.7585
49.5092
48.7128
48.2141
49.3484
47.9019
48.4209
49.7904
47.1518
49.2813
47.8427
49.3351
47.1724
49.0065
48.6798
47.9137
48.3695
48.8624
48.1325
48.9624
48.5661
48.1808
48.7402
49.0402
48.7856
49.357
48.7433
48.7051
47.8743
49.9851
46.761
49.2328
48.5338
48.3583
48.6575
47.9231
47.461
48.992
48.0666
48.1883
47.8355
49.2616
47.3486
49.4165
48.4523
48.3976
48.2415
49.2726
47.1766
49.5354
47.7994
48.5566
48.6296
48.806
47.8619
48.8466
48.6303
48.7285
48.3515
49.342
46.8583
50.025
47.706
48.2164
49.1832
49.2883
47.8034
49.2661
48.7252
47.383
49.9754
48.9861
48.7025
48.8585
47.8617
48.676
48.6362
48.1444
48.3751
48.1511
47.7293
48.0613
50.1655
48.2229
48.4158
48.5403
48.8264
47.826
48.3674
48.6906
48.575
48.6765
48.5035
48.9758
49.4914
48.5308
48.8534
48.3562
49.3477
47.0311
49.8671
49.1837
48.4635
48.4288
49.0235
48.9008
48.519
48.0351
49.249
47.784
48.9684
48.744
49.0747
48.6043
49.3691
48.9278
48.7725
48.3404
48.0857
49.9683
48.4968
48.7696
49.4329
49.0624
47.9333
49.3455
49.6374
47.2801
49.2019
48.048
49.2044
49.0787
48.4929
49.7823
48.776
49.1803
47.7001
49.2573
49.4315
47.6855
50.2811
48.9825
48.7488
48.8309
50.3687
48.5397
47.3956
50.1006
47.3139
49.3344
48.7125
49.0016
49.0974
48.8987
47.4368
48.7796
49.3836
47.2981
50.1862
47.9054
47.9469
48.3039
49.1631
48.0291
49.2077
48.3806
48.7608
48.4742
49.2792
48.1522
49.9629
47.1094
49.2576
48.4243
49.4441
47.502
50.3139
48.174
48.3229
48.9372
48.8169
49.6404
48.1588
50.125
47.6544
49.276
48.8308
49.0872
49.3992
48.2149
49.6931
48.793
50.3647
47.5636
49.9556
49.0024
48.8165
48.4455
49.9378
48.4159
49.7302
49.1255
49.6864
48.8484
50.0473
47.712
50.4445
48.7127
49.091
49.088
50.6483
48.2307
47.4975
50.5229
48.778
48.2595
49.7378
48.2937
49.4174
47.1012
49.3973
47.4097
49.1025
47.2323
48.2671
49.3677
48.2301
46.6441
50.6367
46.1701
48.9657
47.2501
48.5651
48.0217
48.309
47.261
48.6823
48.1472
48.8307
47.4466
49.7017
46.772
48.1063
48.9199
47.9256
47.0271
48.9043
47.7387
48.4002
46.6849
48.4722
47.9065
47.4114
48.3086
48.1113
48.8392
48.01
47.6191
50.7292
45.3468
49.0841
48.4294
48.5997
48.6243
48.2811
49.0818
48.005
48.2991
48.8602
48.2115
48.6858
48.3333
48.1709
48.9484
48.0572
47.7345
49.5179
47.6032
47.5398
49.2815
47.6423
48.9706
48.3269
47.8964
48.5814
48.48
49.762
48.3475
50.1308
47.7691
48.6616
49.323
48.6511
47.5017
50.3803
47.752
48.6546
48.4173
49.3446
47.295
50.2007
46.9871
49.8102
48.1989
49.295
48.5159
48.544
47.5619
48.9442
49.3656
48.3172
48.9164
49.757
47.3397
51.7348
47.5127
49.5909
50.8421
48.8552
50.3978
48.7479
51.8582
49.4119
49.1806
50.9146
48.6981
48.641
49.5668
48.8978
47.6532
49.3563
48.5348
50.0508
47.2897
48.9815
49.7448
47.0519
48.5857
48.8725
48.6158
47.1049
48.662
49.015
47.7761
49.8772
46.6603
49.5649
50.9495
46.2655
51.9317
46.6551
49.3252
47.5914
48.676
49.2974
47.907
47.3763
47.7839
47.4291
46.1179
46.8895
48.2957
46.8603
46.5874
48.0963
48.7529
47.867
47.8192
48.2312
46.7787
47.6393
46.928
50.3077
45.6258
48.5829
48.3058
47.4535
49.5004
48.4489
48.7301
48.6121
48.402
48.7988
47.8871
49.6765
47.3907
49.5637
48.8781
47.0137
50.0764
47.7872
48.7381
48.4216
48.3514
48.9051
47.2246
49.7532
48.6704
48.0715
49.0334
48.4504
48.187
49.2699
47.54
49.5945
48.5555
48.3572
48.9359
48.8185
49.2901
49.5169
47.3411
49.5434
47.3864
49.0735
48.4937
48.6809
48.5987
47.5899
48.9688
48.4904
48.7478
49.1494
48.1147
48.1226
48.0868
48.6731
48.6748
47.5914
49.3169
48.2964
48.71
49.4129
47.8006
49.768
47.5038
48.3217
49.2654
48.5357
48.1153
49.2125
47.901
48.3971
48.9789
48.9386
47.527
49.6067
49.0408
45.9275
50.249
48.4549
47.6315
49.4309
48.0932
48.3281
50.0036
47.619
48.7117
48.7804
48.1055
47.9911
49.5129
48.4146
47.406
49.9631
48.4193
48.212
48.7162
48.9664
48.2523
49.6628
47.7978
49.3171
49.767
48.9381
48.2035
49.6586
48.3846
49.1458
49.4186
48.8637
48.8544
49.0166
48.7493
48.0038
49.3753
47.3996
49.3277
47.8918
48.8559
48.3029
49.313
49.0472
47.0904
49.2776
48.7699
47.7533
49.3611
49.1823
48.4787
48.3444
48.1934
49.8291
48.3863
48.9415
49.0425
48.7248
48.436
47.9686
49.0767
49.0055
47.2331
48.8976
49.1012
47.114
49.6852
48.7827
48.4159
47.6597
50.1376
47.0873
48.7986
49.9237
47.2154
48.7411
49.5429
47.2369
49.6882
48.5939
49.045
47.1047
50.0324
47.3321
49.6127
48.5807
47.8545
49.347
49.2549
47.5043
50.2653
48.1258
47.5977
50.0541
49.7924
46.4252
50.5038
48.2743
48.1743
48.3646
50.2325
46.5978
49.9318
48.717
47.3149
49.6977
48.5801
47.6368
49.9447
46.6187
49.0807
48.8563
48.6941
47.8584
49.6455
47.7107
48.3774
49.8986
49.2332
46.4518
50.2294
47.8668
47.8963
50.1178
48.5791
48.8053
49.3981
47.6983
49.277
48.2848
48.7026
48.0473
49.032
48.554
47.5818
50.1793
48.8039
47.4581
49.3954
48.2541
47.8703
49.5832
48.4232
49.2172
48.7063
48.6195
48.6011
49.4576
49.234
48.1326
50.1347
48.501
48.3436
49.6016
48.9426
48.6528
48.1096
48.5283
48.191
47.9492
48.3198
48.2991
48.7395
47.3621
48.2678
48.8807
48.7017
47.6234
49.3947
48.7446
47.7118
48.5704
49.4315
49.4064
48.9087
48.9555
50.2286
48.0711
48.6561
49.188
49.1671
47.9055
48.6189
48.3577
47.7186
49.2389
47.0789
48.4743
47.7677
47.3478
48.5162
48.3593
48.5781
47.7092
48.4714
48.5252
47.2201
49.6093
48.163
48.9801
48.7823
47.6169
48.9923
49.7682
47.3621
48.2182
49.3754
47.8165
48.7835
49.1494
48.5208
48.2046
48.0627
48.5944
47.5757
48.5284
47.541
49.1153
48.1978
47.6185
49.6175
48.9057
47.7588
49.3491
47.4232
48.5831
48.3674
48.5178
48.5613
48.2373
48.4741
48.4238
48.4788
49.2131
47.6769
49.2122
48.5402
47.8894
49.0588
48.3299
49.2041
48.6529
48.5616
47.5261
48.816
48.7918
49.2666
48.8885
48.5794
48.0976
49.1857
48.0167
48.2978
48.7717
47.8791
47.8977
48.9761
48.8588
47.9528
49.1272
48.3813
48.0623
48.105
48.9569
48.3248
49.6488
46.7094
49.512
48.8207
48.9744
47.7741
50.3663
46.8752
48.8495
49.3097
48.6494
47.8159
49.0094
48.1505
48.4747
49.0444
47.2188
49.8664
47.7541
48.1869
49.6149
48.2992
48.3299
48.2389
49.0953
47.5158
49.0512
49.0143
48.3402
49.591
47.8711
49.1594
49.2736
48.1386
48.2685
49.1633
48.2104
47.625
49.7373
48.4274
48.7132
48.0962
48.6939
49.2811
47.278
49.8621
47.0987
49.9356
47.3032
49.2764
49.4547
47.4092
49.0617
48.7402
48.6245
48.066
48.9357
49.4464
47.3689
49.7315
47.4481
48.946
48.7031
48.4412
48.6675
48.4358
48.9055
47.7645
49.7125
48.2447
48.3343
48.4201
48.3689
49.1194
47.2756
50.0815
48.2614
49.0141
48.3995
48.4183
49.6654
47.6569
48.8725
48.1262
49.0334
47.7513
48.6045
49.5379
48.1381
48.3019
49.0581
47.6699
49.1605
49.188
47.8751
48.2942
49.9739
45.812
50.4156
48.2349
49.0848
48.2558
49.439
48.4696
48.389
49.1299
48.5845
48.4741
49.0692
47.7008
49.4599
48.557
48.9743
47.3235
50.3044
46.7649
49.5538
49.1525
48.6359
47.6119
49.8926
47.229
48.8155
49.3271
48.7254
48.8138
49.9508
47.3063
49.2385
49.0673
48.3312
48.6832
48.958
48.5183
48.5579
49.5162
49.2176
48.3485
48.6937
48.3214
48.8195
49.0371
48.3806
48.9431
48.8407
48.3101
48.2725
49.6918
48.2303
49.4455
48.4402
49.3117
47.5911
49.4712
48.3944
49.3093
47.9154
49.1593
47.9308
49.557
47.4418
50.0563
47.4259
49.2324
47.8747
49.7138
47.9226
49.2004
48.404
48.5861
47.9646
48.702
49.0495
49.5358
47.4898
49.8172
47.4373
49.2649
47.7256
49.6506
47.7913
48.4536
48.0405
48.8816
48.6459
48.861
48.2398
49.3496
47.3589
49.8844
47.8308
49.9182
48.3361
49.5901
48.0982
50.0571
48.0463
49.7922
48.6378
48.6347
48.8206
48.0602
49.3243
48.7865
47.7893
49.0458
48.0053
48.7027
48.2781
49.4242
48.4576
47.7303
48.9344
48.6351
48.0755
49.6173
48.1272
48.4511
48.8994
49.7233
48.1046
49.5192
48.2782
48.4266
48.7213
48.7255
47.8574
49.8968
47.7502
46.2224
49.659
47.007
46.0976
50.9093
42.867
49.6356
45.7625
