69856.5
75496.9
75272.8
69778.4
68690.9
59892
53022.1
48454.3
44724.4
44500.1
44795.2
44948.5
46058.3
43891.2
42996.3
43718.5
45513
46016.5
47971.5
49345.8
45619.6
40240.4
41551.5
40141.6
39467.1
31697.2
20536
19500.2
7609.64
9092.1
7962.95
20942.1
-115.043
-7689.98
-11286.5
-7703.61
-5654.27
-378.446
6975.22
21998.3
19782.8
25225.3
34758.1
46089.8
44566.6
52115.5
57282.8
60314.6
63889
74500.5
62333.3
64762.4
61445.3
60931.9
59878.2
55481.8
56110.8
54467
55723.3
57361.9
58438.4
70293.8
54695.4
64311.2
58775.4
64351.3
65911.5
62921
56966.4
58387.3
51735.4
51669.3
57252.7
57886.5
46088.1
38910.2
36082.8
28147.2
26652
26713.7
16713
26460.5
26032.1
33966.4
41693.5
39307.7
46096.9
42842
45451.7
45204
47610.5
50507.5
48783.4
52108.1
54982.8
61128.2
68057.3
64723.8
67551.4
68421.1
72490.6
75767.4
79519.6
81262.3
81895.8
80059.7
84151
86085.6
91419
88944.7
93708.1
94095.1
96188.3
95033
95908.5
94072.6
96189.3
91877.7
96396.8
97763.9
96674.4
96227
91196.2
89446.9
88059.4
87976.3
88561.3
80425.9
83410.2
79786.3
77217.3
75115.1
69757.7
67394.4
63624.2
62546
67245.8
70140
72591
79212.4
83000.1
84575.8
85136.6
84175.3
81661.2
70829.5
70433.2
62364.1
59241.5
57225.7
51462.6
41893
31467.8
29361.3
38576.4
34078.1
34747.8
32562.6
31635.5
29312.1
28866.1
32215
37376.4
32371.4
32088.2
27885.4
23282.6
16573.8
11489.9
15890.8
10929.4
12224.3
13787.6
17735.2
18205.4
23685.1
29950.4
37254.3
39643.1
42793.5
44196.8
51315.8
48293.7
52805.2
58612.6
55264.1
55816.9
55250.8
55440.5
54092.5
50894.3
54924.3
51726.2
37628.6
25746.2
16734.8
17287
8929.22
20155.4
22076.7
21182.8
22393.9
31090.4
39916.4
41275.3
45351.2
50458.5
54356.8
55552.8
56784
62879.5
70927.7
67511.9
74231.5
78713
76966.1
70110.1
67510.5
60830.5
56254.2
51930.1
53183.7
52397.6
54113
52309.4
50907.2
58956.4
53675.5
58987.2
62868.1
62619.4
62918.8
70522.7
69142.8
76857
72790
73309.1
75301.2
71606.6
69006.8
75496.7
68766.3
65524.6
71923.5
84963.8
88733.9
97668.8
106249
108296
115406
119412
126225
127783
124675
118757
114634
107185
102416
90906.6
82394.4
73462
67288.2
62112.4
61934.2
61590.5
60494.8
60800.3
64714.1
63344.8
60194.1
55024.8
50280.9
45191.5
40401.1
42225
33908.6
25288.7
13928.6
11662.2
9413.03
4242.32
-8067.62
-11193.7
-23209.6
-28687.8
-34701.8
-34233.6
-33052.4
-29392.1
-25958.3
-17188.1
-7742.64
1736.75
7999.49
15523.4
9760.07
12848.2
10503.5
11980
146.994
14317.3
6026.43
13814.3
15784.3
26075.6
24802.2
32178.9
34814.7
42943.9
47311.7
51739.8
51643.2
61908.6
55116.9
58140.4
59346.8
60497.7
52893.4
55831.2
50340.5
50450.7
52065.2
56297.1
51807.8
51334.2
47991.5
43744.9
45977.6
51071.2
43736.4
55594.2
49527.1
58138.1
54916.9
63666.1
57855.9
64614.7
61609.2
62141.6
60481.2
56582
44621
38483.5
26018.4
29707.7
31624.6
32935.8
30556.8
38260.7
32401.4
29895.7
31535.4
36986.1
39297.6
43619.4
49476.2
49696.3
54480.4
53941.6
60507.7
60181.3
56978.9
60620.2
56966
55822.1
54921.8
52834.5
50374.1
50695.8
51702.5
56947.1
58260
56721.1
57574.1
64005
54907.9
58021.6
60095.6
60651.4
55854.5
59829.5
62176.5
67232.4
63905.5
61188.5
60472.8
56233.2
51988
52296.8
49726.1
44840.8
45686.9
49445.5
54712.8
62515.7
71474.2
78061.1
86782.1
93968.3
104590
111091
115903
120592
122159
119674
120625
119693
116086
113221
104262
100828
95444.4
94546.5
88517.7
82814.5
79974.2
77791.3
72962.6
74435.8
76090.7
75543.8
74765.4
74869.7
75969.6
78567.6
79097.9
78892.1
78854.8
78212
79105.8
76837.7
73927.8
69852.9
65485.1
61203.1
63637.1
65706.3
66618.8
69392.8
74711.9
74284.2
75406.8
76082.5
72314.7
68216.1
62201.4
43257.1
21531.2
5392.61
14340.7
3547.44
9690.47
8505.99
25910.4
14282.6
23258.3
22174
32135.4
27348
38752.4
39636.2
49315.9
46726.3
50442.5
57920.9
57106.4
51333.3
58803.2
52565.8
51532.3
46085.7
49927.5
43297.7
44289.7
46625.3
43935.7
43098.7
46901.4
47553.3
56911.4
53644
55722.5
50618.6
59817.9
48104.9
52090.1
43692.3
45386.8
31152
33010.6
22740.8
25656.9
14832.4
11437.5
27337.7
23656.3
18803.7
25624.7
33405.8
24806.8
22994.6
28466
23569
27124
29660.3
25600.6
31324.6
26220.8
28174.8
29637.9
33329.1
31593.5
40722.8
42160.6
42883.9
41259.4
44055.2
39496
44422.2
46489.9
48290.5
53751.8
55341.4
59104.9
63045.1
68244.6
71743.7
67062.5
79209.5
73906
80272.7
82084.5
84725.4
88550.1
88146.3
89033.9
98824.3
96833.8
95819.4
98441.7
98967.8
92735.5
95477.8
102501
106193
107187
122787
126371
135047
141713
142745
152181
149179
151741
145653
137673
127578
115051
100462
88059.7
75598.6
65583.2
58238
54056
50389.1
46545.5
43214
42670.8
39151.8
36419
32010.1
29732.1
31930
35253.9
37763.9
30181.2
27532.5
20834.4
14031.4
8063.64
-4484.72
-10981.9
-17692.2
-26359.9
-33083.5
-35751.1
-36453.6
-34732.5
-29686.8
-24717.3
-17591.1
-6490.01
732.819
5675.26
13330.2
6336.86
9718.91
16795
16689.3
7607.85
9732.51
17445.6
21154.5
28630.3
32824
36456.9
47353.4
46334.8
57059.3
65666.6
65708.9
68798
69149.4
68724.2
63998.5
65003.5
65209.4
57120.9
56627.9
52444.5
48300.8
52458.5
48499.9
45599.5
48859.4
42345.8
46990.6
52366.4
54731.9
42801.9
54230.7
62432.1
56290.6
60530.4
61804.1
62399.8
68807
58920.4
57257.6
50697.3
33065.8
27186.1
23561.9
16332
8906.81
19544.7
22378.9
12819.1
15529.5
32990.3
29981
42495.4
40917.2
46487.9
49718.4
48819.6
56865.5
63359.6
64025.7
62769.8
66124.8
71674.2
65001.8
67058
69280.1
64983.3
62971.2
62415.9
60232.2
63270.7
61172.4
62251.9
61154.4
55506.7
54096
55498.6
59049.7
51669.8
51003.5
66834.9
56911.3
62923.9
64970.7
67763.8
69713.1
62485.8
57554.6
56162.6
50957.9
48285.7
49608.6
48064.1
41132.1
39642.9
41015.2
36749.4
36411.9
42880.2
46343.6
52909.4
57212.3
58027.4
67665.7
67235.2
74256.3
77932.4
79840.7
77906.8
77819.8
77206.9
79494
78785
81815.5
81179.4
79611.5
78315.6
77905.5
78360.5
81369.9
78277.8
80771.2
77078.2
74118.2
73258.3
75457.2
71979.5
72051
70873
69456.3
68290.6
66283.7
64165.9
67840.1
62963.1
61135.2
59759.3
61512.5
60873.5
61590.3
58608.8
57424.3
58637
55171.4
53544.8
53247.5
55635.4
59207.2
58245.2
50716.1
50361.3
45500.6
41694.5
39272.3
37333
38142
35923.9
35260
41741.4
46297.6
53512.2
59563.9
67208.9
71842.5
73105.9
77555.2
77033.3
75754.7
74223
68558.5
65197.9
59027.7
55101
51151.9
44655.8
43099.6
39067
39670.8
42040.5
38518.9
48593.8
49729.4
54003.2
55091.9
56303.6
58669.8
60350.7
61350.8
63071.4
60375.6
59628.9
55202
53175.5
47018.9
41531.7
38491.4
31996.6
25490
25944
25424.7
28013.6
28656.7
28681
30698.9
30518.8
33935.8
36810.4
41448.2
44704.1
47477.1
48467.5
49671.3
52479.1
52289.7
56933
59410.9
60322.5
58230.2
57634.2
56461.4
56359.6
56675.8
58410.4
59960.5
58156.6
56485.4
57745.2
58854.1
61236.5
65864
65128.9
61502
59915.5
63128
63916
67412.9
67125.1
66582.4
67272.8
65703.5
62513.4
62239.2
56757.7
51592.7
46663.3
41166.4
35692.2
31764.1
30526.9
28564.3
28720.9
35429.4
40454.2
46757.2
48059.1
49501.9
52191.5
53205.7
54425.7
55166
57197.2
56586.2
56896.7
62725.7
62341.7
63118.4
61842.5
60371
60465.1
57540
54808.5
53070
48260.1
45421.3
43717.5
41634.9
40739.1
39493.5
39578.2
38546.2
40057.1
44772.3
50405.2
56029.2
56460.6
60199
64189.2
65845.2
67878.5
67305.6
66529.8
63900.6
61358
60224.3
67455.5
70736.6
74213.9
72628.1
73684.5
70518.8
68674.4
64212.1
59629
55555.5
51430.3
46687.9
49524.4
48017.9
52225.4
55582.3
61763.5
65379.7
69710.7
71585.2
72523.3
68844.6
70559
67851.3
64426.7
62405
59776.9
57762
56186.2
55560.9
54552.4
52037.5
51224.3
48897.3
53591.1
55048.7
57243.6
61933.7
62760
63803.6
63465.1
67301.2
72629.1
77199.7
80447.1
83629.5
85732.2
85023.4
82997.5
81084.6
76975.1
67787.4
63302.6
58125.6
54636
51385.8
48439
48444.4
46081.5
49647.7
53967.7
55986.7
60907.5
67248.2
71316.9
74493.7
77206.8
76839.6
76713.9
74155.7
69787.1
69345.6
63005.4
58238.2
54147.4
51824.4
51067.9
52878.4
51374.3
49317.8
50164.6
51087.5
50571
52166.4
54575.3
55878.5
56388.6
57160.2
59752
65351.7
64496.2
62736.2
60993.9
55854.2
52402.4
46802.7
44030.9
40286.2
36713.3
33749.7
32793.9
32085.9
34374.4
36849
40836.2
45156
52037.9
61016.8
68985.8
78027.6
85523.9
92760.8
97918
100155
102465
100174
98288.4
95470
93203.2
93648.8
85398.3
81008.6
76620
74727.1
71559.9
71076.1
72380.2
72062.9
68873.7
61710.4
54614
49916.9
47988.1
44686.4
42547.2
38344.5
38083.7
39077.4
37912.8
40636.2
43478
43131.9
42151.2
41057.8
42539.9
39585.4
39814.9
38328
36858.9
36251.1
36605.5
37518.9
37947.9
39917.7
31112.9
24022.2
17811.9
15386.5
12992
13397.2
14922.2
20661.4
27126.6
26836.3
32256.1
35566.3
37733.6
39547.2
41524.4
42911.6
43057.9
43991.2
44889.6
45472.5
47544.1
44273.5
43820.4
41590.9
40945.9
41836.5
45331.4
48058.8
50949
50211.2
51491.6
53660.9
53930.5
58505.4
57607.7
57799.5
53885.7
50340.8
49981.7
46080.1
45499.5
44022.1
40459.3
39646.8
39366.5
41331.5
42941.7
46812.5
53044.7
58858.6
67761.5
77686.6
85698.8
92266.2
96860.8
97337.1
100477
97903.8
97525.3
94404.1
91809.3
88314.1
82857.8
78715.8
74570
71614.1
68439.9
65077.3
64542.9
61052.7
58373.8
54802.8
52303.2
51562.8
50682.1
51418.5
50909.5
49899
50343.8
50949
50396.6
49613.7
48435
47600.3
51690.3
54556.7
58636.7
56462.5
59506.3
56908.3
54773.4
52574.7
48700.6
46443
37322.2
30684.8
26829.9
21590.6
15983.8
14804.5
14686.8
15055.6
18550.7
23173.6
28736.9
30519.8
33388.5
34758.8
37156.7
38400.8
37696.1
38493.3
35806.9
35925.6
38243.7
40829.3
41765.3
40444.1
43746.1
43965.4
47395.7
51054.1
55574.2
59290.1
60754.3
61056.8
65756.6
67201.3
61652.3
61183.7
54281.5
47580.8
39513.3
31603.2
24195.3
13893.4
7790.01
4552.88
-3428.58
-10991.5
-16195.5
-11249.3
-11923.6
-2365.27
10313.7
23911.2
35892.3
50186.4
63692.8
77483.7
87173.4
93803.7
100844
101930
100872
98783.1
96490.7
89998.1
83188.4
78799.5
72241.4
69834.4
66327.5
64071.2
62767
60087.9
59738.1
58523
58358.3
56411.3
55932.8
60026.8
55481.7
56326.5
55688.1
54299.9
53214.9
52073.1
52997.5
54560.8
52620.4
51484.2
52127
52993.5
51469.4
49647.3
48062.3
46650.8
46890.4
50032.7
48688.6
49388.9
48060.1
45117
45238.2
43738.5
46430.8
43700
43141.9
42392.4
33809.1
28458.4
24503
25902.5
26899.5
32015.5
38005.3
43985.1
50406
56230.3
60973.9
66224.2
68363.9
69906.7
71374.6
68216.1
67221
67685.8
65398.5
64354.2
62271.5
64801.1
66318.9
70160.2
72951.4
72972.7
72872.8
71226.4
65038.4
65469.7
63427.4
63632.9
59464.9
63559.2
60643
63911.6
61670.7
58824.9
56129.2
52566.3
46799.4
43563.8
34618.8
24680
19660.1
13907.5
11913.8
12372.4
15067.8
18122.9
21828.6
31509.8
37785.8
44608.7
50239.4
52896
64873.9
71529.9
79365.1
80426.1
83003.6
81942.2
76455.8
77794.6
75560.1
77244.4
72860.3
69189.1
69538.1
70643.7
68789.3
73343.3
77508.7
77830.6
79215.7
82682.7
84951.9
86913.9
89259.9
90248
87981.9
88477.7
86618.8
83110.7
77996.5
71584
67879.7
64622.6
64918.9
62432.4
68001.8
69585.4
76757.2
82279.8
88257.4
94001.8
96616.4
99831.9
103102
108367
107469
108528
109248
105123
102291
99311.3
93499.3
87958.9
82862.7
78196.8
76899.8
76590
74606.2
75967.6
75095.8
76669.6
75091
76462.5
73647.5
70679.1
66977.3
60909.1
58728.9
52635.1
48426.6
46537.4
46237.5
48118.3
46504.4
46677.3
49060.8
48918.9
51832.4
53286.9
56361.8
57523.2
58547.5
58236.2
59228.6
57696.1
56827.8
54653
52230.8
48678.7
48870.2
34722.9
19353.2
7802.3
16781.1
6692.8
15344.3
6688.93
24248.5
13478.4
25383.4
21656.3
37185
32152.8
28974
25754.6
25536.4
18723
21839.8
19715.1
20363.8
14652.4
15689
14424.8
17637.4
17764.4
25784.7
28816.1
34295.8
33575.4
40154.3
45086.4
40648.4
44921.4
49789.4
50978.9
53618.1
52046.4
65493.5
60283.8
74827.7
70503.3
86708.5
81020.3
80816.2
83247.8
84526.3
79898.1
82315.5
80940.8
74924.9
70170.5
76207.4
80360.5
81677
80421.8
88641.8
89583.5
95628.1
98286.9
106271
114791
106814
115433
107180
110308
102604
98785.8
95824.2
91054.7
87068.5
85207.2
83439.6
79254.1
72750.1
66636.3
61407.8
53100.8
46360.6
40724.4
34689.8
28547.3
26638.9
26808.6
21784.7
14565.3
19348.2
20474.1
18157
7613.75
2432.29
-7478.22
-19038.4
-25859.8
-32572.9
-31875.1
-33175.1
-31398.6
-22705.1
-16379.4
-6851.35
4291.56
10661.3
6102.93
10044.7
6766.93
16744.8
5973.77
22364.9
5797.57
18565.1
8879.58
19951.4
16869
29213.1
22596.2
37831.1
38794.1
46219
42617.3
52103.9
46600.7
50122.6
48975
49859.3
49535.5
51258.7
43152.7
48164.7
45270.9
47587.6
49102.2
48514.9
41063.2
37225.9
35465.5
34420.4
25485.2
34808.5
31377.5
44871.3
41783.9
50218.8
50929.5
61220.7
52000.8
64218.2
58113.4
60649.3
56072
57404.8
53949.6
55796.7
54489
59365.9
56341.3
62441.7
59731.7
58902.5
52983.8
53510.6
59893.6
61757.7
67256.8
70366.9
78076.6
79741
86387.5
85485
91497.7
86700.9
82760.6
78263.6
73567.8
67831.2
62509.1
57287.4
54484.9
53362.5
53896.6
52998.4
54531.3
53237
53120.8
51524.9
53591.5
56494.3
60554.1
58268.7
59724.7
60880.8
68097.4
63470.4
63479.2
57794.5
52214.6
46732.4
38722
33501
27359
19708.3
14196.4
11022.5
7422.61
16433.1
19503.5
18549.2
19974.5
32868.2
39500.6
47872
54445.6
64502.2
71904.4
79574.5
78828.6
88162.1
85426.8
78645.1
80670
76574.4
76642.5
72353.6
69808.3
68933.7
68499.5
69385.6
70928.4
76433.4
77293
78025.3
82144.1
82556.1
85883.1
89070.8
91350.7
87987.4
85284
90753.4
81454.9
79219
72075.6
67296.8
64670.6
62702
59691.7
69074.8
67889.6
73187.7
78991.4
83361
86265.2
90346.6
95440.9
96277.2
99944.3
104467
104276
108173
104395
99265.1
99623.7
89999.8
88236
83563.8
78549
77056.3
76244.5
74433.9
75756.1
75096.3
76669.6
75091
76462.5
73647.5
70679.1
66977.3
60909.1
58728.9
52635.1
48426.6
46537.4
42863
40353.2
36631.4
37567.7
41178.2
43320.9
48653.5
50254.7
52423.7
53740.3
55571.1
56820.3
56808.5
47137.6
38557.8
30511.8
28281.3
20244.2
16484
6703.06
9542.16
15917.9
3848.07
3344.83
17036.7
15441.9
-610.653
11406.2
22678.9
19927.2
18293.6
22750
34399.3
39649.1
36975.9
43941.4
53002.8
46694.3
44382.5
53839.8
56162
48484
54005.8
55381.9
45815.6
50328.9
56229.8
54187.2
55106.9
52339.6
53079.4
53478.2
57851.1
55194.6
66799.7
69262.4
60223.9
75522.8
81148.1
82300
83297.7
85432.7
94698
97581.5
94203.3
100624
108804
97623.4
86852.4
97337.9
93853.3
84964.6
93443.2
101606
95336.2
105246
112815
116790
116736
114467
119334
110218
101469
91130.4
81927.4
66730.7
59622.6
53585.2
48998.3
46726
45270.5
43600.4
43656.9
42354.8
44005.4
46549.2
46359.3
43297.4
40456.8
39668
38808
39005.3
34029.4
27592.8
22422
15155
9658.26
-1160.9
-10372.7
-16639.1
-24512.1
-33145.3
-36293.1
-37100.9
-35313.5
-31018
-26346.9
-17754.8
-7788.08
-594.4
6294.62
12785.2
16747.2
4475.65
10997.2
16056.1
13950.3
-2565.62
9464.9
19209.9
22376.3
31472.2
39560.2
44723
51073.5
51957.8
60724.6
69243.1
65747.9
63608
70795.6
62437.6
57405.8
60703.4
61113.5
49737.1
50673.3
52351
49673.8
51947
52296.6
49944.3
49325.8
51646.5
51067.3
48920.7
56262.6
49294.9
64236.7
61911.6
58696.7
60259.3
64225.2
61713.4
58223.6
49361.3
38770.4
35745.3
20495.9
10370.8
23467.3
15009.7
9110.31
17722.8
26085.6
10862.4
20813.1
33218.9
27502.4
29761.5
35757.9
37060.3
50513.8
51694.8
53581
63742
60505.3
59374
67145.9
62666.5
63425.5
59734.4
67785.5
57780.7
58120.1
66787.2
58431.3
62457.2
65262.2
59072
59471
57606.5
50855.6
47259
60413.2
57234.3
50778.5
64064
56905.2
58817.1
67177.2
61144.4
70105.9
68041.6
61210.5
73672.4
73431.7
71426.8
86595.4
85530.5
83569.9
83862
97848.8
94950.4
93134.8
105575
99154.9
100398
104042
102548
109074
102282
102510
106128
98546.9
101001
92836.5
90998.8
90682
87955.5
82495.4
81052.6
75318.4
75891.1
68984.4
72866.9
72185.4
72026.8
72642.8
69383.7
73325.3
73166.8
76962.5
80884.6
73602.4
77582.1
78816.3
71566
71390
68829.7
64003
61220.6
62667
63404.3
60312.1
61054.9
62788
56257.4
57201.7
52914.5
52108.3
52658.5
45053
49237.4
42841.5
42306.8
44023.7
43721.7
45446.9
46081.4
47754.4
53173.1
54049
57014.5
61004.9
64378
68048.3
70819.1
74413.6
76669.6
75091
76462.5
73647.5
70679.1
66977.3
60909.1
58728.9
52635.1
48426.6
46537.4
44467.4
44699.4
42409.2
43582.7
46899.3
47248.8
50201.1
50814.1
50615.2
46068.1
41537.1
37797.5
33520.1
27444.3
21661.9
16052
11207
5351.52
11604.4
10195.4
8244.84
5243.29
12824.3
13305.9
19392.6
22861.8
28979.8
31824.7
35195.3
36807.1
46118.8
48147.5
50141.5
54977.7
58105.4
58759.8
60840.8
63041.2
65030.6
62308.6
66119.6
62637.8
62956.1
59108.3
54960.3
54355
51229.3
49367.1
49126.5
48993
47295.3
43802.7
53529.1
52369.4
59188
64470.5
62427.7
59429.9
55531.7
56257.1
58443.3
55958
52587.7
51761.7
48781.3
44209.2
43042.9
43989
40436.3
38459.9
42229.1
39600.4
41514.2
42265
43021.2
47988.9
48496.1
57045.8
61274
65922.8
69910.7
70328.4
71001.8
70337.6
70455.7
67268.4
65465
63744.6
62020.6
64478.8
61975.1
60631.5
57849.2
54931.8
53135.7
50078.8
48129.5
47464
44845.7
42978.6
42114
41479.2
42194.3
42242.9
40563.7
39106.2
39430.4
43439.2
45539.7
48442.2
50060.2
51150.5
52472.9
52120.2
54969.3
54353
53117.5
51066.8
48571.5
44532.7
42073.7
38994.7
36517.7
34744.3
32934.4
32477
33121.1
33784.9
36704.6
37382.4
40849.3
44720.2
51189.2
55098.7
58221.1
63556.2
68800.7
71292.9
74198.4
73335.9
71570.7
68345.9
65350.6
62247.4
58866.8
54534.1
50643.6
47472.9
47206.3
47577.6
47685.1
48521.6
47181.4
48118.4
46899.3
48718.9
50836.8
52046
53035.3
53256.2
54364.9
52741.3
50423
47376.5
44232.2
40547
40264.9
39414.3
37621.6
34233.5
34589
32399.9
31508.5
31019.9
31733.3
32333.8
33512.9
33874.1
39697.1
43602.8
50033.8
54124.2
59441.9
64811.5
69552.1
75280.4
77169.9
77513.4
77238.7
73126.8
71510.1
68021.6
63339.9
59421
55476.2
51998.8
51267.3
51490.5
49961.3
47643
49510.8
50932.8
51791.5
55306
58012.2
62421.4
63029.6
65084.5
72191.3
76979
78447.3
79217.2
79031.8
74778.6
70545.4
65762.7
58901.5
52404.3
47016.4
42328.4
39437.3
37581.3
37235.1
39092.2
40330.9
44245.9
51073
59129.9
67300.3
75774.7
83369
89977.1
94727.3
99291.8
99934.2
99133.2
96253.8
94221.8
91590.6
91373.8
84074.1
80281.7
75725.9
73910.7
70933.7
70764.4
71466.5
71432.6
69351.2
69374.1
69963.5
74071.9
74292.2
77277.8
78194
77762.6
77446
75778.2
71719.4
68384.5
62827.6
56090.1
49254.1
43262.2
39752.8
33703.4
31437.1
28618.6
27619.6
30101.8
31434.6
34572.2
32868.5
35531.4
33527
34544.1
36167.6
35636.3
38016.1
38785.7
39765.5
46130.4
48857.1
51888.1
57797.6
62439.9
66507.6
70344.3
74713.7
78178.8
76834.9
78959.4
75785.9
72936.5
71195.7
62909.9
61220.7
53700.7
48582
46036.8
43226.5
43693.7
42128.2
44180.1
46109.7
47831.8
51688.7
54234.9
59698.3
62827.1
65933.4
70472.3
75576.5
75939.1
78208.9
77301.7
74251.1
71204.3
69643.6
66614.6
60182.4
57489.6
53851.4
51377.1
51301.8
49822.8
43144.9
35762.9
35938.2
40748.3
44457.9
50079.6
52406.4
55701.3
57930.6
57683
58758.3
60126
57758.6
56383.7
55432.3
51560.7
50370.2
45494.3
42962
38668.2
36415.8
37070
36027.5
38871.6
37977.7
40039.7
43579.7
46263.6
52327.1
58134.6
63737.7
66555.2
71041.4
77263.5
76086
77821.4
76604.6
74785.4
73231.4
69749.7
67906.7
66147.7
51863.6
46030.5
45602.1
47736.2
39921.3
34851.4
31974
34103.2
37105.6
42257.6
45755.7
48155.4
45564.5
43911.4
47308.7
47096.5
45802.1
44362.3
42234.4
39554.5
39646
42465.1
44364.8
42980.5
41269.8
42580.9
42340.4
44122
46059.8
46352.4
45775.8
44255.3
45687.2
48344.4
43679.4
42772.3
33045.8
22530.5
6807.49
11623.2
14491.5
5237.8
939.265
-7252.05
-11130.5
-23490.3
-17344.4
-18895.8
-9408.04
-5190.69
1737.55
20510.8
23428.5
21711.2
33219.6
42096.7
44068.9
49306.7
62802.4
68021.8
71502.2
71231.5
75588.2
70531
73342
64156.8
63388.2
59539.6
53013
57736
57337.7
57251
50155.5
55604.1
56558.5
48552.7
61991.1
52988.5
55477.5
48509.6
43641.2
48858.8
50606
46329.4
49098.9
47197.4
36913.8
35895.5
36949.2
33548.3
30866.4
27355.8
31690.9
32315.1
45224
42988.8
48671
51363
47629.5
55611.5
57425
65289
69473.8
74618.1
79466.5
79377.1
79811.6
79248.9
79050.8
71871.6
71916.3
70438.8
69872.9
69861.8
66336
69404.9
70129.5
70923.6
74550.6
76173.3
78128.5
74491.6
73150.8
73222.2
72939.6
70923.8
67912.2
69503.8
69403.6
69288.1
71074.9
71115.8
67587.4
64727.8
59485.2
59446.8
59546.2
61547.8
58513.4
59629.9
59877.2
63480
63637
61972.5
58924
55195.3
47951.8
43838
40468.3
30859
22897.7
16117.8
13284.5
7813.7
14452
13610.5
11298.4
11383.1
19412.4
22068.8
31192.3
35502
42723
50070
58581.2
65085.6
74028.5
74709.3
71413.5
75325.8
74208.1
73520.6
70789.1
69481
66344.6
64641.4
65859.5
67688.7
72672
75075.8
74994.7
79392.7
82308.9
86346.2
89998.5
91778.3
89902.1
86101.4
90719.1
83202.7
82470.9
74450.7
67882.2
64771.9
61116.7
59318.7
64361.1
61007.4
64486.8
68789
76072.7
78902.6
84641.6
90641.4
88974.4
92397.8
99605.1
102148
106011
106758
104616
105352
98964.4
101428
95050.6
87933.5
85943.7
82672.3
81670.6
80672.2
79547
80126.8
75541.6
76462.5
73647.5
70679.1
66977.3
60909.1
58728.9
52635.1
48426.6
46537.4
46237.5
48118.3
46504.4
46677.3
49060.8
48918.9
51832.4
53286.9
56361.8
57523.2
58547.5
58236.2
59228.6
57696.1
56827.8
54653
52230.8
48678.7
48870.2
47694.6
45034.1
31882
20129.4
10021.4
20631.4
13475.5
15211.6
8705.22
24853
22167.3
28408
29858.4
39166.8
37096.2
39006.4
38810.5
43831.1
41327.5
42257.8
42958.3
43903.5
39386.8
43166.7
42855.4
46162.5
42712.4
46393.1
45511.3
50214.2
54269
55110.2
55192.9
56409.1
60894.8
68047.5
67783.4
73553.7
70195.5
81498
77842
83648.7
81919
88830.2
82079.2
79198
75937.8
78059.9
71729.8
64161.2
62420
66009.4
71066
81108
90949
99033.6
99606.2
111033
116864
122813
125940
122555
119085
107448
102340
89880.5
80616.2
70606
62751.9
56953.6
54157.9
51664.2
49385.5
46982.3
43737.1
42866.4
39433.2
37147.2
32374.1
29523.7
25077.4
24815.8
27561.5
21940.1
16562.2
19647.5
19558.4
15695.1
3446.56
-1086.3
-9947.11
-20757
-27859.7
-33544.5
-32831.7
-33861.9
-31905.9
-23020.2
-16338.7
-7088.96
3434.12
10131.5
15097.4
8012.47
13029.8
9600.73
9081.75
10231.7
20990.7
12742.2
15619.9
15317.8
22085.6
21668.3
33751.5
34991.5
48877.4
52949.6
50898.7
63759.7
64688
62447.1
64805.7
62490.6
62885.6
53186.4
55363
53176.1
49838.7
53112.7
53562.8
50781.3
48748.2
41882
40642.8
44214.5
46115.7
43478.6
51702.1
52421.3
53656
59224.9
65458.5
59590
70507.2
61491.5
64075.9
62270.4
54729.5
50467.7
43710.4
29981.8
30554.6
29294.2
28613.3
25050.7
30639.8
25286.7
21328
30491.5
33679.2
38351.3
43261
43077.9
46702.9
47461.9
47825.9
55895
51300.7
56163.4
54544.6
53906.1
54067.1
52602.3
50844.1
50081.1
48932.9
54103.4
57101.1
57573.5
57144.6
56817
60032.6
53693
57154.8
56332.1
56251
55100.7
57230.7
60057.8
64475.8
60744.3
59654.1
57732.7
55869.9
51994.7
50203.4
45498.7
40407.2
40783.1
44546.5
47032.3
56856.2
66959.8
76896.8
82072.7
92624.2
101637
107530
113128
116183
119138
118367
116894
117207
113846
110698
102561
101100
95078.7
93675
89230.9
84717.5
80076
80167.4
74303.7
75716.7
77474.1
75911.9
77906.7
75687.8
75948.6
77755.4
77600.4
79382.6
72778.1
76910.8
74777.3
72665.6
71587.5
67133.8
65036.6
61852.7
62029.4
67208.7
69843.7
73535.5
80627.2
83052.2
84314.7
84379.1
82178.1
80299.4
69447.1
50711.7
24782.9
6456.97
16850.7
-590.398
7616.87
4183.66
22755.3
7881.93
18810.1
15068.9
32783.6
21710.9
28369.8
21001.5
36011.5
27870
35798.3
46672.2
47267
42600.7
50715.1
45161.3
47954.9
41733.8
46465.3
39554.1
43678
47120
47783.7
48875.5
50720.4
47351.2
58813.1
50331.1
50198.1
42916.5
47667.7
29785.5
34078.8
28374.9
30813.3
15525.8
19227.4
4739.93
25576.4
7565.02
20776.7
17661.9
18291
2881.89
38061.9
31690.1
34181.4
24620.7
35696.5
21928.8
26839.3
26086.2
34360.1
36149.3
32510.1
33112.5
43916.4
43287.3
44126.3
52699.3
50999.9
45017.3
48276.1
46132.4
44095.9
41756.2
43176.7
42474
44156
50012.4
50917.8
51105.9
61278.7
55541
75043.9
71771.3
80069.4
80079.3
94150.7
92289.5
104874
104977
113136
112863
109066
106426
112050
105345
97404.2
97280.8
101229
95850
109510
114035
117593
123445
129089
140508
143075
152350
147931
148394
135901
130872
118090
104829
93006.1
81010.3
70765.6
63624.4
58747.9
54106.4
50089.3
46071.5
45027.4
42444.3
39604.4
36854.1
33525
29682.3
27895.3
29255.4
24092.8
19941.7
14664.9
8461.94
-3607.9
-14422.7
-19720
-20335.6
-30825.2
-35180.1
-38251.5
-38120.1
-36710.9
-32478.7
-25613.9
-16932
-10032.5
-1056.15
5308.13
11225.4
15104.5
7028.33
13167.8
6645.76
18483.7
10971.9
22402.6
20791.1
32306
33881.9
39170.5
46273.6
53317.6
54956
63942
63309
68615.4
69291.4
66562
65395.2
61818.3
60621.5
59547.3
51802.9
54774.4
47841.4
49273
47118.6
47186.2
52443.4
49433
53672.4
51584.3
54326.1
62809.5
59811.4
69539.8
58295.7
65739.3
62003
64197.3
66871.7
60801.3
48453.3
39336.9
28538.2
19652.2
11199.5
18353.8
12413
19725.5
10539.9
30799.4
19385.9
34298.8
25744.6
43399.3
41965.1
40731.7
49457.9
50315.8
53625
58160.4
59902.5
67434.6
66808.3
66579.8
69831.1
68277
65618.2
69864.4
62659.2
66383.1
61608.5
64101.5
67616.1
62657.9
64487.3
57242.3
57321.8
47564.1
43904.8
57347.4
49677.8
59215.8
50740.7
63670.7
61586.3
65079.1
66255.3
69748.7
61012.8
57243.6
56287.7
54880.9
48559.8
46210.4
43763.7
39350.9
30828.7
35890.2
32380.1
35412.7
38923
47266.7
53995.2
51160.5
65331.8
63692.6
73796.3
72675.1
77580.4
78290.2
78425
72044.1
77808
76875.6
78994.1
79747.4
78411.4
77930.6
78491.9
75705.6
80507.6
80255.5
80998.3
78505.4
78461.8
76746.2
77433.9
77221.6
78170.9
72648.3
72637.2
70370.8
68343.5
65939.2
67055.3
64348.6
61895.5
59781.2
62261.2
60551.2
61124.9
60650.8
61617.5
60936.3
57760.1
56038.9
54894.2
57088
61749.6
60762.8
53509.3
51288.6
46148.1
43127.3
39491.3
37769.1
38942.7
36458.9
34352.1
41308.8
46551.9
52606.4
54340.2
57747.7
58078.8
59406.6
64883.1
67258.1
67184
66099
62441
60027.5
55970.4
51786.5
47597.8
41772.8
38741.1
34404
36003.5
39297.2
38700.1
47389.1
48329.4
52407.1
53312.4
54818.2
57146
55825
55591.6
59408.8
59322.5
56942.9
53518.5
50728.7
42412.6
36683.8
29081
20468.1
9326.38
12038.9
8755.42
12548.3
11120.5
19400.6
19041.6
25607.3
26702.4
30641.1
38908.6
42491.3
46351.8
53602.8
55629.9
63049.8
67204.8
70318.7
71392.1
70169.3
68553.9
66153.4
64102.8
65425
60205.9
61606.7
54259.2
46219.5
46549.7
42354.4
45889.8
45498
44624
43735.2
40132.3
48969
44017.9
53700.2
51789
55976.1
61042.3
59935.4
60999.1
64155.5
60089.4
58570.5
57104.2
53912.1
51524.5
49742.5
45717.4
44076.2
46567.3
54159.2
54895.4
59618.8
60786.7
57424.1
62288.1
55119.1
58843.2
55296.9
50755.7
49354
49756.7
52259.4
54077.3
56063.2
55544.6
54483.2
53286.1
54269.9
55309.9
55326.5
55832.8
55614.7
56781.4
58007.3
60250
61209.6
57870.7
56621.1
57973.8
61280.2
61106.1
59751.2
64535.1
65058.3
65425.6
66507.1
69868.7
73562.9
75568.4
79104.8
86398.8
90791.8
91733
94471.6
95721.1
92116.6
89101.3
85654.4
79460.9
71107.6
65675.1
62096.2
56788.2
54890.8
52821.4
54560.1
53720.2
56856.3
63352.1
67580.8
71289.9
74862.2
74579.4
76609.6
71887.3
70481.9
70014.1
66034.4
61633.7
58770.1
56737.1
56418.7
56560.2
56108.8
54844
50329.1
48919.4
48784.7
49623.4
49315.3
51118.1
55306.3
55025.3
57727
61438.7
62339.3
62811.7
61849.9
59735.4
56012.4
52217.6
48889
45103.1
43376.5
39662.7
38558.6
37247.6
37141.7
37970.5
40664.5
41485.2
42733.9
42136.7
43218.3
45560.4
50206
55274.7
60579
65910
68939.4
69090.9
69709.9
67205.9
65052.1
62032.5
57535.4
53689.5
49506
47293.3
48260.4
49849.3
49492
49019
48347.1
48703.1
49316.8
51393.6
51930.6
52671.6
53995.5
53483.4
54643.8
55646.7
56999.7
57153.6
54466.7
49190.2
44998.2
40251
35697.3
31850.9
30722.7
28873.6
27922.3
27654.1
30652.5
34701
39375.2
45627.4
48134.8
47769.5
48919.8
56540.1
60617
71919.1
80962
87368
87367.9
88389.7
87363
86921.6
83294.2
80966
75747.9
70018.8
62169.3
62011.8
61897.5
61789.8
64808.4
69476.8
69304.2
65588.1
62786.3
61900.2
61538.2
61361.9
61357.8
60437.8
60165.5
57881.9
57145.3
59457.3
54846.3
51683.1
48283
44903.8
39006.3
39450
38233.6
40195.7
37343.3
36352.7
39568.3
40621.6
40660.6
50640
54625
48862.3
46516.6
48592.6
53177.9
50800.9
52518.9
52798.5
56195.9
56506.8
59920
60036
63001.3
58377.5
59175.5
57883.5
56932.4
55152.7
54432.7
54764.1
53700
48761.5
50189.8
44841.4
46825.4
47633.2
49040.6
52409.7
52949.8
53711
54413.9
54623
54407.5
54911.9
57817.5
52861.3
52167.9
48695.9
44736.6
43535.1
40521.6
36700
39600.3
33918.4
35461.9
38197.8
38282.2
42023
40182.9
36642.7
36104.9
42365.1
49447.4
52506
65044.2
69094.9
72835.5
73961
73708.3
74241.3
70527.7
65096.8
60748.6
55306
48675.8
46525.6
46591.9
44944.2
44871.2
46998.2
45493.8
44990.9
46600.6
47233.5
49339.3
49841.6
53165.2
55200.6
55503.3
55091.1
53228.1
54492.2
47752
43675.3
39017.8
32365.8
27384.8
20992.3
22108.2
21552.9
20329.1
23219.6
26941.6
29180.5
25016.2
28572.7
36112
44014.2
52155.1
65722.7
75800.5
83307.3
89083.5
94957.8
99768
98636.9
99868.8
95205.8
89200.2
82366.9
74820.5
69005.9
60796.3
56590.4
54042.3
52541.6
52522.7
50848.4
50119.4
48117
48208.3
48900.3
50620.5
51754.2
51513.6
53787.7
53701
55651.1
53785.5
53235.2
50670.3
48533.2
45256.3
44942.9
44889.2
44068.2
41321.5
35748.5
28071.6
21096.4
18614.2
13592.9
10907.6
14395.1
15571.6
19047.5
18067.4
18614.8
17728.8
13754
13092.8
10624.2
10818.9
7931.78
14459.7
17747.3
20315.1
24277.5
39759.6
43015.4
52319.9
56302.2
59786.7
62740.3
64594.9
66109.9
68527.2
68642
69887.1
71350.6
75807.5
72435.2
76341.4
77881.3
79539.6
82645.7
84646.9
84172.9
82004.4
80368.4
75615.9
71294.3
68971.5
67720.3
67491.8
63790.5
58679.4
55764.8
63618.3
57348.5
58925.2
57694.9
54956.8
53422.2
51732.7
54034.6
59864.5
60573.5
65071.8
69979.4
76256.7
77437.8
85502.6
85442.1
84539.2
82377.6
83854.5
78267.3
77004.5
77504.1
74689.5
75683.7
73957.6
74058.8
73785.8
66924.8
65019.2
61884.1
55555.3
50971.6
45798.9
42441.5
39691.5
38683.9
42473
44639.1
44408.7
45487.4
45049.7
47077.6
49044.9
53286.4
51619.3
54242.7
55924.5
59472.6
60440.7
58751.8
56519.4
53289.8
47317.6
39146
31090.2
23248.7
18249.5
11968.2
9682.01
5528.52
12750.1
13618.8
13070.7
13252.7
23176.2
25728
33821.2
40208.2
46995.6
55962
66316
70042.4
76380.1
79665.3
75571.2
79991.8
78781.8
79439.6
78510.3
78306.8
77275
79132.1
80835.8
81747.8
86055.6
88401.2
87125.5
87321.2
87829
89689.8
90459.2
93131.1
88413.8
85738.1
90183.9
81349.8
79872.5
73025.4
68729.9
65593.5
64974.5
64847.6
68653
71799.6
75696.4
81358.7
86424.9
87940.6
91545
96234.7
92475
96076.4
99581.2
97899.2
100649
99283.1
94514.6
94751.6
88491.9
89472.9
82621.2
79854.1
77516.1
76921.8
77046.1
75965
77787
77126.1
75091
76462.5
73647.5
70679.1
66977.3
60909.1
58728.9
52635.1
48426.6
46537.4
46237.5
48118.3
46504.4
46677.3
49060.8
48918.9
51832.4
53286.9
56361.8
57523.2
58547.5
58236.2
59228.6
57696.1
56827.8
54653
52230.8
37573
27186.9
16285.6
9547.12
10261.3
17304.6
11635
2681.05
12324.9
16324.6
15772.6
20283.1
28281.7
30319.1
31263.9
23818.1
25386.3
27962
22826.2
21191.1
26387
25390.2
20368.1
23719.7
23169.3
19011.8
21848.8
27971.6
32293.2
35388.4
38556
39099
44560.9
46689.8
44598.2
51342.4
51372.6
48611.8
56404.6
64403.4
66905.1
72124.6
79160.5
78733.8
83784.1
81351.2
87531.2
93456.3
88619.3
86692
94440.3
87019.2
80439.1
85828.6
87936.2
79477.3
87163.6
94508.1
96580.6
98653.3
101470
105434
112500
110213
112702
113438
105771
102479
95429
92100.8
86891.8
83033.5
81184.8
79956.6
76644
71913.5
66419
58360.1
49387
43804.8
43072
39028.3
34213.4
30318.6
29903.3
25222.3
16047.8
8505.79
14403.1
16865.5
18588.5
12829
14058
6571.17
-6887.09
-15207.5
-22180.7
-19598.4
-21074.3
-20279.5
-10498.6
-3208.97
4691.37
13646.2
7906.11
15023
5328.21
17889.8
6360.49
18747.7
4919.77
15043
2448.38
15964.8
7105.73
30051.7
17059.6
34692.8
32317.4
38020.5
37222.9
34818.4
36778.1
37527.4
35329.3
39964.2
34662.7
45462.8
35805.9
38907.1
40625.8
42417.9
41425.1
43928.6
39028.2
34768.7
28442.7
28613.9
18033.6
27905.4
22256.7
38808
27680.2
49245.5
39600.3
63602.4
44329.4
57694
46253.9
44229.9
37675.5
37723.7
30407.9
30499.2
25319.9
29434.9
21419.6
27681.1
22901.9
28436.4
27649.2
36144.4
39885.1
46639.8
52792.4
57396.7
66375.5
66053.4
78457.9
76735.9
85930
84550.5
82116.9
87555.5
79726.9
85728.9
76175.8
76821.5
73165.9
69956.5
69324.5
69629
66698.9
64043.6
61329.8
56888.7
54729.1
53706
54846.2
49753.6
46724.2
50983.2
51560.3
55443.8
54691.6
56546
60636.7
56398.3
68859.4
69715.4
76943.9
79419.4
84540
89444.9
92060
98465.5
103562
103980
108083
110499
112858
114213
114935
115529
114071
112540
111116
107684
104626
95120.5
94749.1
89530.9
88210.7
82713.3
78017
74565.9
73569.6
68602.2
70522.2
72409.6
71814.7
71198.8
73570.9
74586.2
78991.4
81202
84949
82862.6
84019
81802.2
79097.6
75665.9
69471.9
65443.3
60821.9
58306.4
56781.1
55003.2
45552.5
36623.6
28313.5
25997.2
19646.7
11834.2
16531.8
2831.5
10328.3
7108.61
24032.5
3551.19
12740
15587.5
16107
2718.61
15396
19016.6
26430.9
24631.1
40166.5
48745.5
55704.1
52596.7
65568.3
68707.8
65432.7
62035.3
73857.6
61558.6
58392.3
58868.5
58200.3
53147.6
48560.5
48570.3
39412.1
38619.3
39027.2
36509.2
50686.5
39345.7
49357.3
46889
53710.2
47903.2
52685.2
52221.7
46600.5
40240.1
42849.1
46724.5
54723.8
52919
55739.1
45917.9
31517.7
25589.8
29895.3
14924.5
11928.1
27117.6
27234.6
22448.9
18085.7
38991.2
29796.8
39650.4
41572.4
45457.4
43292.8
40259.5
41300.1
45366.3
41293.3
46478.9
45056.3
48187.3
42795.4
48505.8
50672.5
53174.3
53243.7
59963.6
56354.3
57226.5
62960.8
71119.3
71368
72769.8
74974.9
77131.9
79287.7
81123.6
81492.2
97652.3
87994.2
95186.7
97497.6
96467.9
97446.2
98729.3
99500.2
99237.2
99846.6
107727
117245
123338
125480
134035
141005
139605
140252
147267
140162
136598
126270
110820
101376
82269.2
74710.6
65130.9
56421.8
51023.1
47282.2
45440.8
43832.3
43542
43814.4
48911
48557.1
46888.4
43430.8
43653.7
39446.5
38830.1
38102.4
30718.9
25770.9
18305.3
12901.3
8547.59
-4206.89
-12652.2
-18585.1
-25866.6
-34542.2
-36891.4
-36791.3
-35919.6
-32096.6
-25691.3
-18583.5
-8143.67
-335.08
5922.47
13015.9
16487.4
4588.67
11119.7
16366.4
13810.8
6823.24
22058
20205.8
13228.8
24216.1
32285.8
40848.9
53165.4
51363.7
63185.5
67584.2
62514.1
66088.5
72556.6
61862.2
59116.1
61455.9
58823.2
47538.6
54539.2
54891.4
50034.7
54470.3
50936.4
52781.2
54786.5
48724.5
53823.6
55693.4
61924.1
50663.6
67151.8
66446.7
53804.7
65162.6
63796.9
60075.2
57111.2
38427.8
35355.5
28406.8
11825
19686.8
24104.6
7361.52
7362.69
31355.3
24601.2
5490.72
27044.9
32112.3
21652.4
27509
33376.4
43280.3
47768.7
40025.3
54488.6
59024.7
56855.3
57732.7
69605.7
61988.4
55575.2
64579.2
61102.2
56831
59628.7
58946.7
61082.3
60695
63377
59413
60327.2
54826.9
50124
65942.4
57160.5
50406.2
59951.1
65265.7
60835.7
60275.6
70125.3
71431.7
71614.1
66813.3
77696.4
85649.3
79344.8
82309.8
95482.7
86736.8
80825.6
95761.1
95122.5
88399.5
96642.8
101523
103950
101699
111306
109918
112024
111278
110722
113674
105210
102292
99872.6
96698.1
91928.9
90128.8
86182
79889.7
76352.5
73562.4
71937.5
73083.9
71853.7
71208.9
72001.7
70080.5
69784
75171.2
74458.3
73256.6
75127.9
76354.5
74659.1
72232.1
69394.5
65511.8
55736.8
47482.8
37771.4
32944.4
23572.9
18689.6
13084.2
7015.45
11645.1
8022.24
12507.8
8834.82
11629.1
7107.88
14707.1
14094.9
19233.7
22247.1
23874.9
25476.1
31384.7
34943
40603.2
45193.3
50477.4
54357.5
60811
65493.1
70780.6
74474.7
78055.2
75036
78207.7
75947
71288.2
68476.4
61718.5
57089
51233.4
49507.4
45671.4
40693.6
43836.9
34570.1
49351.3
44841
49852.7
52531.6
51359
50399.1
53986.9
52068.1
54652
53487.6
49272.1
44905.7
44256.7
37020
33310
29355.7
29512.8
29284.8
35637.9
35528.6
33144.6
37815.1
32742.6
37365.5
38113.2
39854.7
43134
44347.4
43914.1
48780
52695.3
52672.7
51677.1
51494.4
54589.9
55209.5
59053.8
60339.5
57973.5
56595.2
52884
51868
53051.2
49060.4
48995.1
46686.7
44239.6
45056
47859.6
52233.4
53826.1
57356.9
56732.5
55319.6
59502.8
57888.5
58057.2
58454.7
56292.6
57165.4
56274.1
54099.4
53854.1
59514.4
60283
58299.2
52797.2
52728.4
45062.3
46417.6
45323.3
47352.3
53255
51548
55539
62424.3
64641.5
68467.7
72863.9
74842.2
73774.6
72618.5
73903.5
71791
71361.8
70775.1
66880.2
64663.2
60803.4
57063
55472
50185.8
48355.1
43589.8
40803.8
39596
36464.1
44793.4
41917.3
43378.9
41921.1
42585.2
45032.4
44478.2
46095
51581.4
50129.5
49544.7
50116.6
50302.8
47650.5
44623.7
42086
36510.9
28887.7
27661.4
25595.7
25694.8
24736.6
21719.3
24469
22037.2
25978.3
28209.8
31420.2
33273.7
34954.9
36652.1
41356
44675.1
50675.5
57403.7
63639.6
67261.1
70759.4
71461.2
69990.6
67204.7
66397.1
63371.3
59971.7
54917.2
51816.3
49616.6
49862.8
50471.2
50770.2
49902.3
48442.2
49561.1
51316.9
52535
55251.7
57670.9
59617.8
60981.8
61840.7
61578.2
61242
57263.8
53123.9
47532.7
40925.7
33946.5
27622.5
22616.6
17814.2
14316.9
12602.4
12800.3
15404.8
18912.1
22201.2
25524.1
30846.8
35831.6
42271.6
46641.9
53089.2
58743.9
63934.6
68587.6
72471.1
74238.1
74800
73836.9
72636.2
70782.3
68122
64707.4
61899.3
57874.1
57461.2
57355.7
56394.2
50714.7
48374.2
48940.6
46958.6
48414.4
50153.2
53448.3
56691.5
57890.8
60975.5
63810.4
63537.4
62207
61882.5
59653.3
55961.6
53985.7
52613.9
48469.3
47973
50566.3
51554.9
53601.2
52234.5
53411.3
52749.7
52538.4
55176.7
59223.3
65991.6
67674.3
73637.2
80107.7
83596.7
87898.6
90154.3
90898
90581.6
87929.3
88147.8
88852.1
82914.3
80567
76985.6
75431.9
72457.8
72617.6
74474.3
72506
73023.6
74618.1
75937.3
81203.2
78970.2
85360.2
86532.1
89352.1
91910.3
92959.7
93951.9
94350.8
92292.7
96023.1
96194.2
97083
97456.9
97114
94803.5
90929.4
86989
81425.5
73046.2
69483.8
61162.1
58775.8
53079.5
48560.7
48855.5
44603.2
38158.8
32818.6
31581
38850.3
37296.3
40889.6
44617.6
47977.7
53700.8
58532.7
64459.5
68911.8
67471.2
68968.9
67181.8
64142.3
60254.7
55921.4
48521.9
34956.7
27841
28143.5
22692.5
23085.8
21808.2
23027.9
27564.8
32909.2
41102.4
45681.5
48435.8
49073.1
51300.6
53820.2
50378.3
49987.7
48597.5
44671.3
41871.6
41946.3
43270.9
43616
42177.9
41680.5
34572.6
25028.3
18693.9
20275.8
19296.4
19588.9
26332
35485.8
39576.7
42143.8
44848.6
47153.3
48384
47855.7
47582.6
44424.6
38855.3
36383.6
38961.3
39131.1
39730.8
40382.6
38394.7
38296.8
39983.6
44265.7
47426.9
48627.7
49567.3
49277.7
50294.7
50973.3
53652.2
60515.1
60632.1
63537.3
64151.8
65092.1
66341.2
65135.3
66550.3
67185.1
64374.9
62217
60389.9
58759.2
52757.2
52421.8
57485.1
54355
50835.7
53470.2
59265.8
71841.7
85109.6
95156.3
99722.6
106289
104824
101311
97915
87826.2
80394.4
70223.4
58461.2
53527.6
49433.7
50254.1
49991.6
50377.3
51191
49028.9
53882.8
52954.8
49171.4
51760.8
47665
46012.5
46271.5
44315.1
39117.3
35713.8
37620.3
19913
19577.2
5161.08
5507.23
5711.91
11996.6
-6147.75
-5317.45
-18612.2
-15042.2
-14143.8
-8904.46
-1706.69
16605.9
14221.7
14387
19163.9
30836.4
23928.6
29778.4
25646.2
20015.5
15036.7
17796.4
15317.6
21913.4
19764.5
24016
25978.3
30073.4
36312.2
42334.5
49473.9
56423.7
51773
63919.8
50381.4
59302.7
54608.8
59610.5
58634.6
59687.4
53800.3
55473.3
52251.5
49831.9
52000.4
58963
46013.6
43267.6
34852.7
32627.7
27600.7
31662.2
23110
25231.4
27020.4
30612.9
40445.3
41435.3
48641.2
52252.9
53125.1
50392.4
54398.8
61089.5
68206.1
78831.5
84067.5
85959.3
92760.6
91694.2
93109.9
92970.2
89397.6
85483.8
79803.7
73319.3
72720.8
71348.7
69050.9
72364.4
72511.7
75790.5
73090.7
72960.3
71206.4
65340.3
66856.7
62993.2
61940
60053.6
57165.5
56791.6
53357.6
55634.5
52678.6
52955.4
51996.3
49439
55587.6
53041.5
53934.3
56373.6
58238.2
56432.5
57644.8
52743.2
54350.6
55131.4
53385.2
55861.4
59733.3
63385.8
63406.7
66559.1
64586.1
59830.3
53796.7
40070.5
35238.4
35035.6
28295.1
29979.1
28370.1
31589
35763.2
39086.8
44400.5
50978
48684.5
47699.6
47131.3
44744.7
44857
44869.5
49639.7
49380.7
49801.6
52753.3
51516.8
53824.5
53176.2
51810.2
51553.2
50350
50917
51249.6
52741.5
54363.9
56214.8
61481.4
57328
56617.5
52774
49068.8
46232.7
45705.9
46092
49070.4
45864.4
46397.1
49766.8
51338.9
46425.7
44959.7
41417.2
40060.1
38981.6
45727.1
47336.4
51981
53836.9
55693.2
60606.1
66904.9
73319.8
77290.8
76952.6
79239.2
80769.4
84107.7
85619.8
88354.6
90026.6
92568.2
91942.8
95783.7
98309.5
99478.7
101137
103781
104942
102965
102201
101368
98061.8
98282.8
89639.4
86412.6
78208.8
72641.3
67958.3
64401.1
62836.6
61988.2
58793.7
57416.9
54476.8
58567.6
58126.8
63783.3
68160.3
74635.4
84020.8
94570.4
100820
112812
118966
122954
127895
129136
127451
123299
117031
110897
100378
93712.3
85998
82089.5
76884.5
70305.6
67395.3
62925.9
54708
47931.5
43468.1
46881.4
42389.3
41358.2
40979.3
41097.8
40816.3
43647.8
47324.4
47595.6
46278.2
48656.8
52531.1
55684.8
59200.1
66011.4
70798.9
74743.4
77399.2
84231.8
84667.8
85594.4
85094.1
82205.9
78816.9
73741.3
69914.2
57915.4
48977
34930.9
25377.7
17335
11582.8
5787.44
18621
20369.7
23353.2
19880.9
27569.2
19332.5
19795.6
14984.5
22446
20877.6
16861.4
10296.9
21556.4
16757
20290.5
25541
34219.1
35599.6
36422.5
37910.9
38598.1
36788.8
37839.6
34503.5
35534.8
35907.5
37592
36022
33189.9
23576.6
26389.9
21835.2
17079.6
2248.61
7993.2
-7900.77
-9551.79
-15597.6
-18563.8
-15455.8
-15632.7
-14969.5
6502.28
12041.2
18840.6
21819.8
30802.8
30849.2
34940.7
42922.5
47073.5
49440.7
51625.1
51809.4
55553.9
57009
54218.9
59699.7
54204.8
54815.8
57425.9
58131.8
60064.4
54246.5
56395.1
56963.1
52088.3
52208.1
51382.8
52416.2
48965.7
47793.8
51306.6
53054.5
55039
54559.2
55375.5
54090.9
50642.6
57305.8
57786.4
54628.4
55151.7
58657
59425.9
62517.9
62932.8
65877.3
64910
64288.8
64060.5
67092.4
68232.9
68561.2
71766.9
78655.4
80199.3
84012.7
89210.9
92707.6
95544
99481
103296
106004
106722
106530
105210
103245
104337
105381
104514
101808
95236
94376.4
85551.3
80171.3
75396.7
69684.5
62828.9
56750.9
52859.4
53404.7
53155.3
52158.6
50711.8
50224.6
49213.5
44414.8
49328.9
51441.9
53683
54277.9
58824.2
61136.5
64699
64926.3
63131.6
59775
56447
49425.9
41996.7
31481.8
20479.7
14862.7
8771.41
11084.1
8317.14
14537.7
7834.37
16836.9
9115.65
27390.5
15340.5
40053.1
27825.3
38993.7
26392.4
38191.1
31788.9
35028.6
33501.8
32325.1
32885.8
36580.2
36605.5
43909.9
42907.5
47407
46988.1
49999.2
49805.5
57171.1
54614.9
61228.8
58621.6
64593.9
67548.5
67760.9
73760.2
73145
73584.1
81229.3
70852.4
82108
65166.5
76701.1
57788.7
69935.7
61366.3
66396.2
68383.1
70222.2
69952.8
74191.2
71711.6
76590.8
74682.9
76781.3
78132.8
68482.7
53190.2
52264.8
51981.2
49982.2
51831
56185.9
62502.7
57627.6
66377.5
57706.4
68562.9
59403.9
60337.8
59490
58372.4
55905.6
54584.1
50668.4
47221.7
42832.2
44617.2
36011.9
38055.8
34948.8
34424.6
37987.6
41868.2
46660.1
50495.8
51933.2
53664
56165.2
62050.9
59150.9
60022.3
53071.1
46593.7
45788.5
38886.8
34092.6
32453.2
22500
15969
14646.1
7819.75
16651.3
16443.3
16586.2
17081.3
31719.9
41243
51819.6
64734.7
75306.1
82573.2
91002.8
94554.2
105416
104010
103242
102979
98907.4
92256.4
88657.8
85963.3
79521
70783
75662.9
64520.1
63938.6
61033.5
58993.1
58173.4
56080.4
59626.9
59783.7
59003.6
60719.9
58307
72075.8
66252.5
77155.1
82023.5
87018.6
93702
99298
105393
117020
119746
120643
126229
125345
122644
117005
117999
115224
114065
122075
120957
125144
126122
122803
125583
116789
120728
112592
104889
96613.5
85674.1
75828.9
63377.9
57023.5
50434.2
46855.1
45239.5
45595.1
44440.9
43424.9
42003.8
45400.3
43183.6
39843.5
35118.4
34163.5
29415
28358
28846.5
24089.5
19921
14147
8227.63
-2449.1
-13885.8
-19741.5
-19933.6
-30583.7
-35384.9
-38391.1
-37909.3
-36587.3
-33141.3
-25513.5
-17292.8
-9946.5
-1111.59
5157.88
11342.1
14646.3
5084.05
11545.3
15333.4
16689
4727.02
16723.2
25086
27338.3
31783.9
38420.4
44620.5
53049.7
51257.7
62383.3
67419.3
64939
67321.2
67481.5
64163.2
58388
60079.2
60715.5
49528.2
52581
52436.4
48225.2
50495.1
49997.3
52931.6
49281
51727.3
51791.5
56988.5
60388.9
57788.5
64197.7
67387.8
59874.2
62935.8
65175.5
65426.4
61600.6
46645.5
37384.9
33572.8
15694.7
8028.88
20709.3
10899.3
15637
11743.9
31146.2
14584.7
29948.6
29814.9
40886.4
42601.7
42055.9
45745.6
53862.2
50078.5
60274.8
62787.2
63813.8
67057
64428.1
69082.2
66971.5
64249.9
68797.4
61880.5
64777.3
59651.9
63180
66470.2
60409.7
63689.3
56665.2
56763.5
47798.7
46261.2
57922.4
50881.5
60406.9
51901.7
65539.5
60588.3
66516.5
65345.9
74069.8
70842.8
67394
63368
61501.2
55794.4
50246.9
47376.5
42615.7
32791.8
36321.6
29006.5
32155.3
31098.6
35310.6
44137
45980.4
59244.7
56593.1
69730.6
68913.3
72947.9
73328.1
75113.4
68212.4
73170.6
71063
74346.5
74651.3
72197.9
74754.3
76859.4
73822.9
77666.3
80867
83924.1
79938.8
82950.9
79849.1
80762
80217.4
78972.9
75544.9
75714.2
69993.2
67606.3
67086.6
62248.8
57728.6
56623.7
52892.7
53359.1
53300.9
56050.6
55589.8
55427.9
55137
55475.2
54702.7
51104.4
48248
44905.6
35973.2
29138.1
22709.2
15308.1
9606.25
12412.7
11847
17615.7
19121.4
24829.4
26719.7
30754.2
37514.2
42584.3
49889.2
54537.9
56695.1
63474.7
63356.1
60953.6
57740.1
51524.3
48309.1
41327.3
39242.1
35901.2
32617.1
33410.7
29144.1
29303.5
33114.2
32892.3
36434.8
35804.2
35439.1
35354.1
35067.2
37655.5
38487.3
45563
47221.7
51374.9
56215.2
56624.9
59966.2
60154.8
60205.3
63701.7
53941
47809.8
57105.6
66088.3
69577.9
66166.1
70090.6
63960.7
60653.7
57185.9
52712.8
53818.6
51101.5
43672.7
48687.5
46499.1
48069.1
54481.9
61111.1
63423.2
66737.3
73359.5
76457.8
76521.9
82610.2
81726.4
84832.5
87376.9
86148.7
86072.8
82695.9
81396.7
81286.8
87451.5
86007.8
86463
98446.3
101108
112946
119379
126125
134088
133262
131960
141181
143424
137589
139434
140670
136979
135468
139643
131877
120012
116635
108027
110210
106244
98449.6
93320.2
82543.5
79573.6
71253.3
62666.7
57023.5
50434.2
46855.1
46478.5
46769.2
47005.7
47234.9
47822.7
48454.2
47641.1
45486.3
41923
38072.2
33788.5
32431.3
34570.9
26722.1
20076.3
10113
-2282.73
-13274.4
-21227.9
-23154.6
-26584.9
-33865.4
-37992.7
-41077.2
-39913.7
-38466.5
-33364.3
-26586.3
-20976.8
-12665.4
-4267.19
1539.72
8695.65
13001.8
18412.3
21797.4
26630.9
31734.2
33605.7
37537
38467.9
40265.4
43650.2
47414.8
52433.2
58078.4
62285.1
66511.3
69242.9
72709
69426.2
67567.5
63330.8
59308.9
57768.2
53102.8
49500
47390.9
43618.6
44635.3
47191.5
48513.3
50659.9
51285.7
52578.6
54476.4
57513
59668.2
61468.1
62376.8
61490.3
61679.8
64750.8
64801.7
66013.9
63938.2
60172.7
57143.7
52708.9
49564.5
45920.1
44057.2
40208.7
38028.9
36334.2
36530.8
37486.8
39880.6
40927.3
43089
43088.9
46205.4
50588.4
54984.8
59085.1
65004.1
68940.9
72868.3
72801.9
72982.7
70112
67318.7
63856
59174.1
55756.3
50136
48512.2
48728.7
49823.8
49038.9
48415.2
46993.3
47093.3
47105.9
48981.1
50328.2
51639.5
52552.7
52490.8
52947.7
53242.1
52737.1
54259.3
51860.5
48207.9
43657.3
40012.2
36484.3
32110.5
31302.9
28949.1
27814.2
27359.3
29465.8
33618.9
37850.9
37513.5
38834.7
38712.1
42450.6
45922.9
52240
56072
59225
68440.9
73967.9
76842.6
77620.3
78498.5
76516.1
75505.4
69765
65545.1
61767.3
59654.7
55125.5
58536.4
61197.2
63007.4
62356.7
60076.6
57040.9
59042
56913.1
58787.2
58012.5
57865.1
56281.7
55644.6
58237
55952.7
55160
51586.2
47421.4
44354.2
42136.5
40273.9
38860.9
37489.4
35056.5
37212.5
37886.7
41445.7
46060.2
52388.2
55769.8
56515.8
59820.4
67488.3
83100.5
87051.9
86587.3
95273.6
91871
90845.4
84993.4
82705.8
80734.6
74544
70615.6
70039.7
65142.8
61176.7
61511.7
61631.3
59613.8
57695
59018.9
50695.4
47290.5
51457.6
47091.5
49005.6
49159.8
49857.3
51792.2
48380.6
48289.4
46802
47490
39318.1
32590.6
30114.7
23336.4
20815
19022.4
17672.8
18655.3
16561.9
16220.9
23480.2
24981.2
27016.5
33867.7
39207.6
42715.5
48633.9
59622.2
59615.5
59539.1
63829.2
62937.9
60390.8
54326.8
49287.9
48976
39183.2
37863.2
36847
33775.5
31623.8
31786.1
33579.1
35654.1
32391.5
30956.1
29342.9
28823.5
30805.7
35062.6
40383.2
42584.2
46313.8
50456.6
51624.4
54397.6
55354.5
55259.6
54824.5
53238.3
52809.6
52056.4
49569.7
55030.5
59504.9
62503.1
56139.2
57634.8
51090.6
41763.3
35460.6
32749.3
34260.8
34778.1
33319.6
34596
34569
34430
38141.7
43401.9
46130.1
47358.2
51171.5
56944.8
58047.5
63241.6
65196.1
65113.4
65529.2
63105.4
64143.5
60918.9
59120.9
57176.6
57083.2
57801.5
57785.9
63293.8
63629.6
67532.2
69958
75128
81483.1
82321.9
82470.3
82009.2
77098.6
69959.6
68228.8
63846.2
57307.3
48017.6
36788.1
26169
14636.4
8814.08
12937
14818.8
13332.5
7404.75
15421.7
9781.48
18482.6
17613.8
23889.8
24032.6
38119.6
39417.6
49285.8
61723.6
67067.6
75089.9
78164.3
79424.7
81096.9
79912
79198.4
75489.8
76768.3
74041.1
68123
67869
62305.8
54940.6
57978
53588.1
52381.5
52528.3
48337.3
45699.3
49155.3
53638.4
53962
51617.9
56086.6
48427.9
57173.8
50745.7
59325
62783.2
57160.1
56401.8
58251.2
58345
59325.2
59687.1
57791.3
53609.5
55419.1
55898
59501.3
65834.2
68606.8
70413.3
77929.2
81316.8
82903.4
87991.3
81383.4
84017.3
76960.2
78943.6
76789.1
75232.5
76635.9
76280.6
76817.9
76107.5
76221.7
77593
72970.5
71248.9
70906.5
69747.5
66699
60824.5
57551.8
52977.7
51649
54117.8
56324.2
54867
53235.3
50792.7
51777.5
53245.3
56910.6
54628.1
56414.4
56964.8
59793.6
60385
58831.9
56123.2
52936.9
46382.4
37592.6
28529.5
19492.4
14687.1
7038.77
11142
6294.87
13715
9699.99
20116.2
16859.6
27011.7
23039.7
34725
35735.1
41085
43608.3
56931.8
62018.7
70120.8
70997.5
73508.5
74261.8
73710.4
69099.3
63971.2
58915.9
59192.4
52192.6
54504.6
52082.3
56917.3
61625.2
65333.2
70039.8
71127.6
76306.4
77359.3
77791.7
81257.9
73883.3
83080.1
68891
73064.1
64691.6
63557.6
58271.9
62955.8
63132.4
65751.8
66041.2
78064.5
79783.2
83572.7
87902.8
87623.1
87918.8
92794.7
87170.7
95140.7
89004.6
92969.2
95030.6
90553.5
95766.8
85486.8
91517.9
82385
82576.7
81838.5
80472.4
83438.8
83713.3
83570.2
91341.1
93925
95145.4
97617.9
96902.9
92771.8
89383.4
84375.6
77811.1
67093.9
62184.2
58656.6
57674.9
54310.5
51034.2
52485.3
49373.3
51832.4
53286.9
56361.8
57523.2
58547.5
51545.5
44989.6
35126.6
30726
22523.1
17418.6
8452.81
14310.1
6924.91
10187.6
10232.6
24675.8
6633.67
17079.5
8563.81
20547
11249.7
21958.3
15678
30780.9
21334.8
22814.7
23056.7
22847.5
17076.3
21554.1
19056.6
18909.5
14573.9
25654.2
18057
19228
11739
23542.3
17858
21135.8
14609.4
23112.3
23841.1
25238.3
29480.9
45924.5
39151
47685.7
51169.3
64962.5
60525.6
76108.4
73464.1
91737.2
84893.7
97881.7
105151
107933
103024
107508
101018
89446.1
82566.3
82011.2
76543.4
75259.3
71498.7
83970.9
82379.7
86317.1
86450.3
99077.5
101046
100596
108802
106032
108157
99846
98980
101017
91347.3
90518.5
91734.4
87952.4
81602.1
84641.6
79921.6
77974
70794.5
65269.3
59111.6
49378.7
44071.5
37933.2
36699.8
24901.3
18403.8
9018.63
12881.1
17331
5022.64
569.128
-2796.57
-11156
-29549.8
-24694.9
-31688.9
-29109.3
-27216.2
-26371.7
-14546.1
-4566.66
-1328.91
12323.9
18235.3
7962.67
11225.8
9487.04
18483.4
1886.57
19989
7449.52
14116.2
15679.4
23794.5
28861.4
41626.2
41169.5
57892.8
59438.3
66069.7
59389.6
71214
69487.9
59066.2
70624.9
63374.8
59789.1
60476.6
48764.7
57776.4
56457.6
53290.3
57024.2
53379
43225.9
37371.1
47891.5
47692.5
35005
49013.4
42138.9
50915.3
48921.8
57554.8
54928.5
65256.1
51181.6
58816.5
53606.7
48619.5
41048.3
35667.1
31184.4
28287.5
28228.5
32307.9
28250.7
31416.1
26124.6
30360.8
33329.3
35180.2
40342.5
41052.7
44183.6
42637.1
50430.2
50102.1
57752.1
52597.2
60121.6
56607.7
57714.8
58188.5
56636.5
58197.3
53404.2
56037.9
58238.1
61677.7
62883.2
57717.8
63052
58479.7
53077.6
55445.1
54000.8
53352.3
51521.2
54067.1
58310.2
59969.3
58452.7
60018.7
57992.1
57831.9
56384.3
61046.6
63816.2
62988.7
70850.9
73833.4
78216.6
82536.6
86333.8
95101.1
95041.8
103240
107314
111217
115342
116799
119397
119246
118073
116784
113387
110039
98878.8
98628.5
92435.7
90327.7
85652.9
79552.4
76364.4
74517.5
68880.7
71065.2
72960.9
71924.7
71742.4
73690.3
73829.3
77874.4
79736.1
82578.2
79639
80696
78174.2
75272.2
73025.3
66821.9
63442.9
59143
56592.2
56079.5
54193.5
45556.1
36645.5
28375.7
26156.9
20812
13737.3
5469.82
7628.71
15909.8
2884.56
2687.39
15574.6
10132.3
5013.52
16575.2
16146.8
8568.93
18305
20299.5
28986
37236.5
41038.8
49997.1
60532.2
56904.7
59859.9
71536
66065
60119.6
68100.7
62543.9
52104
57635.4
58752.4
46058.9
47042.5
43158.5
40397.8
42162.4
43335.7
37986.7
49320
52517.5
40981.2
54471.3
58000.8
50329.4
57341.4
54897.5
60509.3
67715
64184
70825.8
82076.6
74182.9
77940.3
92218.3
84038.7
78073.2
89515.6
88569
80656.1
91774.8
92101.4
84269.1
92054.4
87178.9
89815.2
86934.6
78884.4
79435.3
72765
67687.1
65984.5
64145.2
60587
56989.7
54805.3
47836.6
48655
49553.3
44920.3
47177.5
44865.8
44455.7
45794
46669.4
50577
52132.1
51145.6
53053
53261
58247.7
67258.1
74050.9
75125.2
76732.7
78357.7
78964.3
73421
71955.4
67114.6
61098.9
38210.8
17389
3539.46
9849.32
15451.3
27498.2
10797.8
25123.1
16761.1
17181.6
-244.679
31057.8
19830.3
19128.6
8256.61
22561.8
19074.3
24733.4
22460.6
37735.7
33630.4
30175.9
25008
39736.7
29211
32768.6
38484.6
43682.2
38516.3
47493.4
47618.1
51306.2
51750.7
57827.2
52636.6
49604.5
35929.8
33427.4
27590.9
23440.5
4795.01
17838.9
-4891.83
-10610.8
-24381.9
-14829.1
-18985.7
-11411.7
-10699.9
8002.71
15651.1
26110.6
26421.8
37574.4
23174.6
27556.4
30952.7
34758.4
29167.6
36894.1
37546
34636.6
35302.2
42402.3
48867.5
47672.6
52555
50527.1
52692.7
46446.1
51285.2
48984.7
47518
47803
47504.6
49084.8
50944.3
50417.1
54418.6
56086
61720.4
66008.4
67718.1
67662.4
66619.7
70899.1
66022.7
64457.4
63199.6
64128.8
64587.9
61364.4
60634.8
64395
60764.8
60374.9
57002.1
52988.8
48112.8
48412.6
54358.3
59754.7
69547.7
79540.6
89121.2
97044.9
104492
111313
118708
117720
120086
115309
110877
104252
98879.9
95818.3
92361.6
87959.7
85323.3
82297.3
80603
71504.3
70277.3
67593.1
63691.1
61039.1
56392.3
55342.9
53293.4
54845.1
53979.2
54236.4
52155.3
49059.7
48474.7
52425.7
55052.9
60462
56312.2
60421
61528.2
64959.6
67505.8
68542.9
67325.9
65455.5
55263.1
49549.6
41185.5
36176.8
26589.8
17262.7
11476.6
5954.51
13776.4
16181.5
14989.2
22213.2
30828.7
38558.8
51114.4
58753.4
68371
75527.8
80221.6
82314
87068.7
88270.2
79834.5
87415.9
83401.5
84329.3
81099.7
79539.7
78490.5
76617.1
75560.2
76883.5
78958.6
81027.9
76858.5
79926.9
76214.8
79753.8
80639.5
82201.9
78020.4
77746.8
79867.6
73541.3
74138.7
68406.6
67664
66828
68588.2
70243.1
78638.4
83764.8
86563.4
92529.4
95872.4
95867.5
98386.9
98941
93204.9
87159.5
84324.5
76974.9
74050.2
67913.5
62157.5
61258.3
55391.8
60082.7
58730.7
59424.6
61455.7
64378
68048.3
70819.1
74413.6
76669.6
75091
76462.5
73647.5
70679.1
66977.3
60909.1
58728.9
49547.1
43536.8
39820
37260.5
34759.4
32526.2
33414.6
37972.9
42343.1
45813.8
45310.2
44407
41516.7
36702.3
32824.5
30110.6
25896.5
21678.5
15585.5
11093.2
6003.87
12575.4
8532.74
5994.59
6254.49
10907.3
9072.65
10762.1
19097.4
22783
29311.6
32536.8
34611.3
46701.8
45922.8
47769.4
53995.1
56079.9
56106.1
58067.2
60188.3
60997.7
59891.9
64773.6
61840.3
61007
60780.3
55796
56820.2
55503.2
57440.6
62857.3
62989
64056.6
59160.7
68467.6
66067.2
67712
76814.2
77380.1
87568.2
93083.8
98341.7
112142
114342
116525
123542
124166
120171
119893
117785
104148
93401.9
94749
90249.2
85949.8
89642.5
85901.2
92881.6
90152.5
92981.8
101385
99502.7
99231.7
94333.3
88045
80812.3
71446.8
62666.7
57023.5
50434.2
46855.1
45239.5
45595.1
47319.7
48651.2
48417
47734.6
46111.1
43522.8
40214.7
36057.3
30351.4
28526.2
29242.2
21460.9
15321.5
8063.4
-3284.67
-14034.1
-22323.6
-23436.2
-27221.2
-33558.4
-38277.4
-40991
-39701.2
-39184.1
-33813.7
-26300
-20850.7
-12470.8
-4068.55
2159.62
8247.28
10126.8
11663.8
12850.1
19107.7
25302.4
29075.1
33634
35246.6
38660.4
42657.5
46963.2
51767.7
56216
60782.4
63843.2
66199.1
70360.6
67722.2
67448
62503.5
59191.4
58924.2
54217.3
51663.2
50237.8
44113.5
43421.5
44843
47700.2
48510.8
49540
51556.7
51736.2
55338
58926.8
62671.8
64128.7
61326.1
62416.1
63827.2
64279.7
64724.3
64227.5
60049.1
57494.8
53496.8
52243.2
50817.3
50141.1
48606.3
49440
49259.1
49885
50864
51524.5
49782.4
54363.3
55488.4
60765.7
60927.6
63784.1
67303.3
70796.4
72961.1
75890.7
76934
75869.6
71696.5
69848.2
67347.9
64052.4
59637
58546
56004.8
57105.9
57902.7
59980.7
58494.9
56074.3
56267.8
50732.2
51316.7
52396.8
55851.8
52539.8
54959.6
57905.2
61582.2
62208.7
60516.6
59431.2
54814.4
48182
44573.1
40553.6
36754.2
32979.7
31866.9
30104.4
29661.7
32777.4
36853.4
38707.3
45789.1
51863
59940.2
69592.6
77149.9
85614.3
91763.8
96374.4
99415.1
100060
100264
92707.9
94202.3
89195.5
88815.8
82739.4
78017
74565.9
73569.6
68602.2
70522.2
72409.6
71814.7
71198.8
73570.9
74586.2
78991.4
81202
84949
82862.6
84019
81802.2
79097.6
75665.9
69471.9
65443.3
60821.9
58306.4
56781.1
55003.2
53159.6
52444.4
50535.6
49187.5
48757.6
47459.5
47896.6
44057.7
45378.4
31753.7
18778.6
8355.63
16197.6
11221
10298.2
6291.65
25194.9
22641.4
27351.5
29888.9
37554.7
38185.9
38210.4
39803
45087.7
40997
42953.5
46300
48151.9
43173.8
39790.8
37803.5
32017.4
25670.5
27707.2
22157.4
22301.8
21036
21477.5
23404.3
24631.5
31201.4
41141.5
43879.8
45691.9
41654.3
51597.6
45195.1
47599.7
46290
49118.2
44458.2
42424.3
42456.5
48051.9
46305.6
47725.2
46612.3
43095.1
37249.5
43795.2
47179.8
48680.3
47497
56079
61795.7
65803.8
70022.8
72239
75169.2
71215.1
72378.6
68907
66232.1
62826.7
62124.5
60873.2
59697
59812.5
56971.5
57108
57504
58761.1
59524
61942.6
63294.5
64019
65764.9
69234.8
72713.1
79699.3
76346.4
78392.1
75518.2
74338.3
73609.7
71652
71916.1
69726.3
66239.8
63917.7
63046.6
61611.6
55461.3
56624.4
60154.7
66814.9
78720.2
93440.9
102808
114663
120081
123898
128165
126430
122035
110695
100229
87543
77319.2
66748.6
54259.9
49844
44115.1
43874.7
46199.9
46163.6
46513.7
43024.2
41955.2
43945.3
43728.5
42106.8
40667.4
37547.5
33551.9
31744.1
26354.8
21148.6
13602.9
10880.8
7337.18
6001.5
7178.59
7242.56
6880.82
6719.55
9867.49
-89.0623
-7223.11
-9347.53
-3268.93
-3329.69
4547.49
12868.4
7947.52
14156.1
8191.48
20588.9
13966.6
16233
5015.82
19767.1
11199.8
10274
13406.9
24985
21701.3
28804.2
34382.7
41769
48829.1
51826.7
53001
58060.4
54243.1
53524.1
53295.1
55990.7
46617.5
51190.8
53780.5
45345.9
46788.9
45866.8
43684.9
41930
42323
43693.3
36376.2
38329.1
22187.4
32834.1
24482
25105.8
27571.7
31580.1
19275.3
26473.7
35320.8
37281.5
43619.6
46280
48486
60791.3
63312.4
73043.4
80981.1
84859.3
79966
89514.9
89876.7
82799.3
86692.9
81500.3
81215.6
74128.2
76072.6
70928.9
74516.7
69412.2
70858.6
73046.1
72828.7
70456.7
67995.8
65624.1
64743.1
63124.4
65369.7
62251.4
60285.1
57236.5
54100
51038.8
48881.1
46834.5
46005.1
42604.3
41154.6
40977
41186.2
41945.5
41226
39409.8
38140.1
36828.2
38083.7
35978.2
34874.9
32972
31217.3
32120.9
30373.4
28518.9
23341.4
17343.7
13848
7029.28
16126.8
14451.9
14469.6
10771.1
31715.3
32112.8
37403.2
35488
45780.3
45875
47432.7
46078.1
52662
52254.2
51096.1
54590.5
63628.2
64041.8
68086.9
74868.7
78098.5
79037
88867.8
91776.1
94698
94388.3
95172.9
94479.5
92137.6
91880.6
88500.3
86710.8
79442.1
69065.7
75648.3
66487.8
64799.6
56489.5
64088.5
56191.9
52791.5
44811.4
47060.5
44631.2
39326.2
43703.4
50379.9
46905.5
48204.8
51624.4
52147.6
48404.4
58475.4
65703.7
72822.7
75138.2
76615
84461
82607.5
86814.6
84340.6
89999.2
86354.7
89745.6
88399.1
89486.8
86520.6
83543.9
83448
81536.8
77851.3
72707.7
70726.2
69401.4
60672.6
61473.3
58411.7
58150.2
56808.6
54143.6
56832.2
54979.5
54555.8
54756.3
58232.6
59533.8
57744.6
59967.2
56828.1
53555.9
55931.5
57591
67355.1
73769.1
81669.6
88103.1
96340.5
98392.1
105659
106185
104662
102471
100160
90856.5
84176.4
79400.6
75356.1
72923.8
72037.5
66526.5
61385.2
52113.3
46464.7
44638.8
40457.4
36868.3
32678.3
31002.5
30431.3
30485
35076.6
35200.9
35085.3
33719
37125.8
35152.2
36744.9
36810.9
42769
45525.6
48269
55278.4
61398.7
66263.6
76418.5
84104.1
91877.8
97999
106419
107976
108029
104357
97882.8
90862.1
74532
65395.1
56659.8
55572.2
48549.8
37988.6
27021.4
23898.1
27963.2
28659.1
37494.7
38782.4
36787.8
38456.5
38008.3
40240.2
43538.2
45418.2
45548.3
44196
42433.9
41685.7
43107.4
43602.6
44748.3
41955.9
42205.9
36594.7
37988.2
34098.8
31299.3
29103.1
29374.1
33999.7
29582.9
26539.3
19117.4
18814.6
22442.5
13415.2
6139.56
1658.57
-9257.41
-15107.5
-19874.6
-19427.8
-17008.9
-16946.5
-14679.3
-4935.2
4533.53
14264.1
16069.6
17388.4
15418.5
22439.7
31377.7
37522
42419.2
44123.3
43238
46108.2
49424.4
55651.1
57500.4
57361
59125.1
59678
61013.2
63608.6
60741
62338.9
60709.7
61219
58586.6
57979.1
57288.3
53648.2
51484.9
53066.2
55228.2
56550.7
56067.2
54049.4
49750.6
52027.2
49576.5
52953
50616
53533.5
54334.1
59148.7
61698.1
64885.9
65658.5
64171.5
64582.6
64463.6
62986.9
65922.9
66997.2
67118.5
70848.1
78274.8
80007.4
83475.7
88817.8
90431.8
94265
97033.8
101658
102371
102419
99859.4
99223.1
100393
101423
100818
100524
96539.2
91258.9
87083.8
80959.5
75334.4
70144
64613.9
58213.4
55858.7
52611.9
54136.4
53738.6
50812.8
50496.2
52465.8
46379.6
48695.6
50926.4
52946.7
48494
54876.9
55818.2
55889.4
52490.7
47930.3
41904.6
33877.6
23094.2
15810.4
9256.38
8567.51
11167.2
14719.3
7276.84
11668.7
9425.89
18434.6
7647.38
22664.4
14763.7
20425.4
11204.8
34479.2
34563.5
38681
34834.1
44767.9
38999.3
42334.1
35501.7
43626.6
39404.5
40641.1
38168.2
46126.1
44079.4
47907
47363.1
52226.6
49083.3
54948.9
56567.5
59366.8
58283.1
66472
68604.5
77049
75905.6
84941.8
80841.4
87368.3
76434.1
89940
85799
86417.2
80784.2
91375.4
83159.2
86558.3
83084.1
83982.8
75518.4
71330.7
68913.5
77952.8
72278.5
74475
78259.3
83608.6
83438.7
96268.9
105432
102708
108759
112913
119042
119114
125167
121194
124415
117439
118420
113891
106588
99870.8
91823.2
83909.2
76482.4
68507.5
62907.8
55660.8
49485
45896.1
41703.8
40292.8
37473.4
38075.7
40864.6
43417.1
48344.6
50440.9
53378.6
55215.8
56676.1
57146.2
57499.9
55771.2
54946.8
51999.4
49175.8
46677
47250
33202.8
16631.9
3712.46
12534.4
15924.7
10478
10106.8
23113.1
22256.6
9897.61
22476.5
32636.6
34417.5
36745.1
41449.3
44760.2
47075.6
42281.9
47689
52272
46309.2
47670.8
52595.8
51439.7
42876.7
49163.6
51647.7
44984.8
52769
54628
50988.7
50452.4
51923
60529.2
60069.5
63924.6
57301.4
68565.7
72680.5
65739.1
78623.1
84481.6
77463.4
75205.7
75631.8
75035.7
79572.8
73215.2
79565.3
81061.3
70978.6
77633.2
92829
90700.1
85059.1
100075
109321
102679
116976
120050
118171
113575
104763
99103.9
86901.6
76343.6
65397.1
61460.4
49685.4
47714.8
45666.2
44520.5
43635.2
43810.6
43151.9
47884.1
47701.4
45468.6
41668.4
41636.1
38218.9
37215.1
36608.6
30258.2
24263
17218.5
10969.7
6521.95
-5153.66
-13487.1
-18936.2
-26474.6
-34856.6
-37380.6
-37200.1
-35954.4
-32212.9
-25850.1
-18611.3
-8300.04
-514.528
5771.86
13005.7
16507.4
4951.48
11673
16610.4
15874.5
-1476.92
13464.1
17694.7
23213.8
32929.5
41079.4
44555.2
51548.4
52001.8
61683.6
68413.6
64824
63758.3
70764.4
61121.7
57900.3
61987.5
61760.1
50847.2
54051.5
53687.2
49148
50448.6
51403.3
52525
51292.7
52502.7
55924.2
54950.5
59982.8
50681.8
65873.9
61770.6
58453.2
59728.6
63716.3
60329.4
57285.1
46523.3
38864.9
34816.2
17557.4
8937.87
22370.6
9958
16947.7
14589.6
34213.5
12079
38082.1
28908.2
39561.3
38392.8
43593.2
41941
47678.2
48160.4
56251.7
59451.4
61053.6
59776.1
68669.7
61466.9
65800
62601.2
68042.1
59757.3
62903
59673.8
65155.4
64267.8
63796.1
65741.8
58143
59336.1
49602
46850.4
57807.6
49534.9
63148.6
49755.8
65831.3
56336
67963.4
63755.1
66435.8
61098
54383.9
54493.9
52621.4
45971.7
47225.2
41805.4
36484.7
29316.4
33964.5
25596.3
27416.8
23071.2
24704
25132.2
24497.2
33672.9
33201.1
46202.3
45914.8
57571.1
57916.7
62164.3
58968.8
63017.6
63498.1
65847
66724.8
66484.2
67491
68905.6
68641.2
75481.3
77275.9
79286.2
79537.9
80620.5
80299.5
82271
83331.9
84208.3
80056.5
79079
76731.5
73689.7
72060.5
69153.4
69235.1
64858
61499.6
62913
65485.1
66839.2
70521.2
80009.1
91916.2
101326
105830
115683
118253
121618
121759
121002
119713
113353
106465
101958
94397.1
89772.4
84432.4
79670.1
77683.5
75281.3
76660.1
77215.5
75469.1
79977.4
76294.8
77742
75626.2
71806.3
71575.1
61881.5
59099.5
47476.8
41593.3
36584.1
27947.2
30171.1
28094.9
29000.7
32751.4
37617.4
43748.2
45489.8
47425.7
53131.2
55995.7
62329.7
71710.9
77400.6
78223.3
78282.7
76382.7
73474.6
67389.2
64814.5
59521.2
55844.6
50627.6
47116.7
48339.6
44745.7
48062.3
50074.2
52537
54096.3
61192.7
60216.9
61881.9
62920.4
62670.6
62758.4
62107.2
60228.4
60582.5
58274.7
57263.9
56443.6
54948.4
50956
47923.3
47994.2
47447.3
50525
53831.8
53576.7
55246.2
56845.2
59400.6
65410.7
68032.1
72252.4
76731.2
81341.2
85885.6
89168.2
93500.9
92219.9
89704.7
87270.8
83724.3
79871.4
75093.5
68495.2
57131.7
47083.9
44637.7
46364.9
47110
51001.2
57409.4
63592.4
70754.5
77662.1
85758.9
90572.2
91026.5
88159
83895.8
76872
68483.3
60810.3
54932.7
49182.1
48964.9
48408.8
49075
47217.5
47730.4
46733
48198
47011.1
45646.4
43354.8
41564.1
38996.9
41293.7
41599.4
35648.1
30442.6
22150.3
12730
5032.01
-6818.48
-14047.1
-20507.7
-28150.3
-35781.3
-37848.6
-38284.5
-36753.4
-31313.5
-26042.6
-18882.7
-8766.77
-1109.77
4917.53
10452.4
15888
18122
24668.3
27593
31095.3
33298.5
36474.4
35858.6
39814
43291.2
46946.4
49933
55546
59903
65776
68739
71168.4
70338.6
70749.8
65215.1
64871.2
62265.1
57725.2
54593
50281.6
47218.6
46961.8
46326.9
45531.7
47051.4
47464
50241
49306.6
47013.8
47446.4
55416.8
58736.2
57759.2
59055.6
63330.2
64011.4
64190.2
63354.6
63845.7
59232.3
54213.9
51370
48006.6
44924.5
42043.4
40975.4
38492.3
37062
38557.5
40532.1
41345.9
45332
48712.9
53647.7
55841.2
60773.8
67823.3
71085.2
73969
76244.1
79718.6
77820.2
72563.1
69776.7
67140.4
61887.3
57484.3
53762.3
53687.4
50925.1
50026
50702.4
48733.8
45656.3
45804
40287.5
41899
43341.4
49927.8
48726.6
52023.2
55118.2
59166.9
61276.7
59744.4
58671.5
55195.3
47951.8
43838
40468.3
35937
33255
31142
29930.9
29661.7
32777.4
36853.4
38707.3
45789.1
51863
59940.2
69592.6
77149.9
85614.3
91763.8
96374.4
99415.1
100060
100264
92707.9
94202.3
89195.5
88815.8
82739.4
78017
74565.9
73569.6
68602.2
70522.2
72409.6
71814.7
71198.8
73570.9
74586.2
78991.4
81202
84949
82862.6
84019
81802.2
79097.6
75665.9
69471.9
65443.3
60821.9
58306.4
56781.1
55003.2
53159.6
52444.4
50535.6
49187.5
48757.6
47459.5
47896.6
44057.7
45378.4
42277.8
42306.8
44023.7
43721.7
45446.9
46081.4
47754.4
53173.1
54049
57014.5
61004.9
64378
68048.3
70819.1
74413.6
76669.6
75091
76462.5
73647.5
70679.1
66977.3
60909.1
58728.9
52635.1
48036.9
45680.1
43744
44812.1
42816.2
42657.9
43343.7
43955.1
47049.1
48724.8
50923.3
53481.4
54686.8
55519.4
55892
55012.9
54578.3
52253.4
49558.4
46795.6
46904
45662.5
43029.8
42872.7
42114.2
42000.9
44616.6
45952.3
49956.3
51090.5
54150.3
55361.3
59823.2
62153.3
62828
64107.8
64979.5
64525.3
63944.4
62239.6
61117.3
60233.7
58100.9
55621.7
54197.8
49823.6
48551.5
47155.9
46784.5
47405.7
50394.6
53446.9
52890.8
53797.6
56872.8
60697
64518.4
68402.3
73856.4
77408.8
81486.6
83993.3
88003
88155.5
88531.9
86351.1
84039.1
79775.5
74528.3
69329.3
56687.9
47960.9
44777.2
46481.2
46932.2
50486
57419.6
63448.7
70665.1
77399.2
86563.6
92539.1
92510.2
89924.4
85579.8
79792.8
71395.2
62762.2
56979.4
50405.8
47006.1
45238.8
45244.5
44088.6
41941.7
39414.5
38301.6
37338.2
35991.2
35852.6
33275.2
29906.3
28538.6
30599.5
26293.1
25820
24955.6
24902.6
8832.35
9524.94
13725.2
11925.4
-14056.8
-18729.5
-22769.1
-29371.6
-29454.1
-26979.7
-19542.9
-10942.4
-9898.21
4038.94
13860.8
9434.78
7004.17
14145.2
12937.8
3375.22
8905.42
23854.8
9940.66
14894.1
17452
22298.7
29926.4
36421.4
41968.8
52466
53494.4
56011
65720.8
75348
58131.5
65845.1
65679
57839.4
56277.9
55291.6
48131.3
45306.5
36800
40083.6
41926.9
40362.5
39304
37904.1
32056.6
20453.9
34450.6
45435.1
36218.7
32755.2
45098.3
45682.6
51573.7
53407.6
54969.1
60885.5
54415.4
51920.4
61566.3
61163.2
56410.8
62130.7
67193.3
60832.7
64214.9
71777.4
69209.1
66204.2
71951.6
70688.9
72443
74629.5
71818.5
75933.5
72460.3
72536.9
82038.6
77532.4
80144.3
69144.5
75097.6
67257.3
63543.3
55530.7
46753.8
41795
33592.7
31664.5
36487.8
39487.6
39163.7
34498
27830.4
27638.2
30224.6
31789.8
33016.5
30144
37246.1
41752.8
44785.8
49127.9
44119.7
46506.7
38737.5
38931.7
36669.6
33521.9
34028.6
30822
29383.6
30310.6
27463.6
24886.9
26122.7
27244.2
28773.8
31959.6
37591.4
42289.1
46773.5
51765
58699.2
71311.4
74401.9
73955.6
76265.4
73550.6
73745.5
74309.2
73095
75425.1
75302.5
79241.6
81650.8
87408.1
89574.1
92178.5
95110.9
93266.5
93240.3
101476
101953
102097
104564
99247.8
96667.8
90074.1
84372.7
77969.9
68105.7
64898.2
60632.8
58617.1
55924.3
51073.4
55004.4
52409.4
56891.5
61086.6
64267.4
70773.4
74397
80718.5
86954.5
92182.5
96281.8
99217.1
101387
100365
98848.5
99362.8
93062.3
86747.8
84812.2
82047.9
81096.9
80471.2
79390.4
80272.8
75545.3
76462.5
73647.5
70679.1
66977.3
60909.1
58728.9
52635.1
48426.6
46537.4
46237.5
48118.3
46504.4
46677.3
49060.8
48918.9
51832.4
53286.9
56361.8
57523.2
58547.5
58236.2
59228.6
57696.1
56827.8
54653
52230.8
48678.7
48870.2
35462.5
19873.7
6162.19
14788.2
2516.05
11946.1
12472.8
32374.6
15042.4
18929.8
18008.9
28953.1
24847.5
22048.3
20622.8
23413.7
15760
21285.4
27525.7
29879.5
25685.5
28449.3
27453.9
27103.8
23463.5
29693.7
27188.2
31983.2
34771.7
41269.2
46782
43428
47751.4
53549.4
53452.6
57790
55953.6
71165.4
60647.9
72949.1
74277.2
86027.4
83105.5
81570.9
81725.6
83780.8
75806.3
78472.5
82501
75751.5
68323.1
77023.6
83175.6
82561.4
83897.8
94148.7
92270
97448.1
104566
113355
122841
113978
120640
113263
110966
103837
97499.8
89815.9
80775.3
75752.8
73392.9
72172
70018.2
65397.7
61391.2
58944.1
52535.3
47771.8
40581.6
35147.9
29423.1
27940.8
28974.8
23065.2
15826.8
18962.7
19945.4
17029.3
6109.64
1250.14
-8095.58
-19590
-26517.2
-32859.9
-32161.4
-33393.8
-31674.5
-22842.7
-16218.5
-6911.63
4010.42
10576.1
6656.36
10428
6582.06
16315.5
4927.13
21299.6
5076.31
18579.5
9076.77
20751
19527.7
33317.7
30675.7
47396
51913.8
60678.3
58594.3
70200.8
66141.2
69457
66922.3
66190.1
63027.6
61992.7
52114.9
57306.8
53430.7
54964.8
55849.8
55223.3
47435.5
42061.7
40799.9
45278.6
40116.1
49232.1
39192.7
55534.4
48255.6
56601.6
53433.6
64728.2
54653.3
65527.7
57807.4
61357
58487.4
59137
56894.3
61024.2
58620.5
63518.1
61900.6
69364.6
63456.3
62235.1
52022.7
50310.5
55660.6
53544.7
56775.1
55260
62166
60527.9
67984.9
65886.2
68516.3
68013.2
63459.7
62540.7
58167.8
55591.4
51654.7
48829.2
45436
48016.2
52130.6
49672.7
50669.3
51415.8
49123
44724.8
49878
52698.8
52543.1
53135
56816.8
59048.7
66137.4
61528.8
62000.4
55977.3
52241.7
45298.7
40594.2
33462.6
25286.8
17655.5
10624.9
8646.98
12755.3
12321.6
24982
16898.3
22597
18200.7
33088.5
33175
39755.7
43042
43455.2
46545.1
50995.4
56526.1
65119.1
59998.7
62441.8
62418.9
63379.9
60883.8
59565.6
58232.7
62084.5
54141.5
63538.5
65230.8
66782.3
72582.4
72782
78030.8
79805.1
83475.3
87011.9
80780.1
88360.9
78111.7
86061.8
76138.3
73523.5
68590
62316.6
60274.6
63783.8
61832
69609.6
71973
71478.7
78578.9
83208.9
85833.4
92795.1
93914.2
103743
101501
114505
119671
122271
127517
121062
126728
120344
118683
113348
106376
98604.3
94793.9
89911.3
88338.3
85979.3
80347.6
79690.7
73951
70679.1
66977.3
60909.1
58728.9
52635.1
48426.6
46537.4
46237.5
47023.6
44757.8
44387
48107.2
47835.9
51212.2
52224.4
55987.7
56893.1
58007.9
57853.3
59104.2
57365.7
56412
54010.1
51888.1
48132.6
35667.7
19026.1
289.48
8548.7
12659.9
20281.5
1320.48
12002.8
18499.5
18127.1
2428.66
18675.1
20071.3
14031.7
12299.5
27620.7
27448.4
29211.4
28921.4
38924.3
43067.8
39822.4
39676.7
50658.1
43808.8
37909.4
42123.7
47152.4
40520.6
46605.2
54204.5
50587.2
49812
58907.6
59445.6
62461.4
56253.8
56344.6
50584.2
50470.4
35821.5
41161.6
37091.8
24382.5
15679.7
20212
11779.2
22092
19031
19070.8
11239.6
23968.7
14102.5
34054.3
13268.5
27149.5
25387
36471.9
14998.9
45544.6
43819
33781.8
27665
42558.1
34742.8
40671.6
39778.8
48395.3
46131.9
43543.1
40515.3
48003.9
43183.8
42639.6
40925.9
43374.4
35661.1
41653.4
44260.3
38627.7
34055.2
48946.4
44447.6
49110
47892.6
56490.5
46842.5
57630.1
46518.6
69156
62328.3
60761.2
53009.4
70161.6
52332.4
62741
58875.8
59937.2
54581.4
56453.9
58595.3
73120.4
71932.8
73451.9
80476.5
87070.5
84550.8
98515.5
106718
100820
109064
104912
110008
104036
100788
94966.2
93797.3
85087.2
86996.1
83747.8
84626.1
75559.3
74079
70674
66579.7
65294.3
59419.9
59606.5
52617.1
51551.4
51666.5
50687.5
53088
44498.6
49378.4
52963
51376
47758.6
53289.5
57493.6
61281.2
57046.3
59735.4
63284
63517.7
62943.8
59216.2
53355.2
42316.6
33819.2
30352.7
17160.8
12552.1
5781.85
9905.58
7910.2
4261.97
10548.7
16632.2
18561.7
26065.7
33048.5
36299.1
42482
46196.2
52641.9
61048.5
61352.8
65136
72780.2
71683.1
67352.9
70694.7
69816.8
68433.7
62631.1
64794.7
62551.8
60201.5
64001.5
61493.2
60922.3
53981.7
56908.7
51651.9
50390.5
51751.3
55939.3
58450.6
55184.9
59613.8
66241
65384
70834.2
69880.4
66242.9
60069.9
56054.5
53370
51142.4
46058.2
40796.6
40050.9
37634.3
35891
37182.1
44325.2
47423.7
52374.1
56170.4
59857
66493.6
68926
74766.4
79046.1
78357.8
80686
82083.8
77232.6
83117.9
81061.4
83578.5
82557.3
79604.8
78716.9
80967.4
75814.4
76866.4
83243
78371
76927.1
77086.4
74335.1
75314.3
72990
75739.5
72591.5
72148.2
69879.5
66296.8
70072.8
64606.7
64739.9
61092.7
57094.6
58885.7
60548.3
60393.3
62976.5
61471.1
58954.1
68491.5
73946.7
79649.6
72809.1
75096.5
66724.5
59299.6
55969.2
50091.5
47736.6
43087
36644.7
42713.3
40203.9
43935.9
50826.9
56943.5
61978.3
65699.1
72781.1
77502.8
74948.7
79356.8
75485.8
74726.3
71309.7
65230.4
62601.6
53333
48529.9
44800.1
41571.3
40781.1
30794.7
36582.6
38307.5
44527.6
50861.9
53326
54210.2
52927.4
49553.6
54182.3
54850.8
53176.3
51384.9
47572.1
41863.8
35572.7
32645.8
27035.8
17648.5
16248.7
12269.6
13151
16288.9
15895.1
20853.8
20349
24038.4
28557.2
34348.2
38553
41585.2
45355.5
49493.1
50190.3
49627.9
49307.8
50977.8
52194
55183.2
57973.7
58742.5
55511.2
54513.7
53370.6
53270.9
52301.6
50957.7
49557.6
46956.7
46250.2
48190.4
51814
55434.1
54712.8
53423.5
51822.1
53154.9
52759.7
54287.2
54352
55604.6
54712.6
54122.1
53100.8
51228.8
47348.5
43310.9
37822.8
33346.4
27901.4
24395.8
20917.1
20574.8
21240.9
25874.7
30948.9
38874.1
45321.7
48425.3
52250
55595.2
58312.2
59591.5
60559.8
62293.9
62548.2
65623.2
65505.3
67112.8
64910.1
63737.9
62741.4
59973.3
57731.2
56999.7
54256.5
49736.5
48083.7
45531.9
44252.8
44429.1
42566.3
41512
42515.5
44688.8
46083.1
52724.2
57283.8
58899.3
63922.5
65009.1
67098.5
67974.5
66560.6
64471.2
61237.5
57481.1
55071
52992.1
56119.5
59974.5
63080.2
60008.3
61200.7
60070.8
58221.3
53736.3
51042.9
49329.1
47619.4
46803.8
47911.6
51291.2
54702.9
59622.7
64404.6
68998.3
70109.7
71090.4
70221.4
68621.3
69127.1
66730.1
62028.7
59041.3
55479.6
58104.8
58028.3
59707.2
56509.7
55403.9
57392.5
52893
55323.6
56325.4
62791.2
64654.2
63130.1
64887.3
68047.3
70424.6
75979.8
79454.1
82484.3
84507.7
84424
83484.8
81740.3
79679.5
74151.9
67144.4
63801.2
57660.4
55822.9
54221.5
49327.7
53684
50444.1
54591
55144.6
60148.6
66270.1
71165.2
73648.6
75661.7
77130.5
75229.3
70431.2
69215.7
67462.5
64345.1
60548.9
56382.5
57460.8
57855.8
57024.3
58325.5
56482
55250.3
58149.3
53535.7
54782.1
53629
58682.1
54678.4
57548.2
59764.4
63386.9
64351
61298.7
59407.1
56341.7
48611.5
44625.4
41497.4
36632.2
33489.3
31611.1
30531.5
29560.7
32645.1
37035.9
38251.6
45785.5
51783.7
49888
49657.4
48390.6
56036.2
64290.5
74731.1
80382.2
82191.4
88051.5
80404.3
85192.4
83476.5
82156.4
76970.4
71050.9
65895.3
66271.6
61577.1
64190.7
66740.9
66785.1
62806.9
58832.6
58361.3
60702.3
58101.5
62976.4
57990.4
59825.7
59255.4
59817.4
60219.8
56078.1
57251.4
50484.1
49977.3
45870.8
39531
41797.2
39815.8
39990.7
42202.5
42028.3
41329.4
44170
42533.5
48958.7
52895
46255.8
42365.3
39194.5
45498.1
42612.5
47110
50845.4
48415.4
51780.8
52090.9
55620.9
62456.3
57441.1
60930.9
59622.1
55376.1
56880.5
56755
57010.4
56697.1
50181.9
49176.2
41483.3
44065.6
47515.7
47626
51160.8
50445.4
51606.7
55197.3
55227.8
60788.6
60147.9
62646
57807.8
56899.4
52503.1
49691.2
47015.5
44675.8
40765.7
45563.8
38193.5
41982.7
43546.2
44024.7
47515.5
53352.3
48463.7
45607.5
43568.4
54518.7
53384.4
67192.8
69686.8
74512
74735.2
72547.6
72840
73729.9
66401.1
62934.2
57980.1
50980.5
45773.7
45112.3
45738.6
46988
44755
46153.8
42937.6
45830
47059.4
48645
49843.8
50135.5
49826.3
49696.1
51181.3
49662.5
49755.1
57439.2
56047.7
60135.8
58099.7
60918.3
57273.9
59869
59640.6
61417.8
58351.4
54490
53585.8
47469.2
43386.9
44722.9
43244.6
39833.3
42216.5
49369.5
51062.6
64563.1
74206.9
82264.4
80762.1
83498.3
81164.2
75783.5
68850.9
58988.1
51471.8
42592
38009.3
40738.6
41150.2
45007
47081.6
49393.6
50009.1
50869.1
54052
55410.7
54210.1
58177.7
55907
53602
53713.4
46393.4
43351.9
32968.5
25498.8
16454.3
7449.28
-908.153
-12846
-17485
-22325.8
-27228.9
-27317.1
-27076.3
-21365.7
-15591.2
-6929.8
9689.98
23926.6
33942.4
49787.2
61107.7
67206.7
72785.7
75552.6
75829
69208.1
67224.8
63921
59761.8
59193.9
56048.5
56238.6
54679.9
56253.2
58538.5
62009
64734.9
67330.9
66211.6
66748.8
62542.7
63400.2
61586
63094.4
63415.1
61490.8
58199
56574
54362.4
53322.4
52158.1
51044.1
50346.2
50998.2
51452.2
54917.2
56416.3
56788.5
55397.6
58122
58026
57351.7
57450
55393.9
53614.3
50582.4
48851.5
47985.5
46506.7
44095.7
42630.6
33641
24268.5
19137
18618.8
14766.8
17583.2
22290.6
30186.6
36897.7
43263.7
50266.6
55648.7
58025.5
63233.9
67031.5
67773.3
66378
66554
67869.6
65482.7
64717.3
65150.5
64138.3
66878.9
70306.5
73993.4
75738.6
74991.6
74807.6
67843.9
67300.2
65300.1
65963.9
64762.7
62045.4
62869.8
63181.8
61084.3
58678.7
55856.3
52850.9
48918.7
40487.2
33466.6
25591.6
20598.8
17418.5
19397.5
20780
25119.2
32371.4
40073.5
47111.6
61341.5
72725.2
82575.8
88553.7
94959.6
99100
100206
99764.3
97902.2
96015.6
87357.9
85990
83341.7
83744.5
79220.4
77048.9
76302.1
76363.5
73333.8
77322
79727.8
78227.7
80777.3
80707.5
82013.3
84895.8
85003.7
87300.6
83742.1
83940.6
82891.7
79553
75608.1
67023.9
66872.4
62737.5
65067.9
67866.4
70005.3
73878.4
79329.6
81401.2
88422.7
92365.6
93081.3
96940
95104.2
95886.4
91418.5
89064.7
84458.8
75585.6
72213.2
66929.9
64384.5
66027.9
61512.4
62545.6
62002.2
64378
68048.3
70819.1
74413.6
76669.6
75091
76462.5
73647.5
70679.1
66977.3
60909.1
58728.9
52635.1
48426.6
46537.4
46237.5
48118.3
46504.4
46677.3
49060.8
48918.9
51832.4
53286.9
56361.8
57523.2
58547.5
58236.2
59228.6
57696.1
56827.8
54653
52230.8
48678.7
48870.2
47694.6
45034.1
43899.8
43525.6
43070.3
35303.9
28081.1
24688.4
26240
26394
30807.5
34567.8
36009.2
33391.1
31354.9
31073.5
31967.8
29984.1
30702.5
29806.5
27027.5
24168.9
23911.7
27750.3
30658.1
31707.2
33439.4
32204.1
36107
38512
42910.4
43140.5
44389.1
49164
52783.3
56824.2
62087.8
67549.2
74956.4
76177.6
80862.5
81995.3
83269.8
83293.5
81906.9
79774.7
79314.1
70959.1
66540.5
55997.7
47762.5
45874.7
42400.7
35572.6
32857.8
36709.7
38413.7
43104.9
61166.9
73999.2
87071.6
89341.3
94981.9
98570.2
94402.7
90003.4
84992.4
78005.9
68480.8
63744.1
60081.8
54432.9
53037.2
54086.1
48448.8
47862.4
47036.6
44750.7
42668.2
37317.7
36094.8
36521.7
36928.1
32754.3
26742
21222.9
15201
13001.7
5789.18
-6948.66
-9775.33
-23925.9
-25232.9
-28708.1
-27844.9
-25641.5
-19978.6
-15217.6
-5340.17
6594.65
21053.5
23005.5
26078.7
30574.4
33511.9
34675.5
37692.2
33346.1
30284.5
20122.4
17869.6
16489.9
23107.8
23688.2
22489.4
23258.5
27964.6
28753.2
34455.7
32984.9
37912.8
38197.8
39900
37796.2
45312.3
44509.2
44090.5
44067.1
47245
50208.7
51719.2
53000.7
51405.3
45763.1
50452.1
46114.5
47217
45480.7
49735.4
54056.1
56388.9
59671.1
64185.2
63962.4
59864.8
52284.8
51546.8
43839.7
39385.2
36692.4
32708.7
31407.2
32253.7
30927.4
36876.6
37951.5
37139.4
40629.6
41493.2
45195.7
47794.3
51244.1
54963
54918.7
60210.4
61305
61481.2
63053.5
