103.918
96.6084
109.291
109.349
104.637
113.778
116.911
117.913
111.984
116.708
118.022
119.288
114.565
123.5
124.365
124.626
121.646
125.272
124.807
122.405
124.279
127.457
123.005
121.299
125.27
122.834
122.757
119.043
121.25
117.214
118.16
115.622
122.004
119.988
115.398
111.244
115.001
112.336
111.36
112.733
113.076
112.639
111.933
110.347
114.894
112.255
112.266
115.311
114.021
109.114
114.784
112.849
111.149
112.277
116.001
116.877
112.906
113.132
117.315
114.776
111.136
109.311
112.984
108.74
108.795
109.832
111.164
109.494
110.698
108.009
107.874
110.515
109.858
109.998
110.355
111.998
112.405
109.168
111.856
107.903
114.853
108.796
111.601
109.92
109.411
109.616
107.45
108.843
109.911
109.343
106.453
106.665
108.48
105.795
108.352
103.885
103.58
101.177
104.871
104.04
103.16
106.391
104.757
108.17
104.092
108.146
109.436
108.187
106.906
104.865
108.746
107.222
107.832
106.702
108.57
108.944
111.65
113.566
111.449
116.408
114.84
118.096
120.01
116.653
118.423
114.798
116.376
117.003
122.345
124.764
122.207
122.393
119.973
124.252
124.844
128.677
123.248
133.824
129.269
126.781
127.83
130.216
124.965
124.49
125.471
125.122
128.441
125.04
123.334
129.748
123.966
124.148
127.269
124.852
120.561
124.633
120.056
115.244
118.954
113.389
111.64
113.486
113.411
118.466
118.087
115.44
108.37
117.803
108.208
110.559
108.389
111.262
106.295
107.223
105.35
108.953
109.14
101.034
103.957
110.677
107.48
112.293
112.272
113.361
106.522
110.674
114.073
110.312
115.732
111.532
117.56
116.926
113.067
118.231
120.167
115.759
117.513
123.429
124.109
123.499
122.086
121.732
120.399
117.173
116.801
117.033
116.708
112.808
115.213
119.298
114.198
119.491
116.384
115.379
114.243
112.389
116.041
110.596
112.25
107.304
108.462
108.887
104.755
110.313
109.561
105.489
107.497
105.647
104.038
104.351
103.149
100.574
103.511
103.764
104.049
101.57
104.318
99.8652
103.157
101.301
97.3989
105.666
102.541
100.398
103.947
103.84
104.691
104.572
103.308
105.34
104.126
103.62
104.878
106.469
104.415
107.864
107.367
107.986
105.236
109.472
109.407
106.563
109.896
108.899
108.641
105.426
106.603
109.873
107.34
107.789
108.388
112.368
111.946
108.588
113.959
116.056
110.434
116.156
113.842
117.945
119.042
118.937
118.359
120.296
116.391
122.669
121.986
118.769
118.492
122.541
122.256
119.14
123.62
121.1
122.628
120.964
117.869
123.673
122.24
116.509
118.397
119.456
116.127
119.223
118.222
120.084
116.003
119.22
120.164
119.558
117.21
116.673
114.732
119.258
111.983
119.529
115.832
111.912
111.501
110.988
111.768
112.349
116.342
110.682
113.314
111.123
110.239
111.675
108.863
109.143
109.301
109.663
108.215
112.566
110.891
110.292
111.793
111.139
109.316
115.268
112.445
115.817
113.533
114.164
113.549
115.909
112.29
114.606
115.861
113.639
113.202
112.908
113.757
109.76
112.717
111.012
112.868
114.409
112.95
113.718
112.585
110.808
112.368
113.998
112.574
112.552
112.916
112.743
110.479
114.176
114.047
113.731
112.697
113.198
112.593
115.667
112.87
118.843
117.243
114.872
116.625
119.207
119.709
116.358
118.426
121.678
123.169
122.309
119.264
123.263
123.225
120.704
122.768
123.291
122.717
124.342
122.719
123.714
123.038
125.64
124.767
121.374
121.753
122.703
124.348
121.927
122.383
123.838
120.378
122.832
120.497
122.731
122.502
118.076
119.316
115.417
118.328
117.552
117.26
119.497
116.672
117.388
116.012
116.044
117.027
114.323
110.482
112.581
113.072
110.016
109.54
111.093
109.853
112.001
110.572
108.577
110.21
109.43
107.822
107.21
107.045
105.978
109.885
104.804
106.171
111.126
108.153
106.685
107.154
105.547
109.993
107.783
105.728
104.45
107.585
104.123
105.417
105.328
105.702
103.933
102.974
105.85
102.766
104.063
101.946
103.471
104.788
100.961
106.67
105.487
103.491
103.265
104.594
100.98
99.7283
101.951
98.4773
100.83
101.815
100.923
104.22
99.7643
105.113
105.312
106.024
102.393
106.036
106.915
105.515
106.694
107.147
107.181
109.468
107.532
110.465
109.804
112.119
109.96
116.268
114.681
118.871
118.96
119.465
121.153
119.429
120.392
121.96
120.836
121.882
124.067
123.628
128.655
129.623
132.017
136.306
137.12
139.087
136.587
140.811
139.322
137.61
141.961
145.506
140.626
146.364
143.769
150.197
141.102
144.394
138.301
145.618
136.634
143.123
141.737
137.539
134.642
137.888
127.706
128.028
125.855
123.575
123.619
118.421
120.262
120.558
115.06
113.313
108.918
111.976
105.669
102.615
105.331
102.326
96.4299
95.4683
93.7895
98.0623
89.4429
93.8981
96.2466
99.2878
89.7013
99.6266
92.8455
94.4184
89.9235
97.1599
96.5325
97.2182
97.5656
96.2234
91.983
92.8319
97.2743
100.28
98.5423
100.345
102.885
103.644
102.954
104.612
106.235
105.072
110.088
107.91
113.229
113.849
112.839
112.254
109.93
112.156
112.997
114.814
113.888
115.855
113.582
113.441
115.279
111.675
111.21
112.261
113.251
112.93
113.039
113.746
114.241
111.872
110.123
112.193
113.378
110.814
110.644
112.077
111.809
108.672
110.635
110.749
109.491
107.757
108.001
109.258
108.015
106.549
107.253
107.265
105.591
103.779
107.302
103.956
105.897
105.254
107.484
107.214
104.58
105.603
106.929
104.995
103.329
107.096
109.738
106.265
105.033
109.364
107.64
105.909
107.561
107.725
111.485
108.262
110.593
111.919
108.919
109.23
110.937
108.693
110.014
111.402
115.393
112.849
110.884
111.208
112.295
109.436
109.972
112.276
113.634
113.495
110.917
114.294
113.445
112.456
109.823
112.431
115.373
110.822
113.064
114.904
113.788
113.111
115.301
115.217
118.334
113.132
118.003
118.56
117.725
117.07
119.523
120.534
120.038
121.397
125.2
121.934
121.917
123.309
122.075
124.722
121.221
124.983
125.885
123.236
123.666
128.765
127.033
123.465
127.63
127.552
123.975
123.214
124.5
123.318
123.139
116.876
121.495
120.361
118.544
113.927
122.82
116.849
117.917
117.218
118.349
114.228
115.762
110.53
113.126
112.027
111.072
111.362
115.339
111.571
111.655
113.445
106.217
107.34
106.117
106.278
107.689
102.7
103.594
103.585
102.693
102.811
104.078
105.521
104.212
105.536
107.124
107.936
111.791
106.556
112.666
107.937
113.882
111.472
114.918
113.427
114.632
112.345
117.205
116.865
116.929
117.92
117.824
117.201
119.259
118.353
119.046
118.336
117.687
118.604
119.533
120.128
116.305
120.592
115.465
116.868
117.805
119.777
120.282
118.335
117.247
118.849
120.698
117.008
118.496
119.302
117.807
117.855
117.938
118.102
118.209
117.699
114.907
114.672
114.916
112.575
113.357
111.702
113.875
110.456
112.119
113.29
111.765
112.203
110.285
111.453
110.059
109.478
110.531
112.766
111.137
113.04
114.281
111.909
112.731
112.737
113.727
111.332
109.407
113.854
109.132
109.725
106.711
109.741
108.613
106.586
105.269
105.863
107.749
105.355
106.912
107.712
107.378
104.006
105.316
103.423
103.904
103.492
102.057
104.396
103.291
104.853
106.082
102.952
103.229
103.188
106.446
104.136
103.345
106.399
101.678
105.05
102.664
104.909
103.751
103.751
104.955
108.298
106.628
111.723
109.923
109.878
111.854
111.058
114.194
115.284
113.882
117.771
117.027
118.6
121.113
122.839
122.409
122.031
123.886
123.594
125.026
125.569
123.786
122.987
123.139
122.767
124.994
126.405
126.694
127.916
122.973
121.39
124.512
125.94
119.775
121.996
121.393
123.779
119.628
120.776
116.838
122.046
116.549
116.916
114.078
112.705
116.791
114.525
109.553
108.44
109.778
110.872
106.151
103.904
106.158
102.687
102.52
96.4504
100.259
100.724
98.3906
96.2531
98.7694
100.785
101.106
101.79
97.3716
100.187
96.0461
100.646
97.1555
102.069
98.9058
100.611
99.7401
103.234
106.73
105.566
101.977
105.489
105.152
105.54
104.287
106.923
107.799
107.472
109.265
108.765
114.269
114.686
111.892
107.886
111.27
113.945
120.344
112.839
112.548
120.919
118.003
119.863
121.606
126.6
124.673
119.019
117.987
122.46
122.531
121.918
118.813
119.963
121.447
122.063
127.289
124.346
119.034
123.817
120.568
121.757
122.63
121.771
124.996
119.117
118.786
124.222
126.976
123.1
122.002
125.54
122.119
119.736
121.805
122.1
122.222
119.829
120.396
123.541
119.892
117.955
121.975
118.858
117.182
120.292
117.97
116.788
114.129
114.479
113.495
113.88
111.993
113.677
113.268
107.463
106.766
111.893
105.098
106.171
106.452
106.321
105.591
105.171
104.87
109.214
105.507
105.476
105.766
104.659
106.437
105.958
109.36
102.337
107.776
109.007
108.658
109.291
110.153
111.95
109.18
110.516
110.068
112.753
112.855
107.78
114.201
112.506
110.925
114.535
116.492
114.823
113.046
116.458
117.41
119.064
113.569
117.379
117.291
115.966
115.995
118.955
121.823
114.678
123.657
120.051
120.254
120.525
122.722
121.677
119.247
120.113
122.335
124.603
118.308
118.903
120.141
115.8
117.99
116.005
119.9
117.848
116.589
118.314
118.284
114.33
115.689
121.407
116.184
118.585
116.148
120.304
121.699
115.363
120.281
120.849
121.725
119.543
126.904
123.054
118.749
121.993
121.116
117.76
116.606
119.783
118.697
121.847
116.179
118.599
122.713
118.197
115.607
114.949
119.046
116.782
119.656
120.802
111.401
121.158
111.751
114.455
119.132
112.455
115.806
115.286
111.728
108.837
113.481
111.714
107.961
113.81
114.565
107.903
115.099
107.786
105.574
109.682
99.4965
109.579
108.821
105.031
107.286
106.341
104.348
102.266
104.24
103.231
102.055
110.248
100.855
105.213
105.123
101.121
102.957
102.408
102.853
110.001
108.297
108.958
111.852
107.25
111.659
107.212
111.356
107.447
108.666
113.751
108.91
112.259
111.168
109.252
112.167
111.497
111.642
115.59
114.904
116.461
115.341
119.261
118.163
117.636
118.91
119.927
119.067
120.785
118.004
122.364
120.251
120.625
119.295
119.481
121.316
117.141
121.003
118.881
118.979
119.403
116.479
117.151
117.151
116.012
115.745
114.781
112.695
115.149
114.667
117.51
115.12
114.949
113.292
111.202
111.359
109.122
111.465
111.405
107.529
110.728
108.955
110.166
105.796
110.958
111.82
107.194
109.482
109.853
107.948
107.814
105.965
107.962
111.077
107.129
110.117
113.383
109.037
111.912
110.406
112.078
111.558
112.438
113.287
110.587
113.584
110.572
112.726
112.367
110.976
112.905
115.894
114.69
112.478
115.305
112.983
114.528
113.021
114.105
114.346
111.652
113.565
111.424
113.278
112.689
111.823
114.4
113.128
115.824
115.959
116.868
115.612
114.574
110.92
118.075
114.705
117.075
116.657
118.351
118.81
117.022
118.705
119.354
115.695
120.182
116.487
120.397
118.579
120.027
119.766
118.91
121.769
124.756
122.557
121.109
117.738
122.693
118.187
117.864
122.53
117.51
119.898
122.574
114.343
123.984
114.254
114.838
112.218
115.335
114.693
115.153
115.816
112.721
108.534
113.604
109.143
111.79
113.151
108.638
110.071
107.612
106.349
112.077
103.219
106.588
106.195
111.056
108.233
104.805
110.991
103.976
102.687
105.427
104.567
105.066
104.54
104.651
110.223
116.904
115.047
118.891
116.787
113.534
120.931
122.55
121.638
117.365
121.85
120.056
121.289
126.64
126.829
129
122.336
123.728
123.223
128.604
125.092
125.189
122.868
122.134
125.868
126.294
128.376
125.557
125.4
124.018
119.928
123.188
118.629
118.606
119.373
120.193
121.519
121.171
120.216
115.725
119.762
116.799
117.25
118.967
119.129
118.774
115.649
116.294
115.251
118.359
111.158
113.098
113.408
114.965
113.346
113.591
111.594
108.494
111.832
112.499
112.385
121.554
118.298
120.035
116.26
117.802
118.247
118.563
113.304
115.302
117.317
112.749
114.554
116.06
112.412
110.656
111.549
109.559
110.235
110.635
108.587
109.751
108.205
106.878
107.882
108.479
107.604
109.222
110.321
107.113
106.305
106.762
104.398
105.794
107.312
106.355
110.356
108.001
104.731
108.529
107.883
107.031
107.841
109.025
107.658
104.181
109.594
109.376
110.472
110.636
110.588
110.104
109.689
106.92
113.427
109.5
108.324
111.966
112.424
113.38
114.12
114.327
115.816
109.684
113.355
114.231
115.923
113.755
114.126
114.008
114.565
113.093
116.151
113.515
117.3
113.386
114.87
116.734
115.395
116.299
117.316
116.817
121.574
117.737
119.715
119.303
119.768
118.831
118.44
121.015
119.868
121.627
122.116
121.223
120.278
123.729
121.92
119.659
116.23
119.164
117.241
117.466
114.894
115.597
114.35
108.511
112.789
113.726
118.501
114.934
117.438
115.725
117.194
113.295
108.425
113.222
110.276
111.859
111.045
114.525
114.567
113.679
107.803
112.383
106.768
106.927
111.135
109.949
109.221
112.145
107.986
111.85
105.373
113.74
112.354
112.502
112.015
111.197
119.796
106.556
113.826
112.046
116.255
112.917
113.322
115.958
111.75
110.457
108.482
111.054
111.473
112.445
115.384
115.044
116.9
112.459
116.319
109.664
109.095
112.203
111.813
114.393
111.754
112.773
110.084
111.87
107.487
108.877
118.048
111.964
116.804
115.128
117.537
115.736
114.788
113.043
117.382
115.423
114.884
117.33
118.588
114.808
121.646
117.109
117.645
117.551
119.76
117.501
118.949
116.087
119.897
115.214
114.825
115.994
117.868
116.888
115.355
115.618
115.643
113.64
114.983
112.499
115.337
111.288
111.132
112.276
112.966
113.027
113.071
110.599
112.756
112.777
113.643
112.806
111.656
112.677
114.636
111.128
114.076
112.943
113.897
110.086
112.758
113.285
113.292
110.358
111.263
110.419
113.037
112.034
114.691
110.654
109.363
110.799
110.708
111.266
113.714
114.129
113.647
113.295
113.823
115.466
115.003
113.031
114.321
113.565
112.335
112.816
113.54
114.824
111.287
112.016
111.634
112.615
113.531
111.872
113.618
111.3
111.525
112.317
111.76
112.232
112.829
112.063
112.481
110.736
110.185
113.013
112.782
112.35
114.349
114.333
113.747
111.848
111.801
113.194
111.871
112.074
111.764
115.601
114.59
115.618
115.022
114.871
110.453
112.011
110.811
112.853
110.694
111.635
109.976
111.659
110.919
111.756
110.933
111.14
110.413
112.414
112.459
113.845
112.521
112.736
111.08
113.184
113.867
114.746
113.556
113.607
113.16
115.754
115.823
115.336
117.679
117.471
114.7
119.96
118.587
119.911
118.731
120.735
119.848
121.526
119.652
122.254
121.337
120.141
121.217
124.468
122.052
123.79
123.167
124.177
121.708
123.988
123.744
122.909
120.305
119.902
121.962
120.646
123.472
127.033
127.609
125.466
122.809
124.76
120.806
122.309
121.349
121.72
120.929
122.765
123.053
120.7
124.352
116.718
125.791
120.121
117.895
119.807
119.592
115.911
118.483
118.541
116.179
118.639
115.761
107.791
115.284
109.28
107.948
108.234
109.356
102.692
106.003
107.248
103.608
108.278
102.235
105.066
102.258
100.12
101.416
101.193
103.444
93.4592
103.236
97.2538
97.8612
101.941
100.742
96.862
100.22
97.9802
99.1334
100.896
99.1492
97.3965
100.543
98.4274
103.216
104.183
108.478
104.314
110.921
113.133
115.499
120.311
119.605
128.724
126.073
120.771
129.648
126.277
126.253
125.137
126.108
131.051
127.286
125.393
131.171
127.847
127.364
129.51
131.549
126.887
125.52
130.138
122.909
124.477
127.965
120.596
124.112
117.458
119.562
119.53
118.545
118.204
113.719
123.063
116.722
115.009
122.797
112.892
112.827
108.22
105.082
112.73
108.853
106.125
111.047
108.66
105.746
108.117
107.197
102.331
100.212
105.789
99.544
101.733
104.96
99.3912
105.727
99.0743
101.374
109.289
104.51
107.749
110.893
111.134
114.589
114.094
112.658
115.334
112.614
112.215
111.041
111.346
109.201
110.076
109.551
109.985
111.797
113.03
110.141
112.176
107.738
110.189
109.593
108.634
110.007
111.765
110.607
110.764
110.708
109.606
107.249
110.318
110.167
110.849
112.377
110.229
110.537
111.773
108.486
111.987
108.796
107.851
110.638
109.316
108.817
111.621
107.244
109.715
104.872
110.624
110.255
113.658
106.368
108.326
107.582
107.323
106.28
109.554
108.194
109.475
107.466
108.53
110.087
109.614
107.863
111.003
107.445
115.407
115.681
114.909
110.442
109.535
109.206
111.283
106.95
111.843
111.356
112.798
109.208
114.499
114.304
114.725
111.236
115.344
116.383
117.673
118.461
123.382
124.497
120.105
123.434
124.867
126.151
125.096
122.017
123.421
119.659
118.874
122.869
123.462
119.357
121.534
121.715
122.117
114.368
120.472
119.257
115.887
116.127
120.165
123.453
120.84
117.316
116.779
118.62
114.256
115.621
116.623
116.72
114.727
115.669
114.458
112.037
112.667
114.363
111.884
113.852
109.308
115.846
117.486
110.724
109.311
118.676
112.957
111.813
118.459
113.238
117.73
114.133
119.618
120.478
124.154
127.476
122.39
125.657
119.926
124.081
129.004
124.523
130.989
130.701
128.804
130.73
134.996
128.802
126.673
129.633
121.503
123.832
125.222
125.13
119.837
127.008
119.223
120.446
119.115
114.509
116.91
115.326
114.655
112.925
116.859
114.624
109.337
115.525
111.013
111.197
111.764
107.996
114.163
113.066
110.573
112.195
111.968
112.169
116.068
118.182
114.04
123.378
118.457
124.702
110.67
122.552
113.709
117.287
115.268
119.809
121.839
126.303
123.86
131.065
124.493
125.379
127.044
124.714
120.648
124.086
119.252
120.587
115.287
114.139
117.592
112.947
113.919
114.735
116.653
110.203
104.212
110.614
99.8196
106.936
102.843
107.947
102.212
101.589
96.9467
103.965
98.7446
98.0633
105.544
104.247
100.578
104.806
107.567
105.01
102.576
106.603
108.626
114.454
110.978
109.951
116.74
108.98
112.858
115.727
117.979
119.066
124.2
128.129
130.383
129.874
128.381
125.065
124.68
119.596
120.804
124.516
117.393
114.571
117.33
117.263
116.316
113.31
112.771
112.181
104.006
103.707
105.487
107.562
100.489
97.9285
100.992
95.4109
92.8341
100.729
97.772
97.8502
93.4387
94.8818
93.9231
93.8109
89.1895
