88.6666
82.6348
88.7143
91.4252
87.8845
91.1295
89.5691
93.9168
89.1819
89.5021
89.5542
92.0552
93.2257
90.9387
82.6019
92.3515
85.3826
89.2757
83.7122
86.3118
86.2936
86.9712
83.2096
78.4875
79.8155
72.3146
73.7148
71.882
68.1936
71.1339
75.7206
63.2366
61.5335
73.9402
60.9561
62.3145
60.1665
60.7684
62.891
60.3302
57.6537
64.9466
60.294
60.9416
58.2741
69.6539
63.9712
71.6062
69.4697
69.1436
66.5532
71.1143
67.7702
72.6002
71.2211
66.7688
81.7729
73.754
71.2671
79.6592
81.2577
81.7883
76.4346
88.722
88.324
86.6595
89.6054
89.5139
88.2334
85.5283
86.7483
85.6747
84.917
88.6314
86.0607
91.9671
83.0958
85.5219
89.0717
82.9903
84.7843
89.0435
87.3043
84.8667
89.5652
77.5919
88.5855
83.5287
78.0254
80.296
90.4685
84.1451
77.7396
80.6718
83.7786
74.4409
81.3135
77.8698
82.1827
80.4133
75.1558
79.8415
77.9304
76.9213
75.8817
76.8516
73.9823
77.3279
82.357
79.1271
82.091
77.7373
76.1543
73.8569
78.4251
76.7877
74.736
76.5177
71.5616
70.5668
78.4493
71.4109
72.4375
76.897
80.9585
74.5362
80.9353
76.7966
82.6594
77.1246
70.5638
82.3144
76.1791
79.2898
77.1219
75.1078
77.8101
74.3279
78.0384
80.2535
81.4682
82.3743
79.97
82.1883
80.6566
79.5074
74.7143
78.9006
73.9391
77.932
75.6271
82.4717
75.7938
76.3469
80.969
77.628
83.3654
79.471
80.1414
82.4924
73.0161
80.2869
76.6818
74.2732
81.4067
72.0783
82.8986
82.7169
85.3139
79.4603
83.8621
80.0573
78.937
81.8964
88.501
79.5074
85.9299
81.973
84.9345
88.5532
80.2203
91.0337
83.646
85.1405
87.7208
94.2638
88.7284
88.4982
88.2342
85.6477
85.8268
90.7013
84.4423
83.7409
88.6771
77.7565
87.2499
82.5277
79.8491
79.6097
80.5477
81.1802
80.8947
81.9316
85.7904
72.644
79.2641
72.5171
77.3425
76.6067
73.9254
75.6363
73.1648
72.12
70.7636
79.5137
66.5686
74.4398
76.9172
72.4548
71.094
77.3494
69.2481
72.3415
71.165
73.0833
72.9722
76.9403
73.6877
78.9334
73.5179
78.3045
74.6649
78.4183
77.7296
79.5922
82.3489
77.7199
79.8728
79.761
79.3412
79.7317
83.6859
79.7093
79.2832
89.6433
77.0361
78.2362
85.0259
77.4143
78.3667
78.8799
77.3843
82.1309
71.9238
79.868
75.7355
80.0988
76.5225
82.1886
75.2414
78.832
76.5658
83.3799
73.3367
78.4697
76.9021
73.4843
76.0216
76.1686
76.5872
78.284
70.3123
76.7872
74.7082
76.9288
75.4924
70.5629
77.5155
72.4688
73.7249
75.8079
78.3339
75.2772
73.9947
79.8218
78.3602
78.9835
81.5916
80.4694
76.3745
80.6717
77.8309
81.0981
79.4732
73.9029
79.3231
73.7453
74.5991
78.4908
71.0852
77.2449
72.1419
78.3296
80.6653
76.2447
81.9114
77.4633
75.7716
76.8136
76.5508
75.0281
76.4418
73.3093
75.4599
75.6215
76.1142
76.964
77.3815
75.5185
72.5616
80.0152
77.4559
75.4027
82.0324
74.3867
73.2251
79.8773
79.231
79.4724
82.269
83.721
87.8689
82.2757
87.3846
83.5692
87.6642
83.1601
80.0467
88.7606
83.9966
79.9052
84.7199
82.4849
80.8228
85.5035
82.1012
88.4461
86.9494
82.2107
86.9079
80.1498
84.9658
72.7266
84.3491
75.9964
73.4271
80.945
78.8545
71.4978
79.7252
72.5639
82.8707
72.0949
76.7929
79.0077
81.4491
74.3079
75.8504
75.2117
77.8319
72.6697
80.8785
78.0473
79.3245
80.9145
74.0189
82.0227
82.4535
78.8132
80.8243
81.0659
85.0217
77.6939
85.6009
82.7522
81.404
80.4495
83.1698
85.2414
87.1137
80.2073
88.0064
81.7517
73.3582
84.3485
83.8408
76.5142
79.4305
78.0524
81.3934
79.251
79.0946
81.3072
81.0934
79.5938
75.9401
82.0529
82.352
78.265
73.1214
82.5887
72.3184
77.9115
78.3123
77.7266
80.6577
76.1055
80.1822
79.6679
80.0281
73.8991
87.4503
81.4743
69.0721
91.4667
91.1589
80.8573
85.3664
92.1153
87.7792
81.5669
86.1351
89.5754
94.5321
84.1346
86.1873
93.0934
88.2746
81.3798
90.8068
89.0418
78.6031
94.4398
85.1222
88.8104
85.363
87.6798
83.531
80.1864
81.5344
81.4655
86.5238
83.8686
72.8433
90.3962
79.6229
76.2301
79.5108
79.8967
72.7588
76.6326
71.4266
76.4725
73.345
67.9799
75.2271
75.795
74.9669
73.975
83.7387
81.3816
72.464
82.478
80.3241
78.1955
77.9134
79.1595
78.8769
77.611
75.8911
76.0434
84.048
75.2468
77.3741
79.3332
75.7272
78.6084
74.6469
73.6838
76.0586
76.7838
73.3677
76.0954
77.1871
79.9943
78.4031
79.2138
79.6781
79.2012
78.335
84.1335
77.2693
77.6634
80.7237
74.1329
72.9681
76.1391
74.1357
78.7613
77.6901
73.1484
85.115
77.5647
75.2393
85.4397
78.8285
80.6412
81.8621
83.9078
83.2317
85.0595
81.2796
81.1759
79.9599
85.6698
78.9103
87.7498
83.5187
81.0875
82.5255
81.7327
76.5543
85.317
78.0004
84.9401
82.8692
80.4691
87.6047
86.1786
80.6763
86.0537
84.1167
89.2762
86.1472
98.1372
90.2428
88.4012
94.2578
90.0246
87.899
91.9985
90.4099
94.507
88.6329
96.3917
99.603
95.7657
97.4463
95.8628
93.0989
98.5284
96.8952
101.802
98.0475
95.7704
93.6294
96.5599
96.1657
94.4396
92.3895
98.0483
85.3144
96.5364
86.387
93.9945
85.2234
80.4609
82.2904
85.5269
70.3791
84.8654
78.0492
74.2932
71.1577
69.4897
70.3934
64.2085
61.5449
64.1875
60.1433
60.5604
54.0515
54.7372
58.4846
51.5395
54.4458
61.1321
57.976
60.7807
61.5054
59.4119
63.273
63.4117
59.7768
64.4118
65.991
64.3424
62.4106
69.8566
57.6619
75.5278
67.4215
69.4732
74.2866
70.9373
74.5595
77.2418
75.009
77.7707
77.3783
76.1332
74.888
80.983
86.8313
78.9491
78.8849
82.6582
75.9042
79.9301
76.2437
71.2799
82.719
67.5739
73.237
76.8164
76.3689
73.3073
75.2238
76.3333
73.4363
80.6397
77.8824
78.9292
78.7341
77.0848
73.4964
80.2599
73.6719
73.8983
77.4874
78.5224
77.6992
80.9675
79.9937
81.1794
77.5005
78.5854
78.4698
81.5763
76.1484
76.3134
84.5788
77.7026
76.3984
84.8818
83.1977
83.5458
83.6372
86.285
86.6419
87.4892
81.1229
86.7512
80.8269
81.8266
79.1056
83.7058
82.5571
83.9667
84.3261
84.4954
84.8827
85.8439
85.8294
91.1892
81.6652
87.6255
85.5458
82.1208
80.03
79.655
83.0179
75.7423
77.6135
85.2221
82.5308
78.7065
84.0319
83.5475
82.5646
77.5249
78.7163
83.7811
77.6148
77.3617
80.0177
80.9189
78.8237
79.0695
80.0251
80.0029
84.4679
85.5269
80.7086
86.7717
85.6512
85.6407
87.0137
83.0815
82.5516
87.5444
83.4161
81.0949
87.9197
86.3208
84.2825
84.2525
84.7031
82.0511
82.7692
79.8442
81.1868
82.236
75.8336
78.0631
77.4387
74.3239
72.3526
74.6309
72.6796
73.5958
72.6167
70.4964
72.9313
68.2687
68.3427
66.8
64.1691
66.6419
64.2104
64.7393
70.6337
65.8944
68.0115
70.8096
76.1469
72.5004
75.9355
77.1063
82.9758
79.7608
81.5759
83.9166
85.1433
81.0644
82.8819
86.576
84.9044
85.3369
92.808
87.7983
90.6263
87.0015
90.3189
90.0576
85.7651
87.2646
86.6309
84.2267
85.5392
80.6896
89.1387
79.7321
82.6538
84.4539
83.6305
78.91
83.4756
82.2191
82.7442
73.958
77.5326
79.7595
75.6417
70.8593
77.7072
77.7595
77.2376
71.054
85.2221
70.2241
75.2943
77.63
73.4282
82.2229
73.6732
79.2978
81.7117
75.2441
78.2915
84.1959
81.972
77.0044
82.5465
81.5676
80.3156
82.6058
77.3728
80.5624
74.7793
76.9161
78.3025
81.2358
74.6353
79.7008
80.0833
78.5105
75.5035
83.0546
83.1053
76.4625
82.3997
83.9683
84.2854
84.4176
73.6919
85.9967
82.3298
79.8151
74.0621
84.3429
77.5463
75.8234
76.4001
83.0558
80.2683
83.0503
75.2072
85.0371
82.8614
83.5318
85.8612
81.1464
79.9236
82.908
80.7058
84.7404
76.5904
86.1909
79.1989
77.7545
79.8706
76.8282
81.2064
74.3633
72.949
77.9989
78.362
76.1144
69.7339
77.7003
70.5918
74.7644
71.8209
78.4465
74.508
74.8689
77.1327
78.6362
74.7705
76.0729
79.7163
69.0351
70.6698
72.0544
76.5097
75.937
67.0968
77.2684
75.9907
72.8863
72.5951
81.0216
80.4732
77.8367
81.7423
75.9155
84.519
79.4775
80.9423
79.0945
80.5059
87.9507
81.5875
87.5327
86.2483
87.0097
85.5837
82.4159
81.0168
93.8242
84.4307
79.4164
86.2984
84.8137
89.4575
88.0421
84.8755
90.4373
91.4357
88.3275
87.88
102.591
91.3734
90.7382
91.1361
83.0497
87.7599
86.8894
78.2854
76.5275
82.6722
80.6251
80.5048
81.6243
81.1521
80.1838
76.8832
72.9162
80.6663
79.4078
70.5266
64.4524
73.785
64.5566
67.0571
69.8013
62.1269
65.7178
61.5485
64.5126
64.0208
63.2774
57.5228
57.7842
61.5938
54.6103
60.1937
65.6469
61.0698
60.1645
67.6267
69.3721
74.3514
67.7734
68.5242
72.5919
64.2747
66.902
72.8113
67.8705
70.082
64.8537
79.4281
68.3369
71.3854
77.8237
71.022
75.8048
73.249
80.8955
76.9432
76.8062
76.0991
78.116
81.1983
78.2337
80.3071
83.0341
81.7578
80.1084
84.5157
82.8127
83.8395
77.8689
81.7389
86.5148
81.7525
82.1818
87.4353
88.0747
83.1063
86.4616
91.3006
83.8706
85.8491
89.6581
85.0323
85.0575
86.0276
88.2029
82.7136
86.4111
83.926
87.518
82.4545
83.5649
88.8934
86.1568
81.5984
87.1388
84.4962
80.2527
80.7065
79.3178
79.44
77.004
78.4666
77.4346
82.7682
82.5268
82.9191
82.9603
85.0583
81.7878
85.0196
86.5608
79.0518
79.9398
78.8168
76.662
80.676
75.7726
77.7234
82.4121
76.0167
78.4468
85.3762
79.4553
79.4412
77.8796
82.5461
74.4049
76.4295
80.2712
73.4525
74.7207
73.7252
74.2804
83.057
71.2316
80.4336
74.7948
74.386
77.5344
73.9845
73.9075
71.4076
72.8556
74.174
70.8687
76.8434
76.8768
77.9795
75.4238
77.7105
78.1201
82.2105
73.9095
83.925
71.616
79.4629
75.8334
75.9674
83.0416
78.9021
85.592
85.8261
80.4526
90.4881
87.4079
86.2238
82.1461
85.2022
83.3989
80.9434
81.2961
80.9392
82.086
81.2582
77.3467
81.0749
84.4247
80.2577
80.0588
84.0278
78.0687
80.9082
80.0738
81.1118
78.3032
79.8556
77.6945
81.3411
76.1907
75.3828
80.9974
77.0823
75.6889
78.4462
79.3121
78.4583
73.8365
74.7555
74.4252
74.3503
78.4049
73.1905
80.0608
79.3084
75.7415
81.369
80.4915
81.0218
84.7665
79.3644
82.3877
79.7197
81.347
81.2977
76.6245
80.4398
77.6651
78.4483
83.5542
82.4107
85.9055
84.2987
84.8658
84.0978
79.7224
87.3822
90.0082
75.9408
85.5397
83.659
83.4315
79.8492
83.5595
82.6479
84.4713
81.5268
82.9561
83.1676
82.0992
77.9675
82.6575
75.0789
78.6095
82.4704
76.0202
72.3925
79.226
70.8144
75.9928
79.209
71.8343
76.682
78.0886
72.5311
72.2316
72.8191
79.401
68.554
75.0886
74.9832
77.6395
76.4826
75.7284
75.0974
81.6209
72.8944
79.6105
81.8813
77.2645
84.7325
81.1011
77.0407
79.5971
81.844
83.067
78.9114
85.6244
83.1488
81.6065
88.5183
79.0126
87.9077
81.9433
83.4574
83.7475
81.2013
86.0549
85.8583
79.3724
81.1988
80.7639
81.8439
79.644
77.5393
83.8868
75.975
80.7906
77.5982
77.1221
81.1754
78.3593
77.9072
79.1603
79.451
83.0205
77.339
80.5538
79.962
78.3866
80.9448
73.9807
83.5011
79.4357
80.1054
82.7904
81.3628
80.4033
85.0291
80.9684
83.8072
87.0439
85.2881
82.8408
87.5197
88.0598
82.355
87.9434
84.4157
83.1519
87.9452
85.4777
87.1411
82.8507
78.8356
87.6213
83.8241
82.968
83.7526
84.5686
78.0586
80.5536
86.5477
84.7599
86.1048
83.2417
89.7597
82.8668
91.2147
87.2391
90.8998
85.9086
81.1698
85.0212
84.9167
77.7491
83.8912
80.7665
83.7739
78.1924
86.6498
85.8956
88.9236
78.7628
87.5021
86.8023
86.2793
80.2084
83.2753
85.8618
75.6228
82.9582
80.3882
77.4598
79.8426
77.2965
78.8894
77.6152
72.8822
74.092
75.5319
71.2581
69.2614
70.1528
70.4884
67.3338
72.8594
68.9621
72.1727
71.9417
74.1024
71.2867
81.3752
72.1616
74.6889
74.0036
70.735
68.5071
71.2927
71.3765
68.9178
72.0513
67.4141
75.5384
79.2866
77.2363
77.3953
86.0761
76.8666
81.7825
85.0252
85.9545
78.9482
82.9429
79.0557
85.4394
78.1382
83.5743
85.4925
86.7636
79.2752
81.1374
87.2896
78.949
80.3991
85.3612
78.6872
81.5097
83.9792
81.3643
84.7274
83.4647
79.7342
88.6237
79.2457
84.2912
83.3161
86.575
82.7752
77.4933
81.9301
80.9418
71.5725
80.4798
68.675
81.8412
72.4412
75.7903
79.6309
76.3027
73.8351
74.2481
76.9027
76.7869
78.6409
75.8728
77.5305
70.9846
78.8876
69.8686
74.534
77.3708
69.6794
76.6119
70.7632
72.583
74.6112
70.6922
72.7847
67.237
75.8169
76.1066
73.6988
82.6521
68.911
86.4899
75.0353
78.8861
83.8715
81.334
79.9661
84.7054
80.1875
81.2095
84.1477
78.407
83.2219
77.5822
87.7815
80.5133
84.1791
80.7821
82.1854
85.8787
81.5615
83.1068
91.4349
78.8857
86.6717
84.7532
85.0736
85.8412
80.3504
87.6616
83.753
87.6011
83.7413
88.1696
85.0415
76.6165
80.7856
81.6575
76.4773
74.0431
81.2958
77.2903
78.673
75.5882
82.582
79.3846
76.7432
75.9832
86.4595
78.1515
78.1311
78.9287
82.1779
73.7419
81.766
77.5378
82.7867
78.797
79.1151
86.0657
80.938
80.4201
85.2013
81.1554
84.6777
81.2398
88.0418
86.2191
88.6092
90.6528
92.4907
93.7418
91.843
88.421
98.8145
88.0989
91.9063
97.3985
92.3082
95.1745
95.5288
93.7281
100.758
98.2657
103.141
99.4291
103.689
100.277
95.6055
101.736
88.7054
96.6856
95.6492
88.4355
96.9034
94.6684
90.826
93.8562
91.7997
86.9851
84.5286
80.7695
82.5854
78.5411
73.3755
71.531
71.8803
71.5859
65.7053
70.8619
69.2546
66.6236
63.287
63.5648
63.5295
57.8139
51.8045
51.7334
47.3234
53.6771
48.3358
60.6551
56.3017
59.3946
58.4636
60.9264
63.5782
64.6334
65.911
66.223
64.3338
64.9715
65.8793
64.916
63.7819
66.582
70.7857
75.729
71.5159
74.162
79.0248
74.967
75.9034
77.0269
82.7768
77.2314
77.2697
81.8792
80.4184
79.0461
78.8488
85.5443
81.4394
81.7464
82.4818
88.2403
78.5559
79.5322
78.703
82.6002
76.7601
84.6936
81.1126
83.9936
81.5427
81.0582
84.4945
85.4976
82.6682
85.883
91.1471
83.5309
81.6497
82.4101
84.1079
74.5009
79.2007
78.5794
79.7989
78.4254
78.8947
82.0167
81.8193
72.7137
82.3743
84.0709
73.3067
82.7849
79.4184
78.4053
73.8557
82.2898
73.7416
80.6636
76.6081
78.1663
76.1704
77.7948
77.8856
81.206
78.2758
73.9353
75.712
79.6423
75.0377
81.4591
78.3372
76.995
81.3627
77.4762
76.2853
83.4047
77.8166
77.4481
83.8754
78.0341
82.1806
84.0777
76.4041
76.3036
75.6893
75.4363
73.3381
79.976
73.0398
77.6237
73.847
76.302
82.9038
77.0026
76.0973
77.6579
75.6839
71.8116
78.5574
73.4657
72.254
70.9383
71.1157
72.2271
76.0882
76.1881
75.4339
78.3804
70.7322
78.2582
74.8083
79.5646
76.507
73.8908
77.2603
80.2264
75.9509
83.8647
74.3391
80.2434
77.7221
83.8546
78.3086
78.6765
82.6024
80.866
75.211
79.9592
85.1556
75.994
79.4599
81.7817
85.2778
82.7187
84.2711
87.3768
82.1039
87.7815
85.9281
90.5146
85.0621
86.5854
89.3433
81.4824
82.8298
89.3428
83.407
87.4071
83.3603
89.8683
90.8215
92.3713
84.8131
91.2368
90.4615
88.8353
88.7035
90.9767
89.6399
88.978
86.4388
90.7477
86.5751
83.9293
88.08
87.817
78.4285
89.6566
85.4998
85.5219
84.8265
84.3848
91.0277
84.2196
82.5721
87.2401
81.2385
77.1594
73.4555
73.8097
70.2962
70.0216
71.3318
66.9336
69.4829
65.832
69.6742
68.1441
66.6673
71.0907
70.7448
62.2986
67.7209
65.0963
67.9071
63.2811
65.0567
64.3623
61.7063
65.5011
68.7371
65.2144
68.07
64.8069
67.221
67.244
69.2798
77.1374
73.5583
75.0947
82.2379
82.7087
86.7599
85.2919
93.1439
89.3737
91.5806
94.3127
89.3988
94.9583
87.0801
80.7076
89.2937
86.6006
85.3166
88.4384
86.2002
86.7286
84.006
87.7263
86.1689
83.0479
78.9161
78.3138
80.1699
74.9011
76.2572
81.6326
69.1565
65.3666
74.6854
68.6633
66.7503
68.5412
67.5403
64.477
69.3989
65.9655
69.917
74.4895
68.3816
74.667
81.8702
79.0764
81.1981
82.3333
76.3152
80.0036
80.1706
85.05
81.4877
87.2422
78.0093
91.4402
83.7061
85.6076
87.4277
89.1976
84.885
84.0886
87.8644
88.738
82.1393
81.0057
76.9564
79.6807
82.6202
77.573
86.2494
82.2637
82.3798
81.0323
87.3491
81.543
80.0878
87.3213
84.5462
74.8593
88.1557
84.5422
78.7018
81.6936
75.6648
91.9406
78.8037
83.5835
91.2157
87.3215
81.5059
82.6357
86.3409
83.7124
77.5606
85.0755
81.7229
84.8002
85.0962
79.7786
88.138
76.2196
81.9811
79.4512
84.115
79.2566
82.8204
77.7247
83.3085
70.3632
78.5514
77.7499
78.6376
78.284
81.2806
81.1947
75.5544
80.5631
78.207
76.2764
73.2627
75.4725
73.2938
73.9373
70.7183
74.3293
76.5853
72.3871
70.8437
74.8706
78.9333
76.2842
84.2805
78.6473
84.8125
79.3189
78.839
74.7246
83.9901
75.2565
79.1796
75.1389
84.8009
73.5298
84.6254
78.2785
80.7845
80.5756
80.8127
77.9479
85.609
79.7934
80.5875
83.3864
75.1223
77.7751
82.6766
76.0416
71.018
76.3809
78.6137
73.891
74.6272
75.2627
72.6762
72.2766
64.6892
72.8974
75.2645
70.4583
77.229
73.8637
77.3072
73.2411
78.6796
74.8435
76.845
74.2873
78.7849
74.7843
80.1722
74.5927
77.2507
75.6233
71.7651
76.8599
79.9856
82.8365
80.3402
86.2815
87.7248
84.4528
84.283
91.8774
88.3791
96.8445
82.2842
96.5868
90.2947
89.8659
90.1167
89.6243
80.9149
89.6819
88.1105
85.9704
87.3482
88.6563
85.9034
86.9486
86.2624
91.0138
96.4109
87.6316
88.8309
92.8962
95.7029
88.514
89.5057
87.5089
86.8811
84.8127
81.8419
85.6127
89.1283
79.6792
79.5731
85.6178
84.6075
87.2365
84.4749
84.3493
81.5686
84.3794
84.9625
78.9727
82.4539
84.1268
81.3742
83.9632
83.0255
86.4278
85.595
75.8649
79.3483
76.5467
77.4116
70.9044
72.1903
75.8084
68.948
72.4574
71.8123
69.2634
73.0836
70.6272
76.0475
78.7917
76.5786
77.3581
76.6455
73.7255
72.211
70.6339
73.5589
71.2886
72.4212
73.8571
74.8893
77.5341
74.8656
76.6717
77.9601
76.0232
77.8744
76.7606
82.5077
79.7672
75.8243
80.5279
75.1714
78.2495
80.051
85.4081
85.927
88.1336
78.7176
89.3205
78.7609
85.3331
82.836
87.464
85.4702
76.6365
83.5654
87.3364
80.4006
80.6276
81.45
86.4731
85.2067
91.0965
98.5731
100.089
98.6809
100.474
105.725
101.523
105.043
108.297
101.924
96.8188
99.4454
99.7635
88.8377
93.4919
82.1864
97.1202
80.9059
96.1237
83.7866
87.1661
85.0417
73.935
82.6046
88.3961
80.6006
80.3094
74.0102
78.8242
70.2476
69.0248
71.9709
70.1812
65.8464
67.8353
68.5475
67.8791
69.2448
68.1837
67.2717
56.2997
72.6295
65.6224
64.706
73.6939
68.9054
73.4843
70.6142
75.2944
74.4198
72.0005
76.465
68.4523
62.7083
64.9766
62.8443
60.4181
58.2766
57.3684
62.3749
56.7168
58.324
64.9098
65.4469
61.8135
64.188
65.0415
63.8589
66.9244
69.6271
62.1814
74.3186
62.6796
68.3201
72.3703
67.7408
66.3737
75.3876
68.2568
78.3734
74.9288
79.9662
80.472
83.037
80.5796
86.7762
85.6891
84.4004
78.4125
90.815
75.9556
83.5625
82.847
80.3445
81.3288
