73.00000000
62.00000000
66.00000000
69.00000000
65.00000000
76.00000000
65.00000000
62.00000000
61.00000000
65.00000000
68.00000000
66.00000000
67.00000000
65.00000000
67.00000000
67.00000000
69.00000000
68.00000000
68.00000000
67.00000000
66.00000000
68.00000000
69.00000000
65.00000000
70.00000000
66.00000000
65.00000000
64.00000000
66.00000000
69.00000000
64.00000000
69.00000000
65.00000000
68.00000000
67.00000000
69.00000000
66.00000000
69.00000000
66.00000000
65.00000000
66.00000000
65.00000000
64.00000000
70.00000000
69.00000000
66.00000000
68.00000000
71.00000000
63.00000000
67.00000000
62.00000000
64.00000000
59.00000000
65.00000000
58.00000000
64.00000000
63.00000000
66.00000000
66.00000000
60.00000000
57.00000000
58.00000000
69.00000000
70.00000000
66.00000000
68.00000000
65.00000000
68.00000000
68.00000000
70.00000000
67.00000000
73.00000000
77.00000000
75.00000000
71.00000000
73.00000000
68.00000000
58.00000000
65.00000000
65.00000000
65.00000000
66.00000000
74.00000000
64.00000000
68.00000000
65.00000000
69.00000000
70.00000000
64.00000000
65.00000000
67.00000000
68.00000000
66.00000000
63.00000000
68.00000000
68.00000000
73.00000000
79.00000000
64.00000000
67.00000000
62.00000000
68.00000000
70.00000000
67.00000000
70.00000000
65.00000000
67.00000000
71.00000000
69.00000000
64.00000000
63.00000000
62.00000000
55.00000000
48.00000000
56.00000000
51.00000000
60.00000000
43.00000000
62.00000000
70.00000000
65.00000000
70.00000000
67.00000000
70.00000000
67.00000000
69.00000000
69.00000000
68.00000000
67.00000000
66.00000000
63.00000000
68.00000000
68.00000000
65.00000000
60.00000000
65.00000000
64.00000000
57.00000000
57.00000000
62.00000000
55.00000000
61.00000000
61.00000000
58.00000000
65.00000000
65.00000000
62.00000000
68.00000000
61.00000000
62.00000000
73.00000000
70.00000000
65.00000000
65.00000000
61.00000000
64.00000000
62.00000000
75.00000000
66.00000000
71.00000000
66.00000000
67.00000000
65.00000000
67.00000000
67.00000000
65.00000000
68.00000000
64.00000000
72.00000000
62.00000000
72.00000000
72.00000000
68.00000000
64.00000000
63.00000000
65.00000000
72.00000000
67.00000000
66.00000000
71.00000000
71.00000000
67.00000000
68.00000000
65.00000000
70.00000000
71.00000000
65.00000000
69.00000000
69.00000000
69.00000000
69.00000000
71.00000000
64.00000000
64.00000000
66.00000000
76.00000000
64.00000000
67.00000000
64.00000000
70.00000000
70.00000000
68.00000000
69.00000000
68.00000000
68.00000000
69.00000000
63.00000000
67.00000000
66.00000000
68.00000000
66.00000000
67.00000000
67.00000000
68.00000000
64.00000000
67.00000000
62.00000000
67.00000000
66.00000000
66.00000000
67.00000000
62.00000000
63.00000000
66.00000000
69.00000000
70.00000000
70.00000000
67.00000000
66.00000000
68.00000000
71.00000000
62.00000000
68.00000000
62.00000000
64.00000000
69.00000000
63.00000000
64.00000000
62.00000000
69.00000000
65.00000000
56.00000000
64.00000000
70.00000000
61.00000000
64.00000000
68.00000000
65.00000000
70.00000000
65.00000000
65.00000000
70.00000000
73.00000000
69.00000000
68.00000000
65.00000000
68.00000000
69.00000000
71.00000000
70.00000000
64.00000000
68.00000000
70.00000000
66.00000000
71.00000000
68.00000000
63.00000000
66.00000000
65.00000000
69.00000000
70.00000000
67.00000000
63.00000000
68.00000000
71.00000000
60.00000000
81.00000000
69.00000000
71.00000000
64.00000000
65.00000000
69.00000000
66.00000000
65.00000000
67.00000000
67.00000000
66.00000000
69.00000000
70.00000000
65.00000000
68.00000000
68.00000000
66.00000000
67.00000000
66.00000000
67.00000000
66.00000000
65.00000000
69.00000000
69.00000000
70.00000000
67.00000000
68.00000000
64.00000000
66.00000000
66.00000000
62.00000000
66.00000000
60.00000000
66.00000000
68.00000000
64.00000000
66.00000000
60.00000000
70.00000000
65.00000000
59.00000000
23.00000000
52.00000000
56.00000000
67.00000000
63.00000000
61.00000000
65.00000000
63.00000000
62.00000000
66.00000000
62.00000000
70.00000000
68.00000000
69.00000000
69.00000000
69.00000000
64.00000000
68.00000000
70.00000000
65.00000000
70.00000000
67.00000000
64.00000000
67.00000000
67.00000000
68.00000000
68.00000000
68.00000000
63.00000000
62.00000000
69.00000000
61.00000000
58.00000000
61.00000000
63.00000000
62.00000000
66.00000000
65.00000000
60.00000000
64.00000000
59.00000000
56.00000000
47.00000000
60.00000000
56.00000000
57.00000000
79.00000000
62.00000000
64.00000000
58.00000000
78.00000000
75.00000000
71.00000000
70.00000000
73.00000000
70.00000000
70.00000000
80.00000000
66.00000000
68.00000000
76.00000000
66.00000000
69.00000000
69.00000000
70.00000000
72.00000000
67.00000000
71.00000000
64.00000000
67.00000000
75.00000000
68.00000000
67.00000000
71.00000000
65.00000000
67.00000000
77.00000000
67.00000000
67.00000000
68.00000000
70.00000000
67.00000000
62.00000000
67.00000000
67.00000000
65.00000000
73.00000000
69.00000000
70.00000000
70.00000000
69.00000000
72.00000000
70.00000000
64.00000000
68.00000000
66.00000000
72.00000000
71.00000000
68.00000000
66.00000000
70.00000000
68.00000000
65.00000000
72.00000000
65.00000000
71.00000000
65.00000000
64.00000000
69.00000000
68.00000000
72.00000000
71.00000000
69.00000000
71.00000000
69.00000000
73.00000000
70.00000000
68.00000000
62.00000000
69.00000000
72.00000000
65.00000000
60.00000000
62.00000000
66.00000000
68.00000000
63.00000000
70.00000000
74.00000000
62.00000000
59.00000000
59.00000000
62.00000000
70.00000000
62.00000000
67.00000000
69.00000000
72.00000000
67.00000000
69.00000000
72.00000000
65.00000000
76.00000000
67.00000000
72.00000000
70.00000000
65.00000000
71.00000000
69.00000000
64.00000000
67.00000000
69.00000000
66.00000000
73.00000000
70.00000000
66.00000000
66.00000000
66.00000000
70.00000000
67.00000000
72.00000000
69.00000000
66.00000000
68.00000000
65.00000000
67.00000000
64.00000000
66.00000000
68.00000000
68.00000000
67.00000000
59.00000000
64.00000000
67.00000000
65.00000000
67.00000000
66.00000000
68.00000000
66.00000000
72.00000000
71.00000000
69.00000000
61.00000000
67.00000000
66.00000000
74.00000000
65.00000000
69.00000000
64.00000000
67.00000000
69.00000000
62.00000000
63.00000000
73.00000000
64.00000000
67.00000000
65.00000000
67.00000000
65.00000000
74.00000000
65.00000000
70.00000000
70.00000000
69.00000000
69.00000000
63.00000000
63.00000000
65.00000000
56.00000000
69.00000000
63.00000000
66.00000000
66.00000000
64.00000000
68.00000000
55.00000000
75.00000000
69.00000000
62.00000000
68.00000000
66.00000000
66.00000000
75.00000000
65.00000000
68.00000000
71.00000000
69.00000000
67.00000000
68.00000000
67.00000000
71.00000000
67.00000000
65.00000000
66.00000000
64.00000000
60.00000000
69.00000000
66.00000000
73.00000000
70.00000000
72.00000000
62.00000000
70.00000000
69.00000000
69.00000000
69.00000000
71.00000000
68.00000000
63.00000000
68.00000000
68.00000000
66.00000000
70.00000000
70.00000000
65.00000000
74.00000000
67.00000000
64.00000000
70.00000000
70.00000000
66.00000000
67.00000000
63.00000000
70.00000000
63.00000000
71.00000000
62.00000000
67.00000000
68.00000000
73.00000000
67.00000000
65.00000000
63.00000000
72.00000000
65.00000000
64.00000000
71.00000000
66.00000000
59.00000000
57.00000000
66.00000000
71.00000000
69.00000000
67.00000000
66.00000000
67.00000000
65.00000000
70.00000000
66.00000000
66.00000000
61.00000000
68.00000000
69.00000000
63.00000000
67.00000000
66.00000000
65.00000000
67.00000000
65.00000000
66.00000000
65.00000000
64.00000000
66.00000000
62.00000000
65.00000000
67.00000000
59.00000000
36.00000000
21.00000000
52.00000000
60.00000000
51.00000000
68.00000000
60.00000000
42.00000000
65.00000000
59.00000000
69.00000000
68.00000000
66.00000000
66.00000000
66.00000000
68.00000000
67.00000000
67.00000000
65.00000000
66.00000000
68.00000000
68.00000000
66.00000000
69.00000000
64.00000000
68.00000000
65.00000000
65.00000000
66.00000000
58.00000000
71.00000000
61.00000000
72.00000000
64.00000000
64.00000000
67.00000000
65.00000000
65.00000000
65.00000000
74.00000000
61.00000000
60.00000000
64.00000000
66.00000000
66.00000000
70.00000000
62.00000000
64.00000000
61.00000000
90.00000000
60.00000000
66.00000000
63.00000000
76.00000000
56.00000000
72.00000000
66.00000000
67.00000000
63.00000000
67.00000000
70.00000000
70.00000000
71.00000000
62.00000000
69.00000000
67.00000000
66.00000000
65.00000000
61.00000000
68.00000000
66.00000000
67.00000000
66.00000000
66.00000000
70.00000000
71.00000000
65.00000000
63.00000000
63.00000000
63.00000000
62.00000000
65.00000000
61.00000000
72.00000000
67.00000000
66.00000000
74.00000000
66.00000000
70.00000000
67.00000000
68.00000000
66.00000000
65.00000000
60.00000000
66.00000000
67.00000000
66.00000000
67.00000000
66.00000000
67.00000000
69.00000000
69.00000000
71.00000000
64.00000000
69.00000000
68.00000000
67.00000000
66.00000000
68.00000000
72.00000000
66.00000000
62.00000000
71.00000000
74.00000000
65.00000000
61.00000000
63.00000000
66.00000000
63.00000000
60.00000000
59.00000000
60.00000000
56.00000000
49.00000000
43.00000000
59.00000000
51.00000000
42.00000000
25.00000000
10.00000000
8.00000000
46.00000000
65.00000000
68.00000000
67.00000000
64.00000000
67.00000000
62.00000000
66.00000000
68.00000000
65.00000000
65.00000000
68.00000000
66.00000000
64.00000000
64.00000000
63.00000000
63.00000000
67.00000000
63.00000000
66.00000000
67.00000000
65.00000000
65.00000000
64.00000000
69.00000000
65.00000000
65.00000000
62.00000000
57.00000000
52.00000000
51.00000000
62.00000000
59.00000000
68.00000000
64.00000000
65.00000000
66.00000000
67.00000000
63.00000000
59.00000000
68.00000000
66.00000000
66.00000000
65.00000000
64.00000000
70.00000000
67.00000000
63.00000000
64.00000000
65.00000000
64.00000000
60.00000000
65.00000000
69.00000000
63.00000000
59.00000000
69.00000000
60.00000000
60.00000000
59.00000000
62.00000000
61.00000000
58.00000000
63.00000000
65.00000000
57.00000000
62.00000000
62.00000000
62.00000000
64.00000000
63.00000000
57.00000000
59.00000000
63.00000000
67.00000000
65.00000000
61.00000000
61.00000000
60.00000000
67.00000000
57.00000000
59.00000000
60.00000000
58.00000000
66.00000000
69.00000000
62.00000000
65.00000000
65.00000000
61.00000000
64.00000000
65.00000000
65.00000000
66.00000000
61.00000000
64.00000000
69.00000000
59.00000000
71.00000000
66.00000000
66.00000000
67.00000000
68.00000000
64.00000000
68.00000000
69.00000000
71.00000000
66.00000000
70.00000000
71.00000000
68.00000000
62.00000000
67.00000000
63.00000000
71.00000000
64.00000000
70.00000000
67.00000000
67.00000000
66.00000000
61.00000000
69.00000000
67.00000000
70.00000000
71.00000000
67.00000000
59.00000000
69.00000000
69.00000000
68.00000000
72.00000000
68.00000000
62.00000000
64.00000000
66.00000000
60.00000000
66.00000000
71.00000000
56.00000000
63.00000000
67.00000000
64.00000000
67.00000000
62.00000000
65.00000000
66.00000000
65.00000000
73.00000000
67.00000000
62.00000000
68.00000000
62.00000000
67.00000000
63.00000000
68.00000000
69.00000000
69.00000000
65.00000000
61.00000000
73.00000000
66.00000000
51.00000000
50.00000000
34.00000000
24.00000000
7.00000000
14.00000000
7.00000000
32.00000000
17.00000000
8.00000000
6.00000000
8.00000000
20.00000000
8.00000000
23.00000000
74.00000000
65.00000000
67.00000000
74.00000000
59.00000000
65.00000000
64.00000000
64.00000000
68.00000000
73.00000000
71.00000000
67.00000000
66.00000000
68.00000000
65.00000000
57.00000000
70.00000000
66.00000000
66.00000000
65.00000000
66.00000000
64.00000000
55.00000000
30.00000000
11.00000000
12.00000000
33.00000000
43.00000000
1.00000000
19.00000000
23.00000000
53.00000000
60.00000000
56.00000000
44.00000000
57.00000000
55.00000000
63.00000000
68.00000000
70.00000000
62.00000000
66.00000000
67.00000000
68.00000000
67.00000000
66.00000000
68.00000000
69.00000000
68.00000000
71.00000000
67.00000000
64.00000000
64.00000000
64.00000000
63.00000000
65.00000000
64.00000000
65.00000000
66.00000000
63.00000000
67.00000000
62.00000000
61.00000000
62.00000000
65.00000000
63.00000000
61.00000000
59.00000000
56.00000000
65.00000000
63.00000000
67.00000000
63.00000000
57.00000000
58.00000000
68.00000000
62.00000000
64.00000000
66.00000000
65.00000000
57.00000000
61.00000000
58.00000000
62.00000000
61.00000000
63.00000000
59.00000000
64.00000000
64.00000000
59.00000000
66.00000000
63.00000000
57.00000000
56.00000000
53.00000000
66.00000000
61.00000000
56.00000000
58.00000000
62.00000000
64.00000000
65.00000000
73.00000000
63.00000000
63.00000000
66.00000000
62.00000000
72.00000000
56.00000000
52.00000000
61.00000000
51.00000000
64.00000000
60.00000000
59.00000000
38.00000000
53.00000000
56.00000000
53.00000000
68.00000000
56.00000000
62.00000000
65.00000000
61.00000000
64.00000000
60.00000000
58.00000000
62.00000000
67.00000000
61.00000000
59.00000000
60.00000000
59.00000000
59.00000000
63.00000000
55.00000000
54.00000000
64.00000000
63.00000000
67.00000000
62.00000000
67.00000000
65.00000000
63.00000000
61.00000000
69.00000000
65.00000000
63.00000000
65.00000000
71.00000000
66.00000000
64.00000000
61.00000000
65.00000000
65.00000000
62.00000000
64.00000000
61.00000000
59.00000000
64.00000000
55.00000000
62.00000000
61.00000000
66.00000000
61.00000000
69.00000000
66.00000000
68.00000000
69.00000000
66.00000000
66.00000000
64.00000000
63.00000000
68.00000000
62.00000000
66.00000000
71.00000000
67.00000000
66.00000000
62.00000000
62.00000000
62.00000000
59.00000000
56.00000000
41.00000000
63.00000000
46.00000000
47.00000000
63.00000000
50.00000000
46.00000000
33.00000000
23.00000000
26.00000000
19.00000000
27.00000000
