45.86800000
47.60600000
42.58000000
46.03000000
44.99200000
45.23800000
45.75200000
46.47600000
42.75200000
46.15600000
43.35000000
46.29200000
43.42800000
46.31400000
43.68800000
45.40000000
45.85800000
43.13800000
46.02400000
46.50200000
42.60600000
45.47000000
42.65200000
46.48000000
45.47000000
44.88200000
42.50200000
46.10400000
43.88400000
43.94400000
46.05600000
45.65800000
43.66200000
44.07400000
42.91000000
44.32000000
44.71800000
45.65800000
42.63000000
46.47800000
46.43200000
41.76600000
47.00800000
44.94600000
42.11200000
43.85000000
43.78000000
46.11000000
43.66200000
46.80800000
40.58600000
45.87000000
43.61800000
43.63800000
48.41200000
40.61000000
43.40200000
42.32400000
44.56400000
42.85800000
45.63800000
44.32000000
40.91600000
45.58600000
43.69600000
43.90800000
47.04200000
43.49800000
43.77200000
42.64200000
44.19400000
45.63400000
43.17000000
43.73200000
43.49800000
45.49200000
44.74200000
43.21600000
45.84800000
42.82400000
42.23000000
42.44200000
43.47400000
46.66600000
40.97000000
43.73200000
45.16400000
44.78200000
44.08400000
44.96800000
46.10400000
43.68800000
42.33200000
43.75600000
43.70800000
45.49800000
45.77400000
42.31000000
46.68200000
43.49800000
44.09600000
44.02200000
47.57200000
42.25800000
44.20200000
44.32000000
44.01400000
44.98400000
45.59000000
40.69000000
44.17600000
46.26400000
44.10800000
45.58600000
44.90000000
43.58600000
43.55600000
45.77400000
43.12200000
44.83600000
47.37000000
42.03000000
45.61000000
44.96200000
44.81200000
45.63400000
44.51600000
45.16400000
43.56800000
45.21600000
42.88800000
44.70400000
46.28800000
42.60600000
44.62200000
45.96200000
46.23600000
43.26200000
43.94200000
42.58200000
43.67000000
44.14200000
43.79000000
44.88200000
48.68600000
40.93800000
45.58600000
45.73400000
44.55400000
44.43600000
47.67600000
42.60600000
45.49200000
43.08600000
45.30600000
43.53600000
45.69400000
43.24000000
43.12200000
46.33800000
45.82200000
43.09800000
47.74600000
44.42800000
42.83400000
44.75800000
45.89200000
49.01400000
43.52200000
45.63400000
42.54400000
44.99400000
47.08000000
45.24000000
44.08400000
45.79000000
43.24800000
46.84800000
42.86400000
44.20200000
45.91600000
43.92400000
42.99200000
46.38400000
45.77400000
43.81600000
46.69000000
42.39400000
44.60000000
44.03800000
46.12600000
46.64400000
42.63800000
45.23000000
45.98600000
45.07000000
44.39400000
44.78800000
48.87400000
41.97200000
45.56800000
43.12200000
44.20200000
44.55400000
44.88200000
45.25800000
44.36600000
45.60600000
44.43600000
44.22600000
47.47600000
45.16400000
42.91000000
46.78400000
42.54000000
45.40400000
46.19800000
46.33800000
42.53600000
46.50000000
45.88400000
43.45000000
46.25200000
46.08000000
42.77000000
44.64800000
43.36600000
45.46000000
44.50800000
43.15600000
46.43200000
44.83600000
44.43600000
45.00000000
47.66400000
43.87400000
45.62400000
48.38000000
41.73800000
45.44600000
46.64400000
46.35200000
45.14200000
45.60600000
46.39000000
43.31000000
48.12000000
44.33400000
44.79400000
46.76000000
45.08800000
43.39200000
44.88200000
44.86000000
45.11200000
46.78400000
46.99600000
44.68000000
45.49200000
44.57800000
43.36000000
45.83000000
44.88800000
44.40000000
47.55800000
45.01400000
43.73200000
46.85400000
46.24400000
42.95800000
46.64400000
47.54800000
40.65800000
44.71800000
46.58600000
44.12000000
43.80200000
45.02400000
46.36200000
47.46400000
44.06800000
44.08400000
46.64400000
46.29800000
45.29000000
44.53800000
45.78000000
45.93200000
46.09600000
44.81200000
47.05800000
44.79600000
44.57800000
47.34800000
42.79400000
44.64800000
46.59600000
43.21000000
45.14000000
45.09400000
46.31200000
42.58400000
47.39400000
43.10000000
44.44800000
44.20200000
46.78400000
45.98600000
44.50800000
43.63400000
42.97400000
44.87000000
45.71400000
44.53000000
47.39200000
42.88800000
43.78000000
44.39000000
46.17400000
45.37600000
44.32000000
42.51200000
45.39600000
44.03800000
42.40600000
43.92000000
46.05600000
44.43600000
45.07800000
42.87600000
47.23000000
46.17400000
40.79800000
44.10000000
43.78800000
44.74200000
44.93800000
48.36600000
39.71800000
45.68400000
43.97800000
45.09400000
43.12200000
45.65800000
41.83000000
44.83600000
42.55800000
44.50800000
42.35400000
45.36600000
41.97200000
45.70400000
44.63000000
42.04200000
46.01200000
45.56400000
43.56000000
42.18400000
43.66200000
45.47000000
43.33400000
46.19800000
40.77400000
45.89200000
43.63800000
44.90600000
45.43800000
44.27600000
41.92400000
43.33400000
44.89600000
42.75200000
43.38000000
46.38400000
40.30600000
45.77400000
43.54400000
43.75600000
44.88200000
47.15800000
41.78400000
42.45800000
43.54400000
44.27200000
44.97600000
44.86000000
44.36600000
44.01800000
42.67400000
45.32800000
44.01400000
45.70400000
41.76000000
43.46800000
46.38000000
41.27800000
44.08400000
45.42200000
42.13600000
46.36200000
44.17800000
44.32000000
49.23800000
41.64400000
44.69400000
42.86400000
44.10800000
44.74200000
45.18800000
47.46400000
42.34400000
44.41400000
44.32000000
44.27200000
46.52800000
45.98600000
42.51200000
45.61000000
44.44000000
42.98200000
44.24800000
45.84600000
42.35600000
46.92400000
45.02400000
43.07600000
46.40800000
47.09000000
41.57800000
44.27200000
44.46000000
45.00000000
47.06600000
46.52200000
41.97600000
46.66600000
44.46000000
45.04600000
45.73800000
47.92600000
41.52600000
44.71800000
45.79800000
43.09800000
44.89400000
45.04600000
45.44600000
44.17400000
45.16400000
44.18400000
46.24400000
48.09800000
41.88000000
45.38600000
43.15200000
46.53800000
44.22600000
44.64800000
46.33800000
44.92800000
45.01800000
47.38200000
44.39400000
44.86600000
46.13600000
43.11600000
44.41800000
44.86000000
44.22000000
45.97400000
46.24400000
43.63800000
44.57800000
44.49400000
46.50200000
46.15000000
44.53000000
44.93000000
43.09800000
45.23400000
45.96200000
43.15200000
46.47800000
45.18800000
47.19600000
41.76600000
46.19800000
44.41400000
46.83000000
43.65000000
43.19800000
46.31400000
43.87600000
47.41800000
41.22000000
46.50000000
44.59800000
44.71800000
48.59200000
43.81600000
42.72400000
44.24800000
45.32800000
44.44200000
45.35800000
47.58200000
41.55600000
46.87800000
44.22600000
44.88200000
46.87800000
45.82200000
44.84400000
43.82600000
43.00400000
44.93000000
44.53000000
47.51200000
41.41400000
46.57200000
46.05600000
43.33400000
50.14000000
41.23000000
44.78800000
44.50800000
44.90600000
45.54000000
48.20800000
42.41800000
47.29000000
44.18800000
44.50800000
44.67200000
48.07800000
43.08000000
44.63600000
45.43600000
46.08000000
43.78000000
47.61200000
41.47800000
44.43600000
46.94800000
44.90600000
46.94800000
45.44600000
43.05200000
44.46000000
44.55400000
45.49200000
44.64800000
48.73200000
41.15000000
45.91600000
44.03800000
44.61200000
43.57800000
47.01800000
46.45600000
44.36800000
43.54400000
44.93800000
43.83400000
47.02600000
42.36800000
44.46800000
47.09000000
45.96200000
44.65600000
46.42200000
43.38000000
47.04200000
46.33800000
43.17000000
46.74400000
45.56400000
42.77000000
45.14200000
46.15000000
44.60000000
46.36200000
46.71400000
43.22800000
44.79200000
44.50800000
46.42600000
44.62800000
43.37400000
45.89200000
43.06200000
46.52600000
44.76600000
46.20200000
44.29600000
44.95400000
47.08200000
41.87800000
45.32800000
47.04200000
44.16000000
45.98600000
43.13600000
46.29200000
46.03600000
44.61200000
47.01400000
42.72200000
44.47000000
44.77400000
45.72800000
44.75600000
45.25800000
42.52200000
45.63200000
44.99600000
44.48400000
44.36600000
49.23800000
42.82200000
42.88800000
44.32000000
43.85000000
46.66000000
44.78800000
44.01400000
42.53000000
46.26800000
43.73200000
46.24400000
43.42800000
44.24800000
46.43200000
41.38400000
44.00200000
45.51800000
42.42200000
43.96800000
44.97600000
44.66000000
44.95400000
44.64800000
43.85600000
44.15400000
43.94600000
43.89600000
43.66200000
46.68000000
45.82200000
41.15000000
43.94400000
46.03200000
45.23400000
43.92000000
43.63800000
44.83600000
42.31000000
45.07000000
42.53600000
45.47000000
42.13600000
45.34600000
43.49800000
44.46000000
45.37600000
42.58200000
46.97200000
42.61800000
44.03800000
46.47800000
40.58600000
45.42200000
43.82600000
43.25200000
43.82600000
47.13600000
44.36600000
43.33400000
43.94400000
43.80200000
43.91800000
44.05800000
45.51600000
43.26200000
44.19200000
43.14600000
43.50800000
47.82800000
42.30000000
44.08400000
48.00000000
41.85600000
43.80200000
45.64000000
43.47200000
43.45400000
45.20800000
44.32000000
45.00000000
44.98600000
46.05600000
42.32400000
46.12600000
44.57400000
44.72000000
43.90600000
47.52200000
41.05600000
44.48200000
44.01400000
45.45800000
45.35600000
44.24800000
46.33800000
46.69000000
42.06600000
44.62400000
44.32000000
44.71800000
47.30000000
44.93000000
44.46000000
43.19200000
47.86400000
43.26200000
44.57800000
48.38000000
42.86400000
45.92800000
43.33400000
46.22000000
42.95800000
46.42600000
43.07600000
45.07400000
48.24000000
44.13200000
44.20200000
47.86000000
44.63400000
43.26200000
44.71800000
46.17400000
45.35200000
49.02400000
41.99600000
45.28200000
47.04200000
45.54000000
47.23000000
44.81200000
46.66600000
43.09800000
45.94000000
43.85000000
44.57800000
46.17400000
45.29400000
43.61600000
45.75200000
44.97600000
44.94000000
50.07000000
45.96600000
42.41800000
44.48400000
44.90600000
49.01400000
42.78000000
44.65800000
44.75200000
47.60600000
43.64600000
48.04200000
43.23000000
44.81200000
45.75200000
43.25400000
44.98200000
45.94400000
45.10400000
43.45000000
44.48400000
47.95800000
43.21600000
46.48800000
46.83000000
44.36600000
43.12200000
44.39800000
45.35800000
45.66000000
47.65200000
43.45000000
46.76000000
44.67200000
44.55800000
44.53000000
48.42800000
42.88800000
44.83600000
46.05600000
45.25800000
43.26200000
45.47200000
46.71400000
42.86400000
47.34800000
45.40600000
47.29800000
46.24400000
48.56800000
42.32400000
46.72800000
44.11000000
46.23800000
47.16000000
46.25400000
46.08000000
45.37600000
45.68000000
47.06000000
46.30600000
44.20200000
48.61600000
41.97800000
45.51600000
45.33800000
44.99800000
45.65800000
46.94400000
45.78200000
45.70400000
50.90600000
46.82200000
45.89200000
47.18400000
43.59200000
45.61000000
51.19800000
44.69400000
47.58200000
47.25400000
45.84600000
45.89200000
45.22000000
48.75600000
44.64800000
47.34800000
45.61000000
42.98200000
45.78000000
46.19400000
48.42800000
42.38400000
46.28600000
45.72800000
44.29600000
49.93000000
43.90400000
47.57400000
44.48800000
45.40000000
46.45600000
47.79400000
45.98600000
44.93000000
45.74800000
46.29200000
44.15400000
48.61600000
43.41400000
44.06200000
45.19400000
45.03000000
46.82000000
45.32400000
45.61000000
42.09000000
46.83000000
45.40000000
44.76600000
48.83600000
44.86000000
43.99000000
45.12600000
46.52600000
44.14000000
48.18800000
42.64400000
45.96200000
45.44200000
44.67200000
44.61200000
48.61000000
44.30600000
43.84800000
46.41400000
43.31000000
44.83600000
46.74000000
42.85800000
44.29600000
46.14600000
45.93800000
45.70400000
45.30600000
42.81600000
44.06200000
44.55400000
43.37200000
48.61600000
42.48800000
44.27200000
44.29600000
46.33800000
45.84600000
42.65200000
47.25400000
42.84000000
44.43600000
44.10800000
44.23600000
46.26800000
44.39000000
41.81200000
45.42200000
44.78800000
45.93800000
42.51200000
45.98600000
44.23200000
44.41400000
50.21200000
38.49800000
45.07000000
45.81600000
43.99600000
46.03200000
44.71800000
45.42200000
43.42800000
48.98200000
42.00400000
46.50000000
42.58200000
44.27200000
45.54200000
43.27200000
46.51400000
42.68600000
46.62000000
44.32000000
44.41800000
47.36600000
45.14000000
42.79400000
44.50800000
44.69400000
45.11800000
47.70000000
44.46000000
42.93400000
46.99600000
44.50800000
44.29600000
48.00400000
42.81600000
45.77400000
46.04200000
42.13600000
44.48400000
46.67000000
42.99200000
45.18200000
46.56400000
46.33800000
43.96600000
49.06200000
42.53200000
44.62400000
44.88200000
45.14400000
48.65400000
42.63000000
45.12200000
44.80200000
46.64400000
43.87600000
47.20800000
46.62800000
43.90000000
44.64800000
45.37600000
46.62000000
42.86400000
47.58200000
43.24000000
43.22400000
47.30000000
46.57200000
43.61800000
46.77000000
46.32600000
44.99000000
45.16400000
49.62200000
43.33400000
46.43200000
45.00600000
45.09000000
46.78400000
46.94800000
44.79000000
45.61000000
45.25800000
44.58600000
47.36200000
45.96600000
42.37800000
45.54000000
46.31400000
43.73600000
47.53600000
47.84000000
43.26200000
47.86400000
45.21800000
48.85800000
44.13200000
44.85000000
48.26200000
44.78800000
44.43000000
45.00600000
47.18400000
46.66600000
46.40200000
46.55000000
43.68800000
46.74400000
45.10800000
45.44600000
45.37600000
46.59600000
45.89400000
43.43400000
47.46200000
48.07200000
43.49800000
48.81400000
44.60000000
46.57200000
44.43600000
46.50400000
46.85400000
47.01800000
45.52600000
48.52400000
45.11800000
47.20800000
44.11400000
48.42800000
47.65200000
47.81600000
45.28200000
46.33800000
45.54200000
49.95400000
42.06400000
47.65200000
46.55600000
45.75200000
45.91600000
47.27600000
45.71600000
47.00600000
46.52800000
46.85400000
44.12800000
47.01800000
46.08800000
45.82200000
49.71800000
45.25800000
44.57800000
47.51200000
45.65800000
46.99600000
47.90400000
44.88200000
46.64400000
44.62400000
50.99200000
47.53600000
50.93800000
43.87400000
48.09800000
48.21600000
48.09800000
44.93000000
47.67200000
44.57600000
47.18400000
47.27600000
46.03200000
47.09800000
49.52400000
46.03200000
44.50800000
48.54400000
46.12600000
46.22000000
49.55800000
44.34200000
46.63600000
46.97400000
46.45000000
46.35400000
51.05600000
45.83600000
46.52600000
47.27600000
48.93000000
46.99600000
48.21200000
45.11400000
46.52600000
47.51200000
50.23400000
41.99600000
47.72400000
47.86600000
44.08400000
48.31000000
45.37400000
45.54000000
49.03800000
45.37600000
44.62400000
45.51600000
45.93800000
47.17000000
46.78600000
46.92400000
44.03800000
50.00000000
44.02200000
46.71400000
46.55000000
48.80200000
43.99000000
47.95800000
46.53000000
48.75600000
45.32800000
48.70800000
47.20600000
49.39000000
45.58600000
47.93400000
45.75200000
47.88800000
44.18600000
46.36200000
48.82600000
45.65800000
47.71600000
48.58600000
45.91800000
49.17000000
47.46400000
48.10400000
46.07200000
50.84600000
43.05200000
47.96600000
47.18400000
46.47800000
49.81200000
46.87800000
45.02400000
48.10000000
44.89600000
48.31000000
46.83000000
47.09000000
44.93000000
46.20400000
46.71800000
46.65200000
48.64000000
48.56800000
46.92400000
47.91000000
45.20800000
47.09000000
48.26200000
44.62400000
46.38400000
50.11800000
45.75200000
47.06600000
46.15400000
49.29200000
42.55800000
47.27600000
45.00000000
45.96800000
46.79400000
47.23800000
45.93800000
43.73600000
48.17000000
42.93400000
47.41800000
44.98200000
47.41000000
46.29200000
42.80000000
45.23400000
45.22200000
45.42200000
49.86000000
42.70000000
46.55000000
43.68200000
47.51200000
45.62200000
45.51600000
48.94400000
43.68600000
46.73800000
46.94800000
42.74600000
44.82000000
45.86200000
47.51600000
43.78600000
47.96600000
47.16000000
44.46000000
47.48800000
46.26800000
47.25400000
44.39000000
45.68000000
46.66600000
48.23600000
46.29000000
43.60200000
48.17400000
45.47000000
48.40200000
45.39000000
47.59200000
44.49400000
44.72400000
45.93800000
45.56400000
45.40000000
47.23000000
46.31800000
46.59600000
43.99000000
45.45200000
47.98200000
47.91000000
44.34200000
45.82200000
48.68600000
45.25800000
49.15400000
45.11800000
46.94800000
48.39800000
45.68000000
46.64400000
50.42200000
45.51600000
47.79600000
43.37400000
46.74600000
46.08000000
47.93400000
45.43200000
47.41800000
47.93400000
48.71200000
45.32000000
46.13400000
46.33400000
49.03800000
47.37000000
44.34200000
47.06600000
51.97200000
44.59800000
49.51800000
46.36200000
47.65400000
47.84400000
48.81400000
44.95400000
45.77400000
46.41800000
45.88600000
49.27200000
48.61600000
42.53800000
46.52600000
49.05600000
48.61800000
44.57800000
48.40400000
47.81000000
44.83600000
49.22600000
45.40000000
45.63000000
48.02800000
47.74600000
46.77400000
49.56600000
48.73200000
47.20600000
48.08800000
44.29600000
47.09000000
44.17800000
44.94600000
45.73600000
42.70000000
44.32000000
43.92600000
46.73800000
47.41800000
41.91600000
45.07000000
45.25800000
44.69400000
44.37600000
46.16400000
44.93000000
45.16400000
46.93000000
42.01800000
49.36600000
43.51600000
44.75400000
47.63200000
47.83000000
44.22600000
45.63400000
42.63000000
44.08400000
44.29600000
44.24800000
44.76600000
47.91000000
44.48400000
43.59200000
46.04400000
44.95600000
46.83000000
45.25800000
44.64800000
45.11600000
47.74600000
44.71800000
44.64800000
48.42800000
47.81200000
46.79400000
47.18400000
44.65000000
44.80800000
47.27600000
42.70000000
44.79800000
46.57400000
43.70800000
50.04600000
43.45000000
45.00000000
46.22000000
46.71200000
47.46400000
46.33800000
42.46400000
45.45600000
48.65600000
47.16000000
45.07400000
45.65800000
47.88800000
47.79400000
43.78000000
49.09800000
45.47000000
44.48600000
46.69400000
44.86000000
44.96800000
43.28800000
44.08400000
44.36600000
46.36200000
48.00400000
42.96600000
49.54400000
44.08400000
44.27200000
47.03000000
44.15600000
46.57200000
46.33800000
45.86800000
43.56800000
47.86400000
42.01800000
44.40400000
45.84600000
43.63800000
43.82600000
44.93000000
44.39000000
41.92400000
44.17800000
43.33200000
45.54000000
44.06200000
45.58600000
43.49800000
43.66200000
44.88400000
46.22000000
43.54400000
43.59200000
46.20600000
47.30000000
39.47400000
44.27600000
45.28200000
43.77000000
45.42200000
43.89600000
45.37800000
42.09000000
44.54000000
42.86400000
45.51600000
42.28800000
44.05200000
45.30600000
44.08400000
46.05600000
40.96400000
46.45600000
44.09800000
43.26200000
45.03200000
43.59200000
42.86400000
45.56800000
43.82600000
46.87400000
42.93400000
45.70400000
43.47000000
44.50800000
43.70800000
43.68600000
44.06200000
44.28600000
48.43600000
39.41400000
45.15000000
42.70000000
45.72800000
43.85000000
44.01400000
47.09000000
42.01800000
43.86400000
45.79800000
41.78400000
44.71800000
47.12600000
42.30000000
43.78000000
45.63400000
44.95600000
45.49200000
44.55400000
42.06600000
43.73200000
43.92000000
44.01600000
46.69000000
40.42200000
43.85000000
46.45600000
42.86400000
43.56800000
44.27200000
49.51600000
42.71600000
45.58600000
46.26800000
44.11200000
46.40800000
50.60000000
41.50200000
42.75600000
45.32600000
44.78400000
44.88200000
47.23000000
46.66600000
46.19800000
44.56000000
42.61200000
45.30200000
45.75200000
43.11200000
45.26000000
48.14600000
43.45000000
43.80200000
48.27200000
41.15000000
43.85000000
43.86600000
45.21200000
45.28200000
43.47400000
43.79000000
43.73200000
46.97200000
44.41400000
43.28600000
44.41400000
43.69800000
44.12600000
43.53000000
45.75200000
40.75200000
44.06200000
46.45600000
41.47800000
47.70000000
42.05800000
43.70800000
45.68000000
44.24800000
45.07200000
44.64800000
42.77000000
44.57800000
45.23400000
44.27200000
43.66200000
47.40400000
43.79800000
42.38000000
45.86800000
46.66600000
41.03200000
43.74400000
46.01800000
43.05200000
42.44200000
44.22600000
44.06200000
45.51600000
45.98200000
44.97200000
42.74600000
45.11800000
42.60800000
43.93200000
45.70200000
43.12200000
45.32800000
43.94400000
43.68600000
45.60800000
45.18800000
44.34200000
43.42800000
44.12800000
44.25600000
44.20200000
44.55400000
45.66400000
43.11200000
43.04400000
47.23600000
44.10800000
44.24800000
45.37600000
43.97600000
46.60600000
43.02800000
43.82400000
45.89200000
43.02600000
45.35200000
44.03800000
43.89600000
46.98200000
44.72000000
42.14400000
45.67000000
43.70800000
44.08600000
43.84000000
47.66400000
43.37800000
39.43600000
44.24400000
43.91200000
46.06000000
46.05600000
42.17600000
46.80800000
42.87800000
44.34200000
43.96800000
46.01000000
43.47400000
45.30600000
45.32800000
42.72400000
45.21200000
45.56400000
42.16000000
46.78400000
46.55000000
43.17000000
48.87400000
41.69000000
44.42600000
44.69400000
46.57200000
44.69400000
46.83000000
45.30600000
45.98600000
42.38600000
45.67400000
44.17800000
44.11400000
46.01000000
43.47400000
46.10400000
45.47000000
42.72400000
46.97400000
48.20400000
42.55800000
45.77400000
45.07000000
45.04200000
41.59800000
46.02400000
42.78200000
44.86000000
45.86800000
41.78400000
45.72400000
46.90200000
40.84600000
45.65800000
44.13200000
43.98000000
43.92000000
43.89600000
48.60000000
41.73800000
44.93000000
42.72400000
45.41000000
43.80200000
44.34400000
47.44200000
40.76200000
44.36600000
48.14600000
40.68600000
43.96800000
43.94400000
45.78200000
41.92400000
45.77400000
44.27200000
45.09400000
46.98600000
43.14600000
42.01800000
43.91000000
43.31800000
44.43600000
45.07000000
47.15400000
40.74200000
46.01600000
46.60600000
41.43200000
45.04800000
45.49200000
41.64400000
44.88200000
42.45600000
43.91800000
43.58600000
45.70200000
44.49800000
42.84000000
43.78000000
47.12800000
43.94000000
45.55600000
41.85400000
43.94400000
43.70800000
45.84600000
46.57200000
44.68600000
41.87800000
45.65800000
43.87800000
43.85000000
45.25600000
45.82200000
43.40400000
45.35200000
41.06000000
43.94400000
43.87400000
45.72800000
41.95000000
45.22000000
45.49600000
42.89000000
45.30600000
45.00000000
44.64800000
42.37600000
43.92000000
44.47400000
46.73800000
42.69000000
45.15200000
44.08400000
44.15400000
46.92400000
42.79200000
45.13400000
42.38200000
45.68000000
41.94800000
44.17800000
43.52600000
43.94400000
47.34400000
43.59400000
42.41800000
44.08400000
45.65800000
44.09600000
44.12800000
43.59200000
44.88800000
45.37600000
44.24800000
41.50200000
43.59800000
45.41600000
44.32000000
43.94400000
48.42800000
40.49200000
43.87400000
43.85000000
46.22000000
41.55000000
45.30600000
42.20600000
44.83600000
44.31000000
44.23000000
44.10800000
45.93800000
45.02400000
40.93200000
43.75600000
44.95400000
43.64200000
47.27600000
42.17000000
44.08600000
45.21200000
46.47800000
41.24400000
47.09000000
43.02800000
42.55800000
43.92000000
43.71600000
43.61600000
45.79800000
44.64000000
42.34800000
43.96400000
44.71000000
43.82600000
47.09000000
42.23000000
44.20200000
43.68600000
47.62000000
40.56400000
45.59800000
44.05400000
45.54000000
43.82600000
43.75600000
45.14200000
44.22600000
46.49800000
42.95800000
41.97200000
43.80200000
43.85000000
43.85000000
45.02400000
44.36000000
44.37600000
43.99000000
45.51600000
43.61600000
44.36600000
45.61600000
43.43600000
42.44200000
44.90000000
45.58600000
44.06200000
45.68000000
43.62400000
44.40000000
42.72400000
45.61000000
45.47000000
41.76000000
44.36600000
43.94400000
44.88200000
42.70000000
48.43800000
39.61200000
45.75200000
44.10800000
44.14600000
46.96000000
44.34200000
41.97200000
44.01400000
43.70800000
44.72400000
44.62400000
45.84600000
43.34800000
45.14000000
45.11800000
45.16400000
48.66200000
43.35600000
47.11200000
44.34200000
43.52200000
44.43000000
46.87800000
43.12200000
44.53000000
45.56400000
45.25800000
45.25800000
45.06800000
43.87400000
45.79800000
45.70400000
45.50200000
49.62400000
43.42800000
45.74200000
48.05200000
44.50600000
45.61000000
46.06600000
50.37600000
42.45200000
46.85800000
45.42200000
45.44600000
48.31000000
45.03000000
46.09200000
44.97600000
47.64000000
46.28200000
46.04000000
49.51800000
44.04600000
48.41600000
43.21600000
45.79800000
46.45000000
48.94400000
43.99000000
45.84600000
47.69000000
46.97800000
47.18400000
44.67200000
45.86800000
45.26000000
45.72800000
47.16000000
44.93000000
44.97600000
45.60400000
48.00400000
44.06200000
46.54800000
43.96800000
48.73200000
47.79400000
43.94400000
46.18200000
47.64800000
44.82400000
47.51200000
45.66600000
47.33600000
46.48200000
49.25400000
44.21000000
47.89800000
46.33000000
47.70000000
44.74200000
48.59200000
44.60000000
44.06200000
46.40800000
45.63400000
49.43600000
44.60000000
48.05200000
45.72800000
47.32400000
44.95400000
45.70400000
47.91000000
42.27000000
45.67000000
44.22600000
44.93000000
46.36200000
45.96200000
44.98400000
44.55400000
44.92800000
44.62400000
43.70800000
46.26800000
42.34800000
43.80600000
43.89600000
48.80200000
42.39400000
44.17800000
45.75000000
43.68600000
44.93000000
44.17800000
45.30600000
42.17000000
48.56200000
40.77400000
44.29600000
43.87400000
45.85400000
45.44600000
43.19200000
47.11400000
42.18400000
46.57200000
41.40800000
44.34200000
45.68000000
44.50800000
42.13600000
44.20200000
46.08000000
45.00000000
47.11200000
46.15400000
41.26800000
43.41000000
44.10800000
44.46000000
45.10400000
49.26800000
42.25400000
45.14000000
47.16000000
41.38400000
44.10800000
47.63000000
42.25400000
43.85800000
43.84600000
44.97600000
42.74600000
45.99600000
42.84000000
42.88800000
45.58600000
44.17800000
45.30600000
46.12600000
42.72600000
44.23800000
44.43600000
46.38000000
44.50800000
47.09000000
45.25800000
42.29200000
46.03200000
44.69400000
44.71800000
46.08000000
49.97600000
38.21600000
44.71800000
46.04600000
46.18400000
45.04600000
44.18000000
46.10400000
45.34000000
43.32200000
47.11200000
43.01600000
46.29200000
42.41800000
43.97200000
43.89600000
46.15000000
44.41400000
45.91600000
45.09400000
43.24000000
44.29600000
44.19200000
46.71400000
44.50800000
42.20600000
43.96800000
43.75600000
46.38400000
41.26800000
45.51400000
43.35600000
44.50800000
44.10800000
30.48200000
51.60000000
40.61000000
39.90600000
44.42600000
43.49800000
42.88800000
46.52600000
43.07600000
44.20200000
46.85400000
42.25000000
43.92000000
45.68000000
45.14000000
42.77000000
45.93800000
42.30000000
44.42000000
43.61600000
43.85000000
43.75600000
48.99000000
40.70400000
44.62400000
44.67800000
44.62400000
43.75600000
45.90000000
43.28600000
43.31000000
45.24800000
44.20200000
46.99600000
44.78800000
42.44200000
44.27000000
47.06600000
43.12200000
44.10800000
45.86800000
42.25400000
46.72200000
41.19800000
44.97800000
45.18400000
43.73200000
44.22600000
42.30600000
45.37600000
44.35600000
47.16200000
43.42800000
41.45600000
44.61800000
45.35200000
46.05600000
42.47600000
47.16000000
43.14600000
44.17200000
48.35600000
43.24000000
42.25400000
43.99000000
45.19800000
42.67600000
46.26800000
41.76200000
43.87400000
47.18400000
42.25400000
47.16000000
42.37000000
44.72000000
44.20200000
44.05200000
44.32000000
43.56800000
47.39400000
40.61000000
42.88800000
46.17400000
44.43600000
45.07200000
47.34800000
43.17600000
44.36600000
48.18400000
41.22400000
44.90600000
45.81200000
42.32400000
44.17800000
45.92400000
45.63400000
42.88800000
47.73800000
45.25800000
41.85400000
46.12800000
44.32000000
46.21200000
46.16400000
42.41800000
44.30800000
48.41400000
41.85400000
46.62000000
47.81600000
44.72400000
44.60000000
42.72400000
43.89600000
44.06200000
50.03400000
36.89000000
44.08400000
46.19000000
44.41400000
44.39000000
48.19200000
43.68800000
43.02800000
44.43600000
44.67200000
44.62200000
47.79400000
43.06400000
45.40000000
44.62400000
44.78800000
44.41400000
50.59600000
39.98600000
44.29600000
45.35200000
42.98200000
45.11800000
44.34400000
45.91600000
42.37000000
46.85400000
44.67200000
43.59800000
47.95800000
42.74600000
44.26200000
44.09200000
44.58000000
45.04600000
51.76800000
38.47400000
44.48200000
46.01000000
44.57800000
44.43600000
47.63000000
43.75600000
43.14600000
47.79400000
41.33800000
45.86400000
43.07600000
45.29800000
43.51200000
45.85400000
46.85200000
45.14000000
43.05400000
44.50800000
45.51400000
42.81600000
46.34400000
43.85200000
45.51600000
44.40200000
44.45600000
47.13600000
44.53000000
44.71600000
44.15400000
43.90600000
44.81200000
44.86400000
44.57800000
44.99800000
50.03200000
41.55000000
43.78000000
47.06600000
43.55400000
44.83800000
48.33400000
43.12200000
44.24800000
45.26200000
41.29200000
44.68600000
45.54400000
46.03200000
41.85000000
45.98600000
45.61000000
42.65600000
45.51600000
48.68600000
39.50800000
42.33800000
44.17800000
45.30600000
41.47800000
43.94400000
45.63000000
44.15400000
44.41400000
46.71400000
44.55000000
42.97400000
45.91600000
42.20600000
44.95400000
45.49200000
45.56400000
47.56200000
45.07000000
47.06600000
42.98200000
44.55400000
45.73600000
44.08400000
47.55800000
41.10400000
44.27200000
44.41400000
46.92400000
42.09000000
46.53800000
45.75200000
43.06800000
44.39000000
45.93800000
44.89600000
47.72400000
39.97800000
45.84600000
44.26200000
45.97000000
44.46200000
46.65200000
44.32200000
44.79200000
48.40600000
41.80800000
42.81800000
46.15000000
42.55800000
44.55000000
44.46400000
45.23800000
44.81200000
44.82200000
43.45000000
44.12200000
44.63000000
46.28400000
44.36600000
47.51200000
40.98600000
44.13200000
47.63000000
42.91000000
45.58200000
42.39400000
47.39400000
42.91400000
44.27200000
45.90000000
45.98600000
42.53600000
46.85600000
42.91000000
42.93400000
44.30000000
46.06200000
42.50800000
46.04200000
44.38400000
45.90000000
44.20600000
46.36200000
44.27600000
42.19000000
44.10800000
44.71200000
45.32600000
45.12600000
45.00000000
44.16000000
44.48400000
44.62400000
43.94400000
43.94400000
47.55800000
41.29200000
44.13800000
44.36800000
44.23600000
44.46000000
46.36200000
46.59600000
42.86400000
42.84000000
45.70400000
44.75600000
44.42600000
46.03200000
42.41800000
46.19800000
44.13200000
46.87800000
41.85400000
47.74600000
42.55800000
44.43000000
47.03400000
41.47800000
43.89600000
45.96200000
45.10600000
41.66000000
44.22600000
45.30600000
44.12600000
44.23600000
44.29600000
44.29600000
45.70400000
46.87800000
44.82400000
40.96200000
44.24800000
44.74800000
45.21200000
42.53800000
46.12600000
45.10400000
42.86400000
46.36200000
44.10800000
44.69400000
44.35000000
42.66600000
45.75200000
43.00400000
44.23800000
44.38400000
44.29600000
50.89200000
39.65400000
44.46000000
47.49000000
43.12600000
44.01400000
45.91600000
40.96200000
44.95400000
48.06800000
41.61200000
45.79800000
44.77200000
46.03200000
42.81600000
45.65800000
44.50800000
44.09600000
49.86000000
38.31400000
44.17800000
43.91000000
44.77600000
45.56400000
48.51800000
42.65000000
45.75200000
49.76600000
48.12200000
40.51000000
46.87600000
42.55800000
44.74200000
48.26200000
41.55000000
44.36600000
48.19600000
45.98600000
42.93400000
47.23000000
44.48400000
45.32800000
44.86000000
42.30000000
44.67600000
45.82200000
45.23400000
46.03600000
45.51600000
42.98200000
43.96800000
45.82200000
44.69400000
44.10800000
45.91600000
43.59600000
43.54400000
47.13600000
43.05200000
44.64800000
47.93400000
42.51600000
45.77400000
44.24800000
44.29600000
44.97600000
49.27200000
39.54200000
44.08400000
45.63400000
42.98200000
44.06800000
48.26200000
42.32400000
44.21400000
48.75600000
41.83000000
45.41200000
44.64600000
42.48800000
44.64400000
45.42200000
44.24800000
45.80000000
49.67200000
43.60600000
41.93400000
45.71800000
44.79200000
44.53000000
45.87600000
42.53600000
44.20200000
45.56400000
45.02400000
42.13600000
45.86800000
46.15000000
40.83800000
45.89200000
44.29600000
45.42200000
42.86400000
48.53200000
40.54000000
45.58600000
44.41400000
44.32000000
46.05600000
47.65200000
41.24400000
46.01000000
47.32400000
41.59800000
44.17800000
44.29600000
45.91600000
43.61600000
42.89200000
44.13200000
46.10400000
47.23000000
43.35600000
45.96200000
46.50200000
42.23000000
44.76600000
46.03200000
45.37600000
47.34800000
45.11800000
43.59200000
44.93000000
44.86000000
44.85000000
48.60800000
42.44200000
44.32200000
45.97600000
46.80400000
41.66600000
44.88200000
46.92400000
44.41600000
47.84000000
47.15000000
43.75400000
46.64400000
46.47800000
44.89000000
41.66600000
44.06200000
46.47800000
46.36200000
46.19800000
42.90000000
46.70200000
44.57800000
47.29000000
44.39600000
43.02800000
46.50200000
42.72400000
44.41400000
44.48400000
44.83600000
44.43600000
48.22600000
45.02400000
42.88800000
44.83600000
45.91600000
44.68800000
44.29600000
46.17400000
43.75800000
43.96800000
48.17000000
41.57600000
44.67200000
48.02800000
42.77200000
45.77400000
44.43600000
44.09200000
44.29600000
46.57200000
43.72000000
42.39400000
44.17800000
45.74000000
43.07600000
46.26800000
46.08600000
42.58200000
45.89200000
45.16400000
43.59200000
45.51600000
44.91200000
43.22800000
45.18800000
44.09800000
44.62400000
46.15000000
47.23000000
42.16000000
44.14200000
43.80000000
44.31800000
44.29600000
44.13200000
45.75800000
44.67200000
42.41800000
44.95000000
44.97600000
44.22600000
44.20200000
48.83000000
39.93000000
44.44800000
44.49400000
44.72600000
46.57200000
47.00800000
43.05800000
43.19200000
45.91600000
44.26600000
44.22600000
47.84000000
42.44200000
45.33000000
45.02400000
42.09000000
44.17800000
46.30400000
42.53600000
44.13200000
46.84800000
43.17600000
44.60000000
48.59200000
43.85000000
42.72400000
44.25200000
45.47000000
42.17800000
45.89200000
46.10400000
41.38400000
45.79800000
45.93800000
40.56400000
46.86200000
44.78800000
42.59600000
44.50000000
44.13200000
44.32000000
44.26200000
50.71000000
38.33400000
45.82600000
41.54600000
47.40400000
44.96200000
47.07600000
43.17400000
46.38800000
45.01600000
48.96800000
43.64600000
46.06600000
49.67600000
43.56800000
46.97200000
45.63400000
45.58000000
45.25800000
49.94000000
40.96200000
44.95400000
43.81600000
45.86600000
45.32400000
49.57800000
43.51200000
43.96000000
48.35600000
46.59400000
43.04000000
45.38400000
47.04200000
44.29600000
46.92400000
46.80800000
44.11600000
49.27200000
43.75000000
48.01400000
44.37800000
45.54000000
48.78000000
42.46400000
45.23400000
43.90800000
45.62400000
45.35200000
48.12200000
46.29200000
44.68400000
44.69400000
46.79800000
45.51000000
45.56400000
47.17600000
43.28600000
49.28200000
46.20200000
44.60400000
45.70400000
49.62400000
43.96800000
45.91600000
47.30000000
45.27400000
46.76000000
49.06200000
40.84600000
45.65800000
45.68000000
46.43200000
46.47800000
51.02600000
42.50000000
46.57400000
50.14000000
43.05200000
45.56400000
47.48800000
46.88400000
45.28200000
47.04200000
45.68000000
45.77400000
51.82200000
43.98000000
47.16000000
46.17400000
45.67800000
45.25800000
47.48800000
43.56400000
45.75600000
49.32000000
41.80800000
45.66800000
49.52600000
44.20800000
46.05600000
47.32400000
47.32400000
44.53000000
45.54000000
48.59200000
43.48000000
45.82200000
45.82200000
47.53600000
46.59600000
47.98200000
42.79800000
47.63000000
48.28600000
43.00800000
47.06600000
46.64800000
43.71800000
45.37600000
45.61000000
45.63400000
47.77800000
47.27600000
45.29400000
47.68200000
43.66000000
45.91600000
46.01000000
47.25400000
44.57400000
48.59200000
44.57800000
45.98200000
50.44600000
45.56000000
44.24800000
46.97200000
46.78400000
44.10800000
45.67000000
47.35000000
43.38600000
45.76400000
47.27600000
44.22800000
47.44200000
45.90200000
44.13800000
47.39400000
45.84600000
45.86800000
45.63400000
51.87800000
40.58600000
46.78400000
45.38800000
46.03400000
47.11600000
49.67200000
43.47200000
48.70800000
44.01400000
46.83000000
44.10800000
45.84600000
47.19200000
43.66200000
47.11200000
44.26800000
47.99400000
45.61000000
45.50400000
50.75000000
40.84600000
47.41800000
44.24800000
46.55000000
44.65800000
48.10800000
43.45000000
45.68000000
50.16400000
44.29400000
44.24800000
47.16000000
47.30000000
43.71800000
45.66000000
44.97400000
44.71800000
46.25400000
44.25200000
43.33400000
46.55800000
43.58800000
44.94400000
48.16600000
45.50800000
41.94800000
46.81800000
41.73800000
45.70400000
45.11800000
48.45000000
42.42800000
47.09000000
45.28200000
43.42800000
49.03800000
42.04200000
46.53200000
44.40600000
43.52200000
44.90600000
45.04600000
44.77400000
44.77600000
48.42800000
43.42800000
45.47200000
45.46800000
45.07000000
45.47000000
47.39400000
42.74600000
45.55400000
45.97600000
47.63000000
42.26800000
48.78000000
43.56800000
45.00200000
46.42600000
45.21200000
46.10400000
43.94400000
49.72400000
40.52000000
44.93000000
44.88000000
44.48400000
48.07200000
45.21200000
43.28600000
46.49000000
47.72400000
42.11200000
44.78800000
48.12200000
42.26000000
45.64600000
44.86000000
44.94200000
47.15600000
49.93000000
41.80800000
45.35200000
44.93000000
44.93000000
45.07000000
46.98600000
43.18000000
45.55400000
46.55000000
45.44600000
45.72800000
45.04600000
47.13600000
45.21200000
45.30600000
46.50200000
43.90800000
45.50400000
48.35600000
45.68000000
41.44400000
46.10600000
47.79400000
46.92400000
45.93400000
45.72800000
43.96000000
45.18800000
44.86000000
47.13000000
45.96200000
41.44600000
44.95400000
45.11200000
46.90800000
45.14600000
47.51200000
46.22000000
43.19200000
45.84600000
42.90400000
44.36600000
47.04200000
43.89600000
45.86800000
43.33400000
46.19800000
44.57800000
47.32400000
45.16400000
42.75000000
44.22600000
45.96200000
43.24000000
44.53000000
44.26200000
46.45200000
45.01200000
43.47200000
45.99800000
43.38000000
46.77600000
44.76600000
47.19400000
43.53400000
45.37200000
49.10800000
42.77000000
44.92800000
46.92400000
44.71800000
45.32800000
45.41600000
47.79400000
43.28600000
49.13200000
39.71200000
44.53000000
44.90600000
44.50800000
44.51600000
47.48800000
42.91000000
44.32000000
47.09600000
43.63800000
44.62400000
46.64400000
44.36600000
46.42200000
44.26400000
45.79800000
46.47800000
45.54000000
43.80800000
44.90600000
46.08000000
45.47000000
46.41800000
42.77000000
44.88200000
44.50800000
47.37000000
43.28600000
43.38000000
46.36200000
44.60000000
44.62400000
44.46000000
46.52200000
45.11800000
48.05200000
43.15000000
45.29000000
47.70000000
47.01800000
47.18400000
49.17400000
47.04600000
43.31000000
47.24200000
43.87400000
44.43600000
44.39000000
46.31400000
44.08400000
43.26200000
44.24000000
44.57600000
44.41400000
48.82600000
43.25000000
43.77200000
45.09400000
44.81200000
44.97600000
44.25000000
44.32000000
47.04200000
43.78000000
46.59600000
44.61200000
46.03200000
44.81200000
46.36200000
44.20200000
44.34200000
44.32000000
45.56400000
43.33400000
49.43600000
40.23400000
44.10800000
44.92600000
45.92600000
46.60800000
48.63800000
44.90600000
44.57800000
47.53600000
42.16000000
44.42800000
48.54400000
42.44200000
44.57800000
44.81200000
46.29200000
44.74200000
46.08000000
45.35200000
43.42000000
43.49800000
44.39000000
44.60000000
47.31400000
42.86400000
44.55600000
44.81200000
47.91000000
44.78800000
42.51200000
43.49600000
45.51600000
45.07000000
44.43600000
46.62000000
46.87800000
45.32800000
44.80200000
47.69000000
41.99600000
45.23400000
44.64800000
46.80800000
42.79000000
44.90600000
44.74200000
44.83000000
46.76000000
45.63400000
41.88400000
44.43600000
45.11800000
44.93800000
45.09400000
47.95800000
43.35600000
46.29600000
46.12600000
41.57000000
45.51600000
47.61400000
43.01400000
45.46600000
46.33800000
46.33800000
43.45000000
48.87400000
44.20200000
42.72000000
43.24000000
44.59000000
46.87200000
43.26200000
48.80200000
43.56800000
46.78400000
47.46400000
42.18400000
47.46400000
45.44600000
43.88800000
45.32800000
44.72600000
45.32000000
45.86800000
51.10400000
40.43600000
46.99000000
45.38000000
45.68000000
47.06600000
44.90600000
46.72200000
44.04200000
43.14600000
43.62400000
47.77000000
44.71800000
47.46400000
45.67400000
46.15000000
44.10800000
47.60600000
45.19000000
47.66600000
45.35200000
44.27200000
48.03200000
46.40800000
45.37600000
46.76000000
44.91400000
45.93800000
45.82200000
49.69400000
43.79000000
44.61600000
46.29200000
43.56800000
44.32600000
45.04600000
46.83600000
44.64800000
50.57400000
43.99000000
43.52200000
46.73800000
44.55600000
46.10400000
43.02800000
46.00200000
43.99800000
48.17000000
42.44200000
44.76600000
46.85000000
48.63800000
42.20600000
48.17000000
46.01000000
45.28200000
44.60000000
49.22600000
45.30600000
45.82200000
45.07000000
46.17400000
47.84000000
46.24400000
49.53000000
46.31400000
50.99400000
42.34400000
46.36200000
48.33400000
45.32800000
47.93400000
46.50200000
48.52000000
47.10600000
50.56400000
42.79400000
48.27400000
46.71400000
46.53600000
46.51200000
50.02800000
43.12000000
46.15400000
46.29200000
48.92000000
45.52000000
46.68400000
48.59200000
46.26800000
47.89800000
45.57000000
47.04000000
48.61600000
45.51400000
50.91600000
42.01800000
46.17400000
45.39600000
47.52200000
43.05200000
46.59200000
45.08200000
49.94400000
42.05400000
48.00400000
43.60400000
45.79400000
45.42200000
45.44600000
47.27600000
48.73200000
41.66600000
50.06400000
42.30000000
44.79200000
45.00000000
45.89200000
48.07600000
44.15400000
46.29200000
43.94400000
46.99600000
48.10400000
45.78200000
46.29200000
46.04400000
45.41400000
45.64400000
45.35200000
42.60400000
44.81400000
47.63000000
41.95600000
46.33800000
46.66800000
45.56400000
44.71800000
44.88200000
45.35200000
44.90000000
47.27400000
46.81600000
45.86800000
44.86000000
44.97600000
46.30400000
46.50200000
43.60200000
46.88000000
45.58600000
47.88800000
42.46400000
46.55600000
42.72400000
44.60000000
44.57800000
44.60000000
46.15000000
48.31000000
44.13200000
43.40400000
44.64800000
45.12800000
45.84600000
47.48800000
43.73200000
48.31200000
44.36600000
48.63800000
44.89000000
47.72400000
43.78000000
47.60600000
46.36200000
43.56800000
44.39200000
46.55000000
42.74600000
49.01400000
43.94400000
45.18800000
46.74000000
47.57000000
41.89200000
49.98000000
45.78600000
45.41200000
45.80000000
44.97200000
47.99400000
44.32000000
43.04000000
44.88200000
46.52600000
44.97600000
46.85400000
44.74200000
45.89200000
54.50800000
43.70800000
44.78800000
65.68000000
99.24800000
53.56800000
47.11400000
47.79400000
43.45000000
45.57600000
50.42200000
41.64400000
45.32800000
45.08600000
46.38400000
45.14800000
46.47800000
46.71400000
43.43600000
47.20600000
47.80800000
42.48200000
50.21200000
41.59600000
44.71800000
44.97000000
45.10200000
44.44000000
46.33800000
47.78200000
40.17800000
46.26800000
45.09400000
44.84800000
46.98400000
46.56000000
44.38000000
44.08000000
47.29600000
42.74600000
44.35200000
46.64400000
43.26200000
48.46400000
43.30200000
44.93600000
46.41000000
45.38800000
46.31400000
42.65200000
45.77400000
43.53000000
44.73600000
45.86400000
45.11800000
44.78800000
44.86000000
46.25200000
48.07600000
45.44600000
46.85400000
42.88800000
44.97600000
45.49200000
44.67200000
46.15000000
46.39200000
44.03800000
45.18800000
45.00000000
46.59200000
44.92000000
48.02800000
41.49200000
44.75200000
47.35000000
41.78600000
44.67200000
46.78000000
44.83600000
46.22800000
43.29000000
46.14600000
46.76000000
41.80800000
45.75200000
43.92000000
45.97600000
49.27400000
41.76200000
45.27200000
46.86200000
45.24200000
45.28200000
49.27200000
44.32000000
44.55400000
43.47200000
44.82600000
45.09400000
45.14000000
44.62400000
44.48200000
51.07400000
41.45600000
43.52200000
46.15200000
44.64800000
44.69800000
46.47800000
42.85400000
47.08400000
47.34800000
41.87400000
44.62400000
46.40800000
46.71400000
42.81600000
47.32400000
43.17200000
46.10400000
43.42800000
46.26800000
42.74600000
44.67200000
45.73200000
43.35600000
46.40800000
44.69000000
47.12200000
47.06400000
43.00400000
44.80200000
45.90400000
43.33400000
47.39400000
44.05800000
44.60000000
44.78800000
47.46400000
44.92800000
45.44600000
44.43600000
44.66200000
44.73200000
44.83200000
44.62000000
46.55000000
46.78400000
40.58600000
45.20200000
47.39800000
45.07000000
45.79600000
50.16600000
44.02200000
47.06600000
44.15800000
46.19800000
46.07200000
47.51200000
46.90200000
43.45600000
47.08000000
46.31600000
43.59200000
45.98400000
46.78400000
42.48800000
44.50600000
44.93000000
46.03200000
42.98200000
46.38400000
43.17000000
46.02000000
48.21600000
42.51000000
47.47600000
43.43400000
45.03800000
46.81000000
43.16000000
45.11200000
45.93800000
48.61600000
40.81000000
46.56800000
46.73800000
43.00400000
46.55000000
45.18800000
44.52000000
46.56400000
45.50400000
45.92600000
43.34600000
45.92800000
46.15000000
49.62400000
44.62400000
44.71800000
47.88800000
45.37600000
45.70400000
49.36600000
40.06200000
45.33200000
47.27600000
43.58000000
44.74200000
48.42800000
43.00400000
45.00000000
46.38400000
47.09400000
42.19600000
48.69200000
41.62000000
44.90600000
45.40000000
46.69000000
46.00600000
48.75600000
44.22600000
45.07000000
44.71800000
44.62400000
45.47000000
46.66600000
42.98200000
46.94800000
44.69400000
44.67200000
45.02400000
48.31000000
43.11200000
45.16400000
47.84600000
44.41400000
46.76000000
48.82600000
43.20600000
45.43200000
44.91400000
44.99000000
45.86800000
45.40000000
46.71600000
42.95800000
46.63200000
45.24600000
45.04600000
50.55200000
43.56800000
45.79800000
46.47800000
44.60000000
44.96600000
46.85400000
48.56800000
42.20600000
46.29200000
47.53600000
42.30600000
44.90600000
47.14600000
44.27200000
43.47600000
45.23400000
44.52400000
46.58000000
46.90200000
44.50800000
47.11800000
43.80200000
45.58600000
47.34800000
46.31200000
49.89600000
45.75200000
48.06000000
47.76200000
45.37000000
45.69400000
47.23000000
44.50800000
44.57800000
44.89200000
44.71800000
45.32800000
45.85200000
42.01800000
44.48400000
45.04000000
46.69000000
45.11800000
48.33400000
42.97400000
44.73200000
47.87800000
42.11200000
44.71800000
47.51200000
45.07000000
48.20000000
45.18000000
48.74000000
48.80000000
46.88400000
43.57600000
45.24200000
46.14200000
43.61400000
46.76000000
42.45200000
44.78800000
44.78800000
47.46400000
44.17400000
48.12200000
41.87800000
46.47800000
44.56800000
45.05400000
44.64000000
46.45600000
44.83600000
46.90200000
42.04200000
44.76600000
46.63200000
44.97600000
46.71400000
46.18800000
43.54400000
44.72200000
44.74200000
47.39400000
43.92000000
42.72400000
45.94800000
43.29200000
46.59600000
44.69400000
49.12200000
44.32000000
47.52400000
43.23000000
43.38000000
45.11800000
47.63200000
43.92000000
45.25400000
44.90600000
46.47800000
46.97000000
44.27200000
44.50800000
44.64800000
44.64800000
44.86000000
46.45600000
44.20200000
43.53800000
46.01000000
44.54600000
45.16400000
46.73800000
42.98200000
47.84000000
43.58200000
45.34400000
44.57800000
47.97000000
41.85400000
46.62000000
45.19200000
43.47400000
46.40800000
46.80800000
43.05200000
46.12600000
45.89200000
44.55400000
46.44200000
41.50200000
44.69400000
43.54400000
44.83600000
46.46000000
44.78800000
47.51200000
42.16000000
46.83000000
44.39000000
46.92400000
42.79400000
44.54600000
47.06600000
44.75200000
45.23400000
46.36200000
45.02400000
44.93000000
44.93000000
47.63000000
41.73800000
44.74200000
46.68000000
42.79400000
45.70400000
43.74600000
46.79000000
42.64200000
48.59600000
42.81600000
44.46000000
46.12400000
44.72800000
47.60600000
43.75600000
44.01400000
43.94400000
45.77400000
44.62400000
44.43600000
48.19200000
44.28800000
45.38800000
45.07000000
44.78800000
47.53400000
41.90200000
44.64800000
46.05600000
43.18200000
44.98000000
44.88200000
47.90400000
43.29200000
46.19800000
45.02400000
46.24400000
43.49800000
46.74600000
44.20200000
44.04400000
45.84600000
43.08600000
46.33800000
46.57200000
45.46000000
42.75400000
46.15000000
45.87400000
43.52200000
46.62000000
44.22600000
44.69400000
43.47400000
44.57800000
44.64800000
48.52200000
44.55400000
42.31600000
47.70000000
43.28600000
44.90600000
45.84600000
45.18800000
43.45000000
45.99800000
47.18400000
42.16000000
46.50200000
46.65000000
42.91000000
46.40800000
46.10400000
44.93600000
43.74200000
47.47800000
41.31400000
44.48400000
44.82600000
44.88600000
46.62000000
50.00000000
40.47000000
46.10200000
43.28600000
45.11800000
44.29600000
46.43200000
43.54400000
47.13600000
43.32400000
45.98600000
45.51600000
46.97200000
44.32000000
45.16400000
45.07000000
46.08000000
43.73400000
46.78400000
44.16800000
43.60600000
44.62400000
45.75200000
45.04600000
48.19200000
41.73800000
46.23400000
44.97000000
45.09400000
44.94400000
46.36200000
45.96200000
45.32800000
45.69400000
43.65000000
46.65000000
45.25800000
47.06000000
44.55400000
46.47800000
43.36400000
47.91000000
43.44400000
47.09000000
43.00400000
45.11800000
44.90600000
46.89800000
48.33200000
44.53000000
46.03200000
43.61000000
45.30600000
45.28200000
44.70800000
49.08200000
42.77000000
46.62000000
43.54400000
48.37400000
43.80200000
46.92400000
44.47400000
46.57600000
43.45000000
45.18800000
45.07000000
46.76000000
43.01800000
46.50400000
44.98600000
45.36000000
44.95400000
47.28800000
44.35600000
45.40000000
46.22000000
45.45600000
44.34200000
46.69000000
44.06200000
45.54000000
45.52400000
46.81600000
46.67600000
46.24400000
44.06200000
46.31400000
43.61600000
45.12800000
44.71800000
46.94800000
43.94200000
43.54400000
44.93000000
47.91000000
44.06200000
47.84800000
43.68800000
46.61000000
44.83800000
53.73200000
45.07000000
45.64600000
48.21400000
43.48000000
44.64000000
49.90200000
42.26600000
45.15400000
48.55600000
43.19200000
44.54600000
45.18400000
46.26800000
45.22600000
44.36600000
43.59200000
44.81200000
46.87800000
45.07000000
46.64400000
47.84000000
47.25400000
44.22600000
43.59200000
45.52600000
44.99800000
47.27600000
43.75600000
46.83600000
45.13800000
44.90600000
46.65800000
43.73200000
47.30000000
44.19800000
43.31000000
44.75000000
45.14000000
44.55800000
43.77400000
46.29200000
46.94800000
25.42200000
57.95800000
28.05200000
56.57200000
25.35200000
38.21600000
22.86400000
66.26000000
30.96200000
